,close,date,high,low,open,volume,RSI_14,sma_7,RSI_Trend,ub,mb,lb,band_diff,band_diff_trend
0,1614.5,2020-04-09 09:15:00+05:30,1627.2,1587.7,1587.7,604146,0.0,0.0,,,,,,
1,1637.1,2020-04-09 09:25:00+05:30,1641.0,1610.25,1614.15,351576,100.0,0.0,100.0,,,,,
2,1637.8,2020-04-09 09:35:00+05:30,1643.95,1629.2,1637.25,259020,100.0,0.0,0.0,,,,,
3,1631.5,2020-04-09 09:45:00+05:30,1642.1,1627.05,1638.05,217670,97.74810427145302,0.0,-2.251895728546984,,,,,
4,1645.85,2020-04-09 09:55:00+05:30,1647.2,1631.0,1631.0,194379,97.86598473469981,0.0,0.11788046324679158,,,,,
5,1653.65,2020-04-09 10:05:00+05:30,1655.0,1645.0,1645.0,250429,97.92943165011621,0.0,0.06344691541640657,,,,,
6,1650.05,2020-04-09 10:15:00+05:30,1659.0,1649.95,1654.4,162322,96.50333844607663,1638.6357142857141,-1.4260932040395886,,,,,
7,1651.0,2020-04-09 10:25:00+05:30,1659.9,1650.05,1650.1,122559,96.51774965631968,1643.85,0.014411210243054029,,,,,
8,1657.5,2020-04-09 10:35:00+05:30,1658.75,1647.35,1650.0,131117,96.62038306843955,1646.7642857142855,0.10263341211987154,,,,,
9,1638.3,2020-04-09 10:45:00+05:30,1657.5,1637.7,1656.95,254705,88.33811189787052,1646.8357142857142,-8.282271170569032,,,,,
10,1648.6,2020-04-09 10:55:00+05:30,1652.4,1637.95,1638.0,278240,88.88838532695145,1649.2785714285712,0.5502734290809315,,,,,
11,1647.8,2020-04-09 11:05:00+05:30,1654.9,1643.65,1649.6,263493,88.53893823722235,1649.5571428571425,-0.34944708972909666,,,,,
12,1646.95,2020-04-09 11:15:00+05:30,1651.5,1644.05,1647.8,252486,88.14244559811033,1648.6,-0.3964926391120258,,,,,
13,1668.0,2020-04-09 11:25:00+05:30,1672.0,1645.65,1646.1,334591,89.4075206813656,1651.1642857142856,1.2650750832552689,,,,,
14,1682.0,2020-04-09 11:35:00+05:30,1693.6,1668.0,1668.3,338792,90.15948884329613,1655.5928571428572,0.7519681619305345,,,,,
15,1687.9,2020-04-09 11:45:00+05:30,1692.0,1681.5,1682.0,150426,90.4666429638743,1659.935714285714,0.3071541205781756,,,,,
16,1680.3,2020-04-09 11:55:00+05:30,1690.0,1680.05,1687.8,157580,86.71203720890931,1665.935714285714,-3.7546057549649987,,,,,
17,1695.9,2020-04-09 12:05:00+05:30,1698.9,1675.8,1681.05,271177,87.82866815472772,1672.6928571428568,1.1166309458184145,,,,,
18,1687.05,2020-04-09 12:15:00+05:30,1697.65,1686.15,1695.9,193210,83.53974977003404,1678.2999999999997,-4.288918384693687,,,,,
19,1696.45,2020-04-09 12:25:00+05:30,1700.0,1687.05,1687.05,240067,84.41053672506294,1685.3714285714284,0.8707869550289047,1704.3558779543175,1657.9099999999999,1611.4641220456822,92.89,
20,1695.05,2020-04-09 12:35:00+05:30,1699.0,1692.65,1696.95,102532,83.70032556242353,1689.235714285714,-0.7102111626394105,1706.4638479065454,1661.9375,1617.4111520934546,89.05,-4.0
21,1699.5,2020-04-09 12:45:00+05:30,1700.65,1694.15,1695.0,140411,84.15663037098658,1691.735714285714,0.456304808563047,1710.978900526506,1665.0575000000001,1619.1360994734941,91.84,3.0
22,1699.3,2020-04-09 12:55:00+05:30,1700.0,1693.1,1699.5,107201,84.04275467030386,1693.3642857142854,-0.11387570068271202,1714.6018365225082,1668.1325000000002,1621.6631634774922,92.94,1.0
23,1698.95,2020-04-09 13:05:00+05:30,1714.5,1695.45,1699.55,328813,83.82897833418536,1696.0285714285712,-0.21377633611849944,1716.5487202819893,1671.5049999999999,1626.4612797180105,90.09,-3.0
24,1702.2,2020-04-09 13:15:00+05:30,1705.0,1697.05,1698.35,500178,84.23011096160222,1696.9285714285713,0.40113262741685674,1719.6579453519885,1674.3224999999998,1628.987054648011,90.67,1.0
25,1694.85,2020-04-09 13:25:00+05:30,1703.0,1691.35,1702.2,132023,79.43132897971189,1698.0428571428572,-4.798781981890329,1721.506519452825,1676.3824999999997,1631.2584805471745,90.25,-0.0
26,1689.25,2020-04-09 13:35:00+05:30,1700.0,1688.8,1694.45,137522,75.88401742844349,1697.0142857142857,-3.5473115512684075,1722.033234595262,1678.3424999999995,1634.651765404737,87.38,-3.0
27,1681.0,2020-04-09 13:45:00+05:30,1692.9,1681.0,1688.65,137007,70.86315206820206,1695.007142857143,-5.02086536024143,1721.5977552633224,1679.8424999999995,1638.0872447366767,83.51,-4.0
28,1681.6,2020-04-09 13:55:00+05:30,1684.0,1668.0,1681.0,239284,71.0133652494281,1692.4500000000003,0.1502131812260501,1721.457223621399,1681.0474999999994,1640.6377763786,80.82,-3.0
29,1681.9,2020-04-09 14:05:00+05:30,1683.95,1673.25,1682.35,126359,71.09360951916989,1689.964285714286,0.08024426974178311,1718.2758046365254,1683.2274999999995,1648.1791953634736,70.1,-11.0
30,1677.85,2020-04-09 14:15:00+05:30,1685.0,1674.1,1681.9,109341,68.3430013397244,1686.9500000000003,-2.750608179445493,1715.8834473550887,1684.6899999999994,1653.49655264491,62.39,-8.0
31,1676.65,2020-04-09 14:25:00+05:30,1681.35,1670.45,1677.8,125060,67.50956130602061,1683.3,-0.8334400337037806,1712.42659129143,1686.1324999999993,1659.8384087085685,52.59,-10.0
32,1679.95,2020-04-09 14:35:00+05:30,1680.0,1672.65,1676.65,84911,68.64207888235536,1681.1714285714286,1.1325175763347488,1706.8808954961214,1687.7824999999993,1668.6841045038773,38.2,-14.0
33,1679.0,2020-04-09 14:45:00+05:30,1681.85,1677.35,1679.7,152289,67.90823083906923,1679.707142857143,-0.7338480432861303,1705.5756000693018,1688.3324999999993,1671.0893999306968,34.49,-4.0
34,1697.4,2020-04-09 14:55:00+05:30,1700.85,1678.3,1679.0,387247,73.75968335458197,1682.05,5.851452515512733,1706.5293538997166,1689.1024999999995,1671.6756461002824,34.85,0.0
35,1708.3,2020-04-09 15:05:00+05:30,1711.75,1697.7,1698.55,313721,76.49396226513232,1685.8642857142856,2.7342789105503584,1709.5286432215885,1690.1224999999995,1670.7163567784105,38.81,4.0
36,1706.65,2020-04-09 15:15:00+05:30,1710.0,1699.8,1708.25,304390,75.21626595543165,1689.3999999999999,-1.2776963097006728,1711.6014692447056,1691.4399999999994,1671.278530755293,40.32,2.0
37,1702.0,2020-04-09 15:25:00+05:30,1706.4,1695.0,1706.0,103775,71.58724222951825,1692.85,-3.629023725913399,1712.36979090803,1691.7449999999994,1671.120209091969,41.25,1.0
38,1694.65,2020-04-13 09:15:00+05:30,1763.25,1691.3,1725.0,1297203,66.1540676427528,1695.4214285714284,-5.433174586765446,1712.665447901639,1692.1249999999993,1671.5845520983596,41.08,-0.0
39,1664.65,2020-04-13 09:25:00+05:30,1701.65,1657.65,1694.35,593993,49.605327154690826,1693.235714285714,-16.54874048806198,1714.3309771036143,1690.5349999999994,1666.7390228963845,47.59,7.0
40,1654.1,2020-04-13 09:35:00+05:30,1667.5,1647.0,1664.2,311984,45.31250991176683,1689.678571428571,-4.292817242923995,1717.1890839467542,1688.4874999999993,1659.7859160532444,57.4,10.0
41,1651.0,2020-04-13 09:45:00+05:30,1659.0,1650.15,1654.25,208478,44.1047154777625,1683.0499999999997,-1.2077944340043345,1718.7633268847644,1686.0624999999993,1653.3616731152342,65.4,8.0
42,1659.9,2020-04-13 09:55:00+05:30,1661.0,1650.25,1650.45,183164,48.360412175167085,1676.1357142857141,4.255696697404588,1718.1543983771105,1684.0924999999993,1650.030601622888,68.12,3.0
43,1663.75,2020-04-13 10:05:00+05:30,1670.95,1656.1,1659.1,193610,50.12928456034271,1670.0071428571428,1.7688723851756265,1716.7972230016276,1682.3324999999993,1647.867776998371,68.93,1.0
44,1658.45,2020-04-13 10:15:00+05:30,1670.0,1657.0,1664.3,136991,47.706625733727556,1663.7857142857142,-2.422658826615155,1714.8530591278313,1680.1449999999993,1645.4369408721673,69.42,0.0
45,1660.6,2020-04-13 10:25:00+05:30,1665.95,1655.1,1658.75,118386,48.78786280133492,1658.9214285714286,1.0812370676073613,1713.463918604928,1678.4324999999994,1643.4010813950708,70.06,1.0
46,1666.8,2020-04-13 10:35:00+05:30,1667.7,1658.0,1660.6,123654,51.87785344560625,1659.2285714285715,3.0899906442713316,1712.3206690505685,1677.3099999999995,1642.2993309494304,70.02,-0.0
47,1666.1,2020-04-13 10:45:00+05:30,1671.0,1661.05,1668.0,125179,51.5000352890391,1660.9428571428573,-0.3778181565671517,1711.8778737520977,1676.5649999999994,1641.252126247901,70.63,1.0
48,1667.6,2020-04-13 10:55:00+05:30,1668.95,1660.5,1665.8,108932,52.30167978303021,1663.314285714286,0.8016444939911125,1711.312412495577,1675.8649999999993,1640.4175875044216,70.89,0.0
49,1676.9,2020-04-13 11:05:00+05:30,1678.4,1666.55,1666.6,160693,57.042522384399604,1665.7428571428572,4.740842601369394,1710.95355952743,1675.6149999999993,1640.2764404725688,70.68,-0.0
50,1689.0,2020-04-13 11:15:00+05:30,1691.2,1675.6,1676.9,256948,62.29366569273953,1669.3500000000001,5.251143308339927,1712.0078320943983,1676.1724999999994,1640.3371679056006,71.67,1.0
51,1674.5,2020-04-13 11:25:00+05:30,1689.0,1669.15,1688.35,179613,53.80558041509366,1671.642857142857,-8.488085277645872,1711.9071994743335,1676.0649999999994,1640.2228005256652,71.68,0.0
52,1682.5,2020-04-13 11:35:00+05:30,1687.5,1674.5,1675.8,208540,57.265390455911124,1674.7714285714285,3.459810040817466,1712.1109496647034,1676.1924999999997,1640.274050335296,71.84,0.0
53,1680.35,2020-04-13 11:45:00+05:30,1688.0,1675.8,1682.5,201966,56.050395218733485,1676.707142857143,-1.2149952371776394,1712.205728096967,1676.2599999999995,1640.314271903032,71.89,0.0
54,1674.55,2020-04-13 11:55:00+05:30,1684.9,1673.0,1680.75,125818,52.79608968846333,1677.9142857142856,-3.254305530270152,1709.6592257210684,1675.1174999999996,1640.5757742789308,69.08,-3.0
55,1678.5,2020-04-13 12:05:00+05:30,1682.3,1673.0,1674.0,105777,54.72406240224784,1679.4714285714285,1.9279727137845057,1704.5206345634906,1673.6274999999994,1642.7343654365081,61.79,-7.0
56,1683.1,2020-04-13 12:15:00+05:30,1684.0,1677.6,1678.6,109823,56.930241485710916,1680.357142857143,2.206179083463077,1699.6136173081422,1672.4499999999994,1645.2863826918565,54.33,-7.0
57,1674.15,2020-04-13 12:25:00+05:30,1683.35,1670.05,1683.1,120868,51.65617674623572,1678.2357142857143,-5.274064739475193,1694.4342827915707,1671.0574999999994,1647.6807172084282,46.75,-8.0
58,1676.2,2020-04-13 12:35:00+05:30,1680.0,1672.1,1673.8,96376,52.736232747964976,1678.4785714285715,1.080056001729254,1690.9022338071313,1670.134999999999,1649.3677661928668,41.53,-5.0
59,1677.9,2020-04-13 12:45:00+05:30,1680.55,1671.1,1676.2,102587,53.66078966798492,1677.8214285714287,0.9245569200199455,1691.6730831938721,1670.7974999999992,1649.9219168061263,41.75,0.0
60,1679.65,2020-04-13 12:55:00+05:30,1679.95,1673.0,1678.05,70539,54.64437110195787,1677.7214285714285,0.983581433972951,1691.7402110671574,1672.0749999999994,1652.4097889328414,39.33,-2.0
61,1666.15,2020-04-13 13:05:00+05:30,1683.75,1663.4,1679.6,148998,46.45301183563381,1676.5214285714285,-8.191359266324064,1690.1006414902233,1672.8324999999993,1655.5643585097753,34.54,-5.0
62,1662.95,2020-04-13 13:15:00+05:30,1669.25,1656.0,1665.0,138715,44.740960667857756,1674.3,-1.7120511677760533,1689.8207107926808,1672.9849999999992,1656.1492892073177,33.67,-1.0
63,1662.0,2020-04-13 13:25:00+05:30,1666.7,1658.3,1663.05,85400,44.21991110187837,1671.2857142857142,-0.5210495659793892,1689.9520710804138,1672.8974999999991,1655.8429289195844,34.11,0.0
64,1667.9,2020-04-13 13:35:00+05:30,1669.0,1658.0,1662.95,89331,48.25071075558262,1670.392857142857,4.03079965370425,1689.2203328870921,1673.3699999999994,1657.5196671129067,31.7,-2.0
65,1670.65,2020-04-13 13:45:00+05:30,1673.25,1660.0,1667.9,154435,50.06208336413548,1669.6,1.8113726085528654,1688.6168646683655,1673.8724999999995,1659.1281353316335,29.49,-2.0
66,1667.25,2020-04-13 13:55:00+05:30,1676.9,1664.8,1671.0,147814,47.832825296336004,1668.0785714285714,-2.2292580677994778,1688.595229142505,1673.8949999999993,1659.1947708574935,29.4,-0.0
67,1664.2,2020-04-13 14:05:00+05:30,1671.0,1658.2,1665.9,151313,45.859989303227536,1665.8714285714286,-1.9728359931084682,1688.73501713565,1673.7999999999993,1658.8649828643486,29.87,0.0
68,1664.15,2020-04-13 14:15:00+05:30,1669.45,1662.3,1663.45,117846,45.82662073051289,1665.5857142857144,-0.03336857271464311,1688.9389843379613,1673.6274999999994,1658.3160156620374,30.62,1.0
69,1670.0,2020-04-13 14:25:00+05:30,1674.4,1660.5,1664.9,165754,50.37613290806531,1666.5928571428572,4.549512177552415,1688.5944586907563,1673.2824999999993,1657.9705413092424,30.62,0.0
70,1671.6,2020-04-13 14:35:00+05:30,1671.75,1663.45,1670.0,95145,51.57399372379953,1667.9642857142858,1.1978608157342236,1685.8235667184374,1672.4124999999992,1659.001433281561,26.82,-4.0
71,1666.0,2020-04-13 14:45:00+05:30,1674.95,1664.0,1671.0,107787,47.27288347504571,1667.6928571428573,-4.301110248753822,1685.6562840678973,1671.9874999999993,1658.3187159321012,27.34,1.0
72,1653.05,2020-04-13 14:55:00+05:30,1666.4,1653.05,1665.5,213889,39.143216640126845,1665.1785714285713,-8.129666834918865,1685.6788107972507,1670.5149999999994,1655.3511892027482,30.33,3.0
73,1652.4,2020-04-13 15:05:00+05:30,1656.0,1650.0,1652.25,225809,38.78269864135371,1663.0571428571427,-0.3605179987731333,1685.5625368452672,1669.1174999999996,1652.672463154732,32.89,3.0
74,1656.35,2020-04-13 15:15:00+05:30,1656.4,1650.75,1652.4,199969,42.26282031654586,1661.935714285714,3.4801216751921515,1685.3847271213672,1668.2074999999993,1651.0302728786314,34.35,1.0
75,1662.0,2020-04-13 15:25:00+05:30,1663.0,1656.35,1656.4,65672,46.911766884117895,1661.6285714285714,4.6489465675720325,1684.0558722475496,1667.3824999999993,1650.709127752449,33.35,-1.0
76,1672.0,2020-04-15 09:15:00+05:30,1708.5,1671.6,1708.5,767847,53.975359293738414,1661.9142857142856,7.063592409620519,1681.9663477278298,1666.8274999999994,1651.688652272169,30.28,-3.0
77,1668.75,2020-04-15 09:25:00+05:30,1681.35,1661.1,1672.5,409681,51.57363502399499,1661.5071428571428,-2.4017242697434256,1681.334768282563,1666.5574999999994,1651.780231717436,29.55,-1.0
78,1655.1,2020-04-15 09:35:00+05:30,1670.2,1651.05,1669.15,274758,42.93288151469876,1659.95,-8.640753509296232,1680.3935596632625,1665.5024999999994,1650.6114403367362,29.78,0.0
79,1676.0,2020-04-15 09:45:00+05:30,1677.95,1655.2,1655.3,207465,55.28575724092825,1663.2285714285715,12.352875726229492,1679.986514297779,1665.4074999999993,1650.8284857022197,29.16,-1.0
80,1669.2,2020-04-15 09:55:00+05:30,1676.0,1661.85,1675.8,208958,51.388197148967905,1665.6285714285716,-3.8975600919603437,1677.9892419809325,1664.884999999999,1651.7807580190656,26.21,-3.0
81,1668.7,2020-04-15 10:05:00+05:30,1670.0,1665.0,1669.6,200078,51.102917345884066,1667.3928571428573,-0.2852798030838386,1678.2177969834513,1665.012499999999,1651.8072030165465,26.41,0.0
82,1669.75,2020-04-15 10:15:00+05:30,1672.95,1665.7,1668.7,173634,51.70920121260018,1668.5000000000002,0.6062838667161117,1678.68376420349,1665.352499999999,1652.021235796508,26.66,0.0
83,1671.9,2020-04-15 10:25:00+05:30,1672.45,1668.1,1669.65,143721,52.99441786180248,1668.4857142857145,1.2852166492023045,1679.3881784794673,1665.8474999999992,1652.306821520531,27.08,0.0
84,1672.75,2020-04-15 10:35:00+05:30,1674.95,1668.5,1671.9,106172,53.52108123865154,1669.0571428571432,0.5266633768490578,1679.9552765834994,1666.089999999999,1652.2247234164986,27.73,1.0
85,1669.9,2020-04-15 10:45:00+05:30,1675.8,1669.3,1672.65,142101,51.439971319005025,1671.1714285714286,-2.081109919646515,1679.869822270865,1666.052499999999,1652.2351777291333,27.63,-0.0
86,1671.05,2020-04-15 10:55:00+05:30,1672.2,1661.05,1669.65,225710,52.246852902057775,1670.4642857142858,0.8068815830527498,1680.2325820132314,1666.2424999999992,1652.252417986767,27.98,0.0
87,1672.0,2020-04-15 11:05:00+05:30,1673.45,1669.3,1671.0,101977,52.942470309633364,1670.8642857142856,0.6956174075755897,1680.816377986536,1666.6324999999993,1652.4486220134625,28.37,0.0
88,1671.3,2020-04-15 11:15:00+05:30,1673.75,1669.0,1671.95,158711,52.337491084708496,1671.235714285714,-0.6049792249248682,1681.2705204092147,1666.9899999999993,1652.709479590784,28.56,0.0
89,1669.25,2020-04-15 11:25:00+05:30,1672.0,1664.9,1671.9,113410,50.51689577524835,1671.1642857142854,-1.8205953094601455,1681.2036486148384,1666.9524999999994,1652.7013513851605,28.5,-0.0
90,1669.3,2020-04-15 11:35:00+05:30,1671.8,1667.0,1669.1,180717,50.5620669776424,1670.7928571428567,0.04517120239405159,1680.9673443020476,1666.8374999999996,1652.7076556979516,28.26,-0.0
91,1666.55,2020-04-15 11:45:00+05:30,1669.75,1662.0,1669.5,145419,47.968439051193435,1669.9071428571424,-2.593627926448967,1680.9901213315743,1666.8649999999998,1652.7398786684253,28.25,-0.0
92,1659.7,2020-04-15 11:55:00+05:30,1668.85,1659.45,1666.55,121910,42.16626738958153,1668.4499999999996,-5.802171661611908,1680.2236871870352,1667.1974999999995,1654.1713128129638,26.05,-2.0
93,1661.45,2020-04-15 12:05:00+05:30,1662.0,1650.0,1659.65,181935,44.028915722644115,1667.0785714285714,1.8626483330625874,1679.037527803425,1667.6499999999992,1656.2624721965733,22.78,-3.0
94,1655.0,2020-04-15 12:15:00+05:30,1665.25,1653.0,1661.7,140611,39.038373752287306,1664.6499999999999,-4.990541970356809,1679.2642570325922,1667.5824999999993,1655.9007429674064,23.36,1.0
95,1655.1,2020-04-15 12:25:00+05:30,1656.95,1652.0,1655.0,113009,39.15352538796824,1662.3357142857144,0.11515163568093101,1679.9734365163094,1667.2374999999993,1654.501563483689,25.47,2.0
96,1657.4,2020-04-15 12:35:00+05:30,1658.0,1653.25,1655.1,77847,41.87311358207452,1660.642857142857,2.7195881941062794,1679.757376861398,1666.5074999999993,1653.2576231386006,26.5,1.0
97,1625.4,2020-04-15 12:45:00+05:30,1657.2,1623.25,1657.2,458733,25.07835887731595,1654.3714285714286,-16.794754704758567,1686.9336320791151,1664.3399999999995,1641.7463679208838,45.19,19.0
98,1636.0,2020-04-15 12:55:00+05:30,1643.25,1620.0,1626.55,199367,34.45634595270171,1650.007142857143,9.37798707538576,1689.031505866453,1663.3849999999995,1637.738494133546,51.29,6.0
99,1648.35,2020-04-15 13:05:00+05:30,1652.45,1634.1,1635.65,183725,43.352970529929316,1648.3857142857144,8.896624577227605,1687.766478832146,1662.0024999999994,1636.2385211678527,51.53,0.0
100,1641.3,2020-04-15 13:15:00+05:30,1649.0,1638.35,1649.0,159580,40.013994042733096,1645.5071428571428,-3.33897648719622,1687.716777398204,1660.6074999999996,1633.4982226017953,54.22,3.0
101,1648.0,2020-04-15 13:25:00+05:30,1648.0,1640.05,1640.9,141259,44.396916111419365,1644.5071428571428,4.38292206868627,1686.9600591233866,1659.5724999999998,1632.184940876613,54.78,1.0
102,1644.95,2020-04-15 13:35:00+05:30,1650.85,1643.6,1648.25,143692,42.861620156763124,1643.0571428571427,-1.5352959546562417,1686.023868121153,1658.3324999999998,1630.6411318788464,55.38,1.0
103,1638.1,2020-04-15 13:45:00+05:30,1644.1,1631.75,1644.0,185627,39.553370935264724,1640.3,-3.3082492214984,1684.9658635194126,1656.6424999999995,1628.3191364805864,56.65,1.0
104,1626.55,2020-04-15 13:55:00+05:30,1644.0,1623.5,1637.9,176471,34.69125074904068,1640.4642857142858,-4.862120186224047,1684.5941532577936,1654.3324999999998,1624.070846742206,60.52,4.0
105,1604.35,2020-04-15 14:05:00+05:30,1628.5,1604.35,1627.35,229984,27.65460973420535,1635.9428571428573,-7.036641014835325,1687.7355828456275,1651.0549999999996,1614.3744171543717,73.36,13.0
106,1602.35,2020-04-15 14:15:00+05:30,1605.15,1592.7,1603.5,333417,27.120892629672483,1629.3714285714286,-0.5337171045328688,1688.9844953273266,1647.6199999999994,1606.2555046726723,82.73,9.0
107,1604.0,2020-04-15 14:25:00+05:30,1609.0,1599.6,1603.0,184065,28.349467538035896,1624.0428571428572,1.228574908363413,1688.240263276673,1644.2199999999993,1600.1997367233257,88.04,5.0
108,1605.95,2020-04-15 14:35:00+05:30,1612.8,1600.0,1604.7,178287,29.854458932418396,1618.0357142857144,1.5049913943825004,1686.1938582908408,1640.952499999999,1595.7111417091571,90.48,2.0
109,1600.2,2020-04-15 14:45:00+05:30,1607.0,1595.85,1605.95,165020,27.987653727032693,1611.6428571428573,-1.8668052053857025,1684.1652806811753,1637.4999999999989,1590.8347193188224,93.33,3.0
110,1597.75,2020-04-15 14:55:00+05:30,1604.95,1596.1,1600.95,307452,27.207008840431072,1605.8785714285716,-0.7806448866016211,1681.288226838587,1633.922499999999,1586.556773161411,94.73,1.0
111,1599.6,2020-04-15 15:05:00+05:30,1602.0,1594.55,1597.8,485910,28.821465521682157,1602.0285714285717,1.6144566812510845,1677.6942161046436,1630.5749999999991,1583.4557838953547,94.24,-0.0
112,1591.0,2020-04-15 15:15:00+05:30,1602.0,1589.65,1599.6,554408,25.941165535254356,1600.1214285714289,-2.8802999864278007,1675.3238103406914,1627.1399999999992,1578.956189659307,96.37,2.0
113,1597.0,2020-04-15 15:25:00+05:30,1597.95,1585.2,1590.65,199512,31.113573822736242,1599.3571428571431,5.172408287481886,1671.0489653529482,1623.9174999999993,1576.7860346470504,94.26,-2.0
114,1592.3,2020-04-16 09:15:00+05:30,1598.95,1576.7,1590.0,450953,29.38242331177399,1597.6857142857145,-1.7311505109622516,1667.5484601239639,1620.7824999999993,1574.0165398760348,93.53,-1.0
115,1596.75,2020-04-16 09:25:00+05:30,1612.95,1592.55,1593.55,225683,33.17364796833952,1596.3714285714286,3.7912246565655323,1662.8635859426995,1617.8649999999993,1572.8664140572992,90.0,-4.0
116,1595.1,2020-04-16 09:35:00+05:30,1606.65,1593.1,1595.8,233059,32.477411551819685,1595.642857142857,-0.696236416519838,1656.750776935175,1614.7499999999993,1572.7492230648236,84.0,-6.0
117,1599.0,2020-04-16 09:45:00+05:30,1603.0,1594.7,1595.1,195592,35.901737576993,1595.8214285714287,3.4243260251733147,1655.6801373401743,1613.4299999999992,1571.179862659824,84.5,0.0
118,1590.15,2020-04-16 09:55:00+05:30,1601.75,1588.0,1598.7,191184,31.942932205215314,1594.4714285714285,-3.958805371777686,1653.2064768807127,1611.1374999999994,1569.068523119286,84.14,-0.0
119,1604.5,2020-04-16 10:05:00+05:30,1607.0,1590.3,1590.3,233279,42.931444034209456,1596.3999999999999,10.988511828994142,1647.250391952466,1608.9449999999993,1570.6396080475324,76.61,-8.0
120,1607.2,2020-04-16 10:15:00+05:30,1609.0,1600.75,1604.6,205114,44.73935944782558,1597.857142857143,1.8079154136161222,1642.3870534813595,1607.2399999999993,1572.092946518639,70.29,-6.0
121,1615.95,2020-04-16 10:25:00+05:30,1619.25,1605.35,1606.75,198298,50.240881683511326,1601.2357142857145,5.501522235685748,1635.4822716482695,1605.6374999999994,1575.7927283517292,59.69,-11.0
122,1607.95,2020-04-16 10:35:00+05:30,1616.0,1606.9,1615.9,123158,45.75571185894494,1602.8357142857146,-4.485169824566384,1627.2835214997413,1603.787499999999,1580.2914785002567,46.99,-13.0
123,1612.5,2020-04-16 10:45:00+05:30,1615.0,1605.0,1608.0,116079,48.56800816364816,1605.321428571429,2.8122963047032172,1620.207285160769,1602.5074999999993,1584.8077148392294,35.4,-12.0
124,1609.15,2020-04-16 10:55:00+05:30,1616.0,1606.05,1612.6,141955,46.65031238614989,1606.7714285714287,-1.9176957774982668,1615.6977790644062,1601.6374999999994,1587.5772209355925,28.12,-7.0
125,1611.3,2020-04-16 11:05:00+05:30,1615.0,1607.1,1609.15,116975,48.06756237909943,1609.7928571428572,1.417249992949536,1616.657749536059,1601.9849999999994,1587.3122504639398,29.35,1.0
126,1612.25,2020-04-16 11:15:00+05:30,1617.0,1608.05,1611.35,175326,48.71584977069568,1610.9,0.6482873915962486,1617.8557293365918,1602.4799999999996,1587.1042706634073,30.75,1.0
127,1619.7,2020-04-16 11:25:00+05:30,1621.5,1611.0,1612.25,158789,53.60687440958269,1612.6857142857145,4.891024638887011,1620.462646717854,1603.2649999999994,1586.0673532821447,34.4,4.0
128,1623.15,2020-04-16 11:35:00+05:30,1623.95,1616.0,1619.05,210902,55.71326013879787,1613.7142857142858,2.1063857292151837,1623.473697766612,1604.1249999999995,1584.776302233387,38.7,4.0
129,1621.25,2020-04-16 11:45:00+05:30,1623.2,1618.75,1623.2,148254,54.25235487405933,1615.6142857142856,-1.4609052647385425,1625.870607802523,1605.1774999999993,1584.4843921974757,41.39,3.0
130,1624.2,2020-04-16 11:55:00+05:30,1629.95,1619.9,1621.2,205154,56.173894987305076,1617.2857142857142,1.9215401132457472,1628.5319385390842,1606.4999999999993,1584.4680614609144,44.06,3.0
131,1638.4,2020-04-16 12:05:00+05:30,1639.65,1622.0,1624.25,238161,64.0101974040144,1621.4642857142858,7.83630241670933,1634.3970819866881,1608.4399999999994,1582.4829180133106,51.91,8.0
132,1645.2,2020-04-16 12:15:00+05:30,1646.9,1633.25,1638.55,187231,67.0486776178589,1626.3071428571432,3.038480213844494,1640.5319493459654,1611.1499999999992,1581.768050654033,58.76,7.0
133,1635.55,2020-04-16 12:25:00+05:30,1645.2,1635.0,1645.2,154178,59.38625704378896,1629.6357142857144,-7.662420574069941,1643.5872132936972,1613.0774999999994,1582.5677867063016,61.02,2.0
134,1633.5,2020-04-16 12:35:00+05:30,1640.0,1628.5,1635.0,134100,57.8731687809857,1631.607142857143,-1.513088262803258,1645.3019767548712,1615.1374999999994,1584.9730232451275,60.33,-1.0
135,1636.65,2020-04-16 12:45:00+05:30,1637.75,1625.0,1633.55,138434,59.577458033877534,1633.5357142857142,1.704289252891833,1647.4539059353312,1617.1324999999993,1586.8110940646673,60.64,0.0
136,1637.3,2020-04-16 12:55:00+05:30,1641.05,1627.0,1636.65,152071,59.93762895603928,1635.8285714285714,0.36017092216174973,1648.975863769561,1619.2424999999996,1589.5091362304381,59.47,-1.0
137,1639.5,2020-04-16 13:05:00+05:30,1640.0,1632.2,1637.3,94808,61.19781654868429,1638.0142857142855,1.2601875926450035,1650.7112603970038,1621.2674999999995,1591.8237396029951,58.89,-1.0
138,1640.45,2020-04-16 13:15:00+05:30,1642.0,1635.05,1639.05,90805,61.75723075527175,1638.3071428571427,0.5594142065874621,1650.5017277504292,1623.7824999999993,1597.0632722495695,53.44,-5.0
139,1642.5,2020-04-16 13:25:00+05:30,1643.2,1637.1,1640.45,103526,62.99696780230148,1637.9214285714284,1.2397370470297275,1652.0301209851914,1625.6824999999994,1599.3348790148075,52.7,-1.0
140,1646.1,2020-04-16 13:35:00+05:30,1654.75,1642.5,1642.75,193704,65.13448516921987,1639.4285714285713,2.137517366918395,1653.9735668192127,1627.6274999999991,1601.2814331807856,52.69,-0.0
141,1648.5,2020-04-16 13:45:00+05:30,1653.5,1642.3,1646.5,111933,66.52288265116033,1641.5714285714287,1.3883974819404585,1656.5674976213472,1629.2549999999994,1601.9425023786516,54.62,2.0
142,1653.75,2020-04-16 13:55:00+05:30,1656.75,1647.15,1648.5,164895,69.39403693176439,1644.0142857142857,2.8711542806040597,1659.0159013513014,1631.5449999999996,1604.0740986486978,54.94,0.0
143,1652.0,2020-04-16 14:05:00+05:30,1655.0,1650.3,1653.75,157113,67.32139161887807,1646.1142857142859,-2.0726453128863227,1660.9052515051494,1633.5199999999998,1606.13474849485,54.77,-0.0
144,1655.2,2020-04-16 14:15:00+05:30,1658.0,1652.3,1652.3,105520,69.1366660354158,1648.3571428571431,1.8152744165377328,1662.3093085339863,1635.8224999999995,1609.3356914660128,52.97,-2.0
145,1654.1,2020-04-16 14:25:00+05:30,1663.5,1654.1,1655.2,170085,67.7435915400865,1650.3071428571432,-1.3930744953293015,1662.9824473052627,1637.9624999999994,1612.9425526947362,50.04,-3.0
146,1658.55,2020-04-16 14:35:00+05:30,1660.45,1651.5,1654.0,229893,70.34669275559176,1652.6000000000001,2.603101215505262,1663.8035991689117,1640.2774999999995,1616.7514008310873,47.05,-3.0
147,1653.05,2020-04-16 14:45:00+05:30,1660.5,1653.0,1659.45,104328,63.52336968500769,1653.5928571428572,-6.823323070584074,1664.0124063055184,1641.9449999999997,1619.877593694481,44.13,-3.0
148,1628.95,2020-04-16 14:55:00+05:30,1655.0,1625.0,1653.05,426441,43.577480437058306,1650.8,-19.94588924794938,1663.3962630207125,1642.2349999999994,1621.0737369792864,42.32,-2.0
149,1625.5,2020-04-16 15:05:00+05:30,1631.2,1622.2,1628.4,687891,41.565429885869484,1646.7642857142857,-2.012050551188821,1662.791035763692,1642.4474999999995,1622.103964236307,40.69,-2.0
150,1622.5,2020-04-16 15:15:00+05:30,1629.55,1616.25,1625.6,689182,39.84271829783415,1642.55,-1.722711588035331,1663.0385444909,1642.3624999999997,1621.6864555090995,41.35,1.0
151,1630.0,2020-04-16 15:25:00+05:30,1633.0,1616.6,1622.5,218779,45.88151764936467,1638.95,6.038799351530514,1663.2878871511336,1641.9424999999997,1620.5971128488657,42.69,1.0
152,1732.3,2020-04-17 09:15:00+05:30,1738.0,1690.0,1690.0,1487495,78.13002855576573,1650.1214285714284,32.248510906401066,1692.0399537923745,1646.2975,1600.5550462076253,91.48,49.0
153,1709.3,2020-04-17 09:25:00+05:30,1732.0,1701.0,1731.8,463053,68.27887083169018,1657.3714285714284,-9.851157724075549,1703.3370985627814,1649.985,1596.6329014372184,106.7,15.0
154,1700.0,2020-04-17 09:35:00+05:30,1713.55,1700.0,1709.7,222229,64.72515897591855,1664.0785714285714,-3.5537118557716383,1710.4879364882356,1653.31,1596.1320635117643,114.36,8.0
155,1700.25,2020-04-17 09:45:00+05:30,1710.9,1693.35,1700.0,304285,64.77822894250173,1674.2642857142855,0.05306996658318042,1716.7574966951072,1656.4899999999998,1596.2225033048924,120.53,6.0
156,1697.7,2020-04-17 09:55:00+05:30,1704.85,1695.05,1701.0,232404,63.725105769524475,1684.5785714285714,-1.0531231729772514,1721.7496269099895,1659.5099999999995,1597.2703730900096,124.48,4.0
157,1687.0,2020-04-17 10:05:00+05:30,1708.75,1679.65,1697.95,322521,59.36395400930871,1693.792857142857,-4.361151760215762,1724.5333930990626,1661.8849999999995,1599.2366069009365,125.3,1.0
158,1695.0,2020-04-17 10:15:00+05:30,1700.0,1682.05,1687.9,290583,61.486210079517555,1703.0785714285714,2.1222560702088415,1728.0761396106582,1664.6124999999997,1601.1488603893413,126.93,2.0
159,1677.8,2020-04-17 10:25:00+05:30,1696.5,1672.4,1695.0,555768,54.85318915921522,1695.292857142857,-6.633020920302336,1729.2121240036822,1666.3774999999998,1603.5428759963174,125.67,-1.0
160,1688.8,2020-04-17 10:35:00+05:30,1703.0,1670.55,1677.3,309631,57.97556011046086,1692.3642857142856,3.1223709512456423,1731.3478393276505,1668.5125,1605.6771606723496,125.67,0.0
161,1680.9,2020-04-17 10:45:00+05:30,1689.35,1674.0,1689.0,228779,55.03187841692155,1689.6357142857141,-2.943681693539311,1732.4640268290616,1670.1325000000002,1607.8009731709387,124.66,-1.0
162,1680.85,2020-04-17 10:55:00+05:30,1688.0,1677.0,1681.05,122793,55.012839705386924,1686.8642857142856,-0.019038711534626884,1733.4969209735389,1671.4875,1609.478079026461,124.02,-1.0
163,1687.8,2020-04-17 11:05:00+05:30,1689.0,1674.0,1680.0,156040,57.22788895126575,1685.4499999999996,2.2150492458788236,1734.9844515404943,1673.2775000000001,1611.570548459506,123.41,-1.0
164,1689.45,2020-04-17 11:15:00+05:30,1695.95,1683.4,1687.8,140925,57.759637442117565,1685.7999999999997,0.5317484908518182,1736.4852338760782,1674.9900000000002,1613.4947661239223,122.99,-0.0
165,1682.05,2020-04-17 11:25:00+05:30,1692.65,1677.4,1689.45,113937,54.48790237875145,1683.9499999999996,-3.2717350633661155,1737.1498400938776,1676.3875000000003,1615.625159906123,121.52,-1.0
166,1680.0,2020-04-17 11:35:00+05:30,1684.75,1678.55,1682.7,75660,53.582414226933984,1684.2642857142855,-0.9054881518174653,1737.6512093599251,1677.4600000000003,1617.2687906400754,120.38,-1.0
167,1673.3,2020-04-17 11:45:00+05:30,1682.5,1672.0,1679.95,116857,50.621516160561825,1682.0499999999997,-2.9608980663721596,1737.606811662429,1678.4725000000003,1619.3381883375716,118.27,-2.0
168,1658.4,2020-04-17 11:55:00+05:30,1678.5,1652.8,1673.3,223592,44.70515192443695,1678.8357142857142,-5.916364236124878,1735.2283457362096,1679.9450000000004,1624.6616542637912,110.57,-8.0
169,1658.2,2020-04-17 12:05:00+05:30,1662.7,1652.4,1658.75,139780,44.62975170047605,1675.6,-0.07540022396089796,1731.7844284060552,1681.5800000000004,1631.3755715939456,100.41,-10.0
170,1661.35,2020-04-17 12:15:00+05:30,1668.0,1656.0,1658.5,132568,46.16970331572091,1671.8214285714287,1.5399516152448598,1726.6029446416937,1683.5225000000003,1640.4420553583068,86.16,-14.0
171,1664.3,2020-04-17 12:25:00+05:30,1666.65,1658.85,1661.35,92138,47.6384248179918,1668.2285714285713,1.4687215022708884,1721.5451456353019,1685.2375000000004,1648.929854364699,72.62,-14.0
172,1670.0,2020-04-17 12:35:00+05:30,1672.0,1663.0,1664.3,99113,50.45149616860908,1666.5071428571428,2.8130713506172853,1711.4479061756722,1682.1225000000002,1652.7970938243282,58.65,-14.0
173,1671.75,2020-04-17 12:45:00+05:30,1675.0,1665.0,1670.05,96634,51.31626457533144,1665.3285714285714,0.8647684067223551,1706.9337498474697,1680.2450000000001,1653.5562501525305,53.38,-5.0
174,1668.0,2020-04-17 12:55:00+05:30,1673.0,1665.0,1671.0,74332,49.32946711505306,1664.5714285714287,-1.9867974602783747,1704.1580699219417,1678.645,1653.1319300780583,51.03,-2.0
175,1667.55,2020-04-17 13:05:00+05:30,1671.85,1666.6,1668.0,103319,49.08388123885775,1665.8785714285714,-0.2455858761953138,1700.8282283136218,1677.0100000000002,1653.1917716863786,47.64,-3.0
176,1658.4,2020-04-17 13:15:00+05:30,1669.9,1655.1,1667.25,302288,44.25894795334381,1665.9071428571426,-4.824933285513943,1698.1499983200233,1675.0450000000005,1651.9400016799777,46.21,-1.0
177,1660.6,2020-04-17 13:25:00+05:30,1662.55,1656.0,1658.4,73391,45.642508262537746,1665.7999999999997,1.383560309193939,1696.9702938077883,1673.7250000000004,1650.4797061922125,46.49,0.0
178,1656.95,2020-04-17 13:35:00+05:30,1662.15,1656.0,1660.3,82926,43.704293468129315,1664.75,-1.938214794408431,1693.9371170998636,1671.8225000000002,1649.7078829001368,44.23,-2.0
179,1658.25,2020-04-17 13:45:00+05:30,1661.95,1654.0,1657.4,96040,44.6065417257928,1663.0714285714287,0.9022482576634872,1693.567071347386,1670.845,1648.122928652614,45.44,1.0
180,1663.35,2020-04-17 13:55:00+05:30,1666.0,1653.0,1658.35,149834,48.11945035328156,1661.8714285714286,3.5129086274887555,1690.8664199377595,1669.5724999999998,1648.27858006224,42.59,-3.0
181,1665.9,2020-04-17 14:05:00+05:30,1669.2,1661.5,1663.35,149363,49.832559394411426,1661.5714285714287,1.7131090411298686,1689.4837904014382,1668.8224999999998,1648.1612095985613,41.32,-1.0
182,1668.9,2020-04-17 14:15:00+05:30,1670.0,1661.35,1666.0,217413,51.84706713380525,1661.7642857142857,2.014507739393821,1688.0978987634694,1668.225,1648.3521012365304,39.75,-2.0
183,1665.5,2020-04-17 14:25:00+05:30,1674.35,1665.35,1668.45,158735,49.42473500127072,1662.7785714285715,-2.422332132534528,1684.7335966219925,1667.11,1649.4864033780073,35.25,-4.0
184,1673.9,2020-04-17 14:35:00+05:30,1678.5,1664.05,1665.4,177016,55.016487175068846,1664.6785714285713,5.5917521737981275,1680.9161705725412,1666.3325,1651.7488294274588,29.17,-6.0
185,1673.9,2020-04-17 14:45:00+05:30,1679.0,1670.35,1674.1,159511,55.016487175068846,1667.1,0.0,1679.0411009931743,1665.925,1652.8088990068256,26.23,-3.0
186,1674.8,2020-04-17 14:55:00+05:30,1687.9,1670.5,1673.35,303570,55.62612193847955,1669.4642857142856,0.6096347634107033,1677.7738093204039,1665.6650000000002,1653.5561906795965,24.22,-2.0
187,1680.2,2020-04-17 15:05:00+05:30,1685.8,1672.5,1674.8,385489,59.19903709329777,1671.8714285714284,3.5729151548182188,1679.3639113134843,1666.0099999999998,1652.6560886865152,26.71,2.0
188,1683.0,2020-04-17 15:15:00+05:30,1685.0,1677.8,1680.2,375155,60.95459130684288,1674.3142857142855,1.7555542135451105,1682.090433273848,1667.2399999999998,1652.3895667261515,29.7,3.0
189,1682.0,2020-04-17 15:25:00+05:30,1683.1,1676.85,1683.1,161197,59.962278464646495,1676.185714285714,-0.9923128421963838,1684.0259306433288,1668.4299999999998,1652.8340693566709,31.19,1.0
190,1717.3,2020-04-20 09:15:00+05:30,1718.95,1691.15,1709.8,530239,75.26815254362575,1683.5857142857142,15.305874078979251,1697.7326628535773,1671.2275000000002,1644.7223371464231,53.01,22.0
191,1701.3,2020-04-20 09:25:00+05:30,1724.0,1698.05,1717.75,294187,63.431618882806355,1687.4999999999998,-11.836533660819391,1702.5461358693422,1673.0775,1643.608864130658,58.94,6.0
192,1682.5,2020-04-20 09:35:00+05:30,1703.4,1682.0,1700.15,305993,52.90411753667558,1688.7285714285713,-10.527501346130776,1703.4254394841562,1673.7025,1643.979560515844,59.45,1.0
193,1687.95,2020-04-20 09:45:00+05:30,1694.2,1674.3,1681.15,246503,55.22411253667375,1690.607142857143,2.3199949999981726,1704.887210308341,1674.5125,1644.137789691659,60.75,1.0
194,1702.9,2020-04-20 09:55:00+05:30,1705.45,1685.0,1687.1,203734,60.91229656197731,1693.85,5.688184025303556,1708.9763867877778,1676.2575000000002,1643.5386132122226,65.44,5.0
195,1702.7,2020-04-20 10:05:00+05:30,1708.0,1699.0,1703.0,143161,60.80101741983913,1696.6642857142856,-0.11127914213818002,1712.493385296173,1678.0149999999999,1643.5366147038267,68.96,4.0
196,1706.0,2020-04-20 10:15:00+05:30,1706.45,1699.2,1702.0,115179,62.033492292303244,1700.0928571428572,1.2324748724641168,1715.7331544211702,1680.3949999999998,1645.0568455788293,70.68,2.0
197,1714.9,2020-04-20 10:25:00+05:30,1719.45,1704.35,1706.0,172549,65.21045942905046,1699.75,3.1769671367472156,1720.3377711845353,1683.11,1645.8822288154645,74.46,4.0
198,1712.25,2020-04-20 10:35:00+05:30,1715.95,1711.0,1715.15,107773,63.50645586587554,1701.314285714286,-1.704003563174922,1723.136374102409,1685.875,1648.613625897591,74.52,0.0
199,1714.35,2020-04-20 10:45:00+05:30,1714.95,1708.1,1712.2,105761,64.30252151342728,1705.8642857142859,0.7960656475517425,1725.6302425032943,1688.6799999999998,1651.7297574967054,73.9,-1.0
200,1726.25,2020-04-20 10:55:00+05:30,1727.65,1713.25,1714.35,188697,68.49631079167001,1711.3357142857144,4.193789278242733,1730.3705233252922,1691.825,1653.279476674708,77.09,3.0
201,1719.0,2020-04-20 11:05:00+05:30,1727.9,1715.0,1726.05,156237,63.59441819346649,1713.6357142857144,-4.901892598203524,1732.821243424907,1694.48,1656.138756575093,76.68,-0.0
202,1708.35,2020-04-20 11:15:00+05:30,1719.5,1704.9,1719.0,162595,57.126954933097316,1714.4428571428573,-6.467463260369172,1733.2820286992658,1696.4524999999999,1659.622971300734,73.66,-3.0
203,1706.35,2020-04-20 11:25:00+05:30,1714.0,1704.45,1708.35,267952,55.97567903250723,1714.4928571428572,-1.151275900590086,1732.5211029830039,1698.4949999999997,1664.4688970169955,68.05,-6.0
204,1696.95,2020-04-20 11:35:00+05:30,1707.7,1693.0,1706.0,228322,50.7944028897835,1711.9285714285718,-5.181276142723732,1731.6683562790183,1699.6474999999996,1667.6266437209808,64.04,-4.0
205,1697.2,2020-04-20 11:45:00+05:30,1702.35,1694.1,1696.95,155732,50.92450934881585,1709.7785714285717,0.13010645903235485,1730.499478804279,1700.8124999999993,1671.1255211957196,59.37,-5.0
206,1686.15,2020-04-20 11:55:00+05:30,1697.2,1681.6,1697.2,236407,45.231611807759236,1705.7500000000002,-5.692897541056617,1729.3580063997535,1701.3799999999992,1673.4019936002449,55.96,-3.0
207,1692.9,2020-04-20 12:05:00+05:30,1696.5,1686.0,1686.15,236961,48.98344741260014,1700.9857142857145,3.751835604840906,1728.5059339009927,1702.0149999999994,1675.5240660990062,52.98,-3.0
208,1707.05,2020-04-20 12:15:00+05:30,1708.0,1691.2,1692.9,145710,55.81645289915894,1699.2785714285715,6.833005486558797,1728.2154636012597,1703.2174999999995,1678.2195363987394,50.0,-3.0
209,1704.05,2020-04-20 12:25:00+05:30,1713.1,1703.0,1707.8,161881,54.160186058211856,1698.6642857142856,-1.656266840947083,1727.2361721796592,1704.3199999999997,1681.4038278203402,45.83,-4.0
210,1708.45,2020-04-20 12:35:00+05:30,1710.1,1704.0,1704.05,145712,56.212457267627684,1698.9642857142858,2.052271209415828,1726.0686664501984,1703.8774999999994,1681.6863335498003,44.38,-1.0
211,1708.55,2020-04-20 12:45:00+05:30,1710.0,1704.1,1707.45,142394,56.26038632151796,1700.6214285714284,0.047929053890278794,1726.4906676422454,1704.2399999999993,1681.9893323577533,44.5,0.0
212,1709.0,2020-04-20 12:55:00+05:30,1710.0,1705.0,1708.6,119696,56.4911794053009,1702.3071428571425,0.23079308378293462,1725.3884603171773,1705.5649999999994,1685.7415396828214,39.65,-5.0
213,1708.55,2020-04-20 13:05:00+05:30,1712.0,1705.0,1708.45,125545,56.17198716968436,1705.5071428571425,-0.31919223561654064,1724.6242715210096,1706.5949999999998,1688.56572847899,36.06,-4.0
214,1713.0,2020-04-20 13:15:00+05:30,1714.2,1706.05,1708.55,150455,58.65957700334743,1708.3785714285711,2.4875898336630726,1725.2588314022148,1707.0999999999997,1688.9411685977846,36.32,0.0
215,1720.0,2020-04-20 13:25:00+05:30,1720.95,1709.25,1712.95,153099,62.2858007434928,1710.2285714285713,3.6262237401453703,1726.8740092701405,1707.9649999999997,1689.0559907298589,37.82,2.0
216,1719.9,2020-04-20 13:35:00+05:30,1720.0,1712.35,1719.7,122758,62.20186060145191,1712.492857142857,-0.08394014204088762,1728.2735721000952,1708.6599999999999,1689.0464278999045,39.23,1.0
217,1717.3,2020-04-20 13:45:00+05:30,1720.5,1714.75,1719.9,130393,59.94005228564396,1713.7571428571425,-2.2618083158079543,1728.5827749251503,1708.78,1688.9772250748497,39.61,0.0
218,1719.0,2020-04-20 13:55:00+05:30,1719.5,1712.0,1716.5,139604,60.94015182776453,1715.2499999999998,1.000099542120573,1729.393705266255,1709.1174999999998,1688.8412947337447,40.55,1.0
219,1716.35,2020-04-20 14:05:00+05:30,1720.0,1716.0,1719.55,118048,58.48889994901048,1716.2999999999997,-2.45125187875405,1729.6216862319668,1709.2175,1688.8133137680331,40.81,0.0
220,1720.5,2020-04-20 14:15:00+05:30,1725.0,1716.35,1716.35,172635,61.12602238728773,1718.0071428571428,2.6371224382772525,1728.4673165209917,1708.9299999999998,1689.392683479008,39.07,-2.0
221,1725.0,2020-04-20 14:25:00+05:30,1727.7,1720.3,1721.0,152934,63.81071837801693,1719.7214285714285,2.684695990729196,1729.5855087590905,1709.23,1688.8744912409095,40.71,2.0
222,1726.0,2020-04-20 14:35:00+05:30,1729.85,1722.1,1725.5,171102,64.39911356998122,1720.5785714285714,0.5883951919642953,1731.794553578195,1710.1125,1688.4304464218048,43.36,3.0
223,1716.3,2020-04-20 14:45:00+05:30,1726.45,1711.4,1725.65,279004,55.049402684404455,1720.0642857142855,-9.34971088557677,1732.3849638950533,1710.6100000000001,1688.835036104947,43.55,0.0
224,1723.6,2020-04-20 14:55:00+05:30,1724.55,1712.0,1716.35,215934,59.78175643500564,1720.9642857142858,4.732353750601185,1733.4579357074986,1711.9425000000003,1690.427064292502,43.03,-1.0
225,1726.95,2020-04-20 15:05:00+05:30,1729.0,1718.35,1723.7,297971,61.77079686130489,1722.1000000000001,1.9890404262992476,1734.76675849695,1713.4300000000003,1692.0932415030506,42.67,-0.0
226,1732.3,2020-04-20 15:15:00+05:30,1732.4,1726.5,1727.0,351964,64.76758843562374,1724.3785714285714,2.9967915743188485,1734.4759174751482,1715.7375000000004,1696.9990825248526,37.48,-5.0
227,1734.0,2020-04-20 15:25:00+05:30,1738.0,1728.2,1732.3,193128,65.688010490631,1726.3071428571427,0.9204220550072648,1734.9319673810035,1717.7925000000002,1700.653032618997,34.28,-3.0
228,1653.7,2020-04-21 09:15:00+05:30,1687.95,1651.1,1670.0,790130,28.205459788807488,1716.1214285714286,-37.48255070182351,1748.356255104024,1715.125,1681.893744895976,66.46,32.0
229,1676.5,2020-04-21 09:25:00+05:30,1677.05,1651.5,1654.0,328814,38.87123937189375,1709.05,10.665779583086263,1750.957536492709,1713.7475,1676.5374635072908,74.42,8.0
230,1679.35,2020-04-21 09:35:00+05:30,1680.0,1666.0,1676.5,246430,40.06975022187443,1703.7714285714287,1.1985108499806785,1752.5275236930242,1712.2925,1672.0574763069758,80.47,6.0
231,1674.85,2020-04-21 09:45:00+05:30,1679.5,1672.0,1679.1,139161,38.776976084311045,1696.8071428571432,-1.2927741375633843,1754.1861557484438,1710.6074999999996,1667.0288442515555,87.16,7.0
232,1675.65,2020-04-21 09:55:00+05:30,1679.5,1672.5,1674.85,138695,39.1528209529317,1689.4785714285715,0.37584486862065347,1755.2446047499807,1708.9399999999998,1662.635395250019,92.61,5.0
233,1681.35,2020-04-21 10:05:00+05:30,1684.0,1674.5,1675.7,156272,41.890066628893635,1682.2000000000003,2.737245675961937,1755.5023428827067,1707.5799999999995,1659.6576571172923,95.84,3.0
234,1687.4,2020-04-21 10:15:00+05:30,1687.4,1679.5,1681.3,143641,44.73198997575437,1675.5428571428572,2.8419233468607317,1754.9744394177364,1706.2999999999997,1657.625560582263,97.35,2.0
235,1687.75,2020-04-21 10:25:00+05:30,1689.6,1682.3,1687.4,115623,44.89987498527282,1680.4071428571428,0.1678850095184501,1753.5872134315073,1704.6874999999995,1655.7877865684918,97.8,0.0
236,1686.3,2020-04-21 10:35:00+05:30,1689.0,1683.0,1687.75,121483,44.29950140666713,1681.8071428571427,-0.6003735786056836,1752.0152252234616,1703.0074999999997,1653.9997747765378,98.02,0.0
237,1689.5,2020-04-21 10:45:00+05:30,1691.85,1683.45,1686.1,148867,46.015098923634426,1683.2571428571428,1.7155975169672928,1750.4951805699095,1701.6174999999996,1652.7398194300897,97.76,-0.0
238,1689.45,2020-04-21 10:55:00+05:30,1692.95,1687.0,1689.5,121850,45.99126275937143,1685.3428571428572,-0.023836164262995396,1748.5899046764519,1700.1399999999994,1651.690095323547,96.9,-1.0
239,1692.9,2020-04-21 11:05:00+05:30,1694.8,1689.1,1689.45,117544,47.993108818577156,1687.8071428571427,2.0018460592057252,1746.8978801581488,1698.9674999999995,1651.0371198418502,95.86,-1.0
240,1691.0,2020-04-21 11:15:00+05:30,1692.9,1686.6,1692.8,129854,46.960772804069975,1689.185714285714,-1.0323360145071803,1744.4383733683294,1697.4924999999996,1650.5466266316698,93.89,-2.0
241,1683.95,2020-04-21 11:25:00+05:30,1691.0,1676.05,1691.0,247131,43.243824733397076,1688.6928571428573,-3.716948070672899,1740.8876633641664,1695.4399999999994,1649.9923366358323,90.9,-3.0
242,1678.9,2020-04-21 11:35:00+05:30,1685.85,1676.5,1683.95,147991,40.75540619093569,1687.4285714285713,-2.488418542461389,1736.709752751518,1693.0849999999996,1649.4602472484812,87.25,-4.0
243,1684.5,2020-04-21 11:45:00+05:30,1684.6,1677.0,1679.35,135536,44.564885437755976,1687.1714285714286,3.8094792468202883,1733.8568982229567,1691.4949999999994,1649.1331017770422,84.72,-3.0
244,1683.0,2020-04-21 11:55:00+05:30,1685.0,1678.95,1684.5,93909,43.75333418070837,1686.2428571428572,-0.8115512570476042,1729.1560052119669,1689.4649999999995,1649.773994788032,79.38,-5.0
245,1682.75,2020-04-21 12:05:00+05:30,1683.8,1681.0,1683.0,85443,43.61078965482995,1685.2857142857142,-0.1425445258784208,1722.8708436063089,1687.2549999999997,1651.6391563936904,71.23,-8.0
246,1684.15,2020-04-21 12:15:00+05:30,1687.0,1682.0,1682.75,89412,44.69736028558833,1684.0357142857142,1.0865706307583807,1713.4647100409165,1684.8474999999994,1656.2302899590823,57.23,-14.0
247,1674.0,2020-04-21 12:25:00+05:30,1686.1,1671.1,1684.15,159929,38.852155192521785,1681.607142857143,-5.8452050930665465,1699.0869124640294,1681.8474999999994,1664.6080875359694,34.48,-23.0
248,1679.6,2020-04-21 12:35:00+05:30,1681.9,1674.0,1674.5,106041,43.260824908994934,1680.9857142857143,4.408669716473149,1694.2961293361436,1683.1424999999995,1671.9888706638553,22.31,-12.0
249,1675.15,2020-04-21 12:45:00+05:30,1682.3,1673.05,1679.95,121473,40.746761789530844,1680.45,-2.5140631194640903,1694.4127107129345,1683.0749999999996,1671.7372892870646,22.68,0.0
250,1676.35,2020-04-21 12:55:00+05:30,1680.5,1673.95,1675.2,89280,41.730163810185566,1679.2857142857142,0.9834020206547223,1694.5460562070791,1682.9249999999997,1671.3039437929203,23.24,1.0
251,1677.85,2020-04-21 13:05:00+05:30,1677.85,1674.5,1676.3,62481,43.003553941129304,1678.55,1.2733901309437385,1694.3288414493934,1683.0749999999996,1671.8211585506058,22.51,-1.0
252,1674.1,2020-04-21 13:15:00+05:30,1679.7,1673.5,1677.85,184749,40.61399324263615,1677.314285714286,-2.389560698493156,1694.4855475643935,1682.9974999999995,1671.5094524356055,22.98,0.0
253,1678.35,2020-04-21 13:25:00+05:30,1682.0,1670.0,1674.1,121265,44.38573757018358,1676.4857142857145,3.771744327547431,1694.5032406231155,1682.8474999999994,1671.1917593768833,23.31,0.0
254,1676.65,2020-04-21 13:35:00+05:30,1682.3,1676.05,1678.2,87437,43.20371997936704,1676.8642857142859,-1.1820175908165425,1694.0727690975286,1682.3099999999995,1670.5472309024703,23.53,0.0
255,1675.6,2020-04-21 13:45:00+05:30,1678.6,1673.25,1676.6,155155,42.451748885612936,1676.2928571428572,-0.7519710937541007,1693.5370824643264,1681.7024999999994,1669.8679175356724,23.67,0.0
256,1674.45,2020-04-21 13:55:00+05:30,1676.0,1672.0,1675.55,101237,41.597777428305925,1676.1928571428575,-0.8539714573070114,1693.1600098274562,1681.1099999999992,1669.0599901725423,24.1,0.0
257,1677.35,2020-04-21 14:05:00+05:30,1677.5,1674.0,1674.45,395343,44.62303105738946,1676.3357142857146,3.0252536290835366,1691.983169107573,1680.5024999999991,1669.0218308924252,22.96,-1.0
258,1679.4,2020-04-21 14:15:00+05:30,1684.0,1675.25,1677.35,112708,46.72392990897873,1676.5571428571432,2.100898851589271,1690.683829394277,1679.9999999999993,1669.3161706057217,21.37,-2.0
259,1685.85,2020-04-21 14:25:00+05:30,1689.45,1678.0,1679.4,127832,52.79239016429344,1678.2357142857145,6.0684602553147045,1688.9099013596406,1679.6474999999991,1670.3850986403577,18.52,-3.0
260,1676.6,2020-04-21 14:35:00+05:30,1687.9,1676.1,1685.85,135464,44.894576069463106,1677.9857142857145,-7.897814094830331,1686.571587842711,1678.927499999999,1671.283412157287,15.29,-3.0
261,1682.0,2020-04-21 14:45:00+05:30,1682.0,1674.75,1676.55,122784,49.63184794163311,1678.7500000000002,4.737271872170005,1686.2508383694149,1678.8299999999992,1671.4091616305836,14.84,-0.0
262,1669.05,2020-04-21 14:55:00+05:30,1682.2,1668.55,1681.95,239525,40.61455203883296,1677.814285714286,-9.01729590280015,1686.9504568857337,1678.3374999999992,1669.7245431142646,17.23,2.0
263,1668.6,2020-04-21 15:05:00+05:30,1674.15,1664.8,1669.05,377551,40.34027957481132,1676.9785714285715,-0.2742724640216423,1686.6797156878363,1677.542499999999,1668.405284312162,18.27,1.0
264,1669.7,2020-04-21 15:15:00+05:30,1673.3,1666.1,1668.4,315482,41.38234228714296,1675.8857142857144,1.0420627123316422,1686.2745586103338,1676.8774999999991,1667.4804413896645,18.79,1.0
265,1665.0,2020-04-21 15:25:00+05:30,1671.0,1662.0,1670.0,75956,38.30380501332209,1673.8285714285716,-3.0785372738208707,1686.3547479467538,1675.989999999999,1665.6252520532444,20.73,2.0
266,1634.05,2020-04-22 09:15:00+05:30,1669.7,1628.3,1669.7,415218,25.07505677150607,1666.4285714285713,-13.228748241816021,1694.3966462137291,1673.4849999999992,1652.5733537862693,41.82,21.0
267,1637.2,2020-04-22 09:25:00+05:30,1640.0,1626.2,1633.75,195847,27.807817383761034,1660.8,2.732760612254964,1698.105634117392,1671.644999999999,1645.1843658826062,52.92,11.0
268,1634.0,2020-04-22 09:35:00+05:30,1638.85,1629.15,1637.15,125556,26.74079485960327,1653.9428571428573,-1.067022524157764,1700.402093257818,1669.364999999999,1638.3279067421802,62.07,9.0
269,1642.8,2020-04-22 09:45:00+05:30,1644.9,1633.0,1633.6,137525,34.21632803682779,1650.1928571428573,7.47553317722452,1700.8202662650226,1667.747499999999,1634.6747337349755,66.15,4.0
270,1647.0,2020-04-22 09:55:00+05:30,1647.95,1640.0,1643.9,141569,37.494627483641025,1647.107142857143,3.278299446813236,1700.335595413194,1666.2799999999993,1632.2244045868047,68.11,2.0
271,1648.2,2020-04-22 10:05:00+05:30,1649.3,1645.0,1646.05,118018,38.43859204837995,1644.0357142857142,0.943964564738927,1699.3107693779898,1664.7974999999992,1630.2842306220086,69.03,1.0
272,1645.0,2020-04-22 10:15:00+05:30,1648.45,1640.35,1648.15,78650,36.84079803801284,1641.1785714285713,-1.5977940103671102,1698.648981811341,1663.3424999999993,1628.0360181886576,70.61,2.0
273,1650.95,2020-04-22 10:25:00+05:30,1653.45,1641.55,1645.1,122406,41.6938955149505,1643.5928571428574,4.853097476937656,1696.9519296694475,1661.9724999999992,1626.9930703305508,69.96,-1.0
274,1668.85,2020-04-22 10:35:00+05:30,1671.95,1650.95,1651.9,385614,53.31570890038317,1648.1142857142859,11.621813385432674,1696.0429773617518,1661.582499999999,1627.1220226382463,68.92,-1.0
275,1666.4,2020-04-22 10:45:00+05:30,1673.5,1664.1,1670.85,115345,51.79398134862249,1652.7428571428572,-1.5217275517606836,1695.0364076424225,1661.122499999999,1627.2085923575755,67.83,-1.0
276,1672.0,2020-04-22 10:55:00+05:30,1673.0,1663.4,1666.4,84678,54.95845593253613,1656.9142857142858,3.164474583913645,1694.728404396854,1660.9999999999993,1627.2715956031445,67.46,-0.0
277,1677.0,2020-04-22 11:05:00+05:30,1679.0,1670.0,1671.95,119203,57.63268120534661,1661.2000000000003,2.6742252728104745,1694.675530280364,1660.9824999999994,1627.2894697196348,67.39,-0.0
278,1668.75,2020-04-22 11:15:00+05:30,1678.95,1666.9,1676.8,80295,52.13267297786666,1664.1357142857144,-5.500008227479945,1693.2420240623403,1660.4499999999994,1627.6579759376584,65.58,-2.0
279,1662.4,2020-04-22 11:25:00+05:30,1669.9,1659.3,1667.9,100942,48.31106947357266,1666.6214285714286,-3.8216035042940035,1689.847186998034,1659.2774999999995,1628.707813001965,61.14,-4.0
280,1667.35,2020-04-22 11:35:00+05:30,1669.9,1660.55,1662.85,68934,51.30756272604031,1668.9642857142858,2.9964932524676513,1688.5496882312627,1658.8149999999994,1629.080311768736,59.47,-2.0
281,1672.9,2020-04-22 11:45:00+05:30,1673.2,1666.2,1668.1,127162,54.49298199665465,1669.542857142857,3.1854192706143394,1686.8534821725193,1658.3599999999994,1629.8665178274796,56.99,-2.0
282,1672.75,2020-04-22 11:55:00+05:30,1677.65,1668.15,1672.25,123900,54.38941950934007,1670.45,-0.1035624873145764,1687.3767606304664,1658.5449999999994,1629.7132393695324,57.66,1.0
283,1666.0,2020-04-22 12:05:00+05:30,1676.0,1666.0,1673.0,88747,49.80260521670123,1669.5928571428572,-4.5868142926388416,1687.0788246245183,1658.4149999999995,1629.7511753754807,57.33,-0.0
284,1668.0,2020-04-22 12:15:00+05:30,1671.0,1665.15,1666.0,104359,51.11800144867354,1668.3071428571427,1.3153962319723078,1686.8627033050607,1658.3299999999995,1629.7972966949383,57.07,-0.0
285,1668.75,2020-04-22 12:25:00+05:30,1670.6,1666.8,1669.2,94539,51.629881865053925,1668.3071428571427,0.5118804163803858,1687.283091195767,1658.5174999999995,1629.751908804232,57.53,0.0
286,1667.7,2020-04-22 12:35:00+05:30,1670.0,1667.6,1668.75,71311,50.82740919057426,1669.064285714286,-0.8024726744796666,1686.7943207233554,1660.1999999999994,1633.6056792766433,53.19,-4.0
287,1665.4,2020-04-22 12:45:00+05:30,1668.0,1663.0,1667.85,64234,49.02973138817628,1668.7857142857142,-1.7976778023979776,1685.9659265455984,1661.6099999999994,1637.2540734544004,48.71,-4.0
288,1666.0,2020-04-22 12:55:00+05:30,1668.95,1663.05,1664.5,61349,49.531201377035885,1667.8,0.5014699888596041,1683.8498337406565,1663.2099999999996,1642.5701662593426,41.28,-7.0
289,1665.2,2020-04-22 13:05:00+05:30,1668.5,1663.5,1666.3,82086,48.84121909227773,1666.7214285714288,-0.6899822847581518,1682.6017325540336,1664.3299999999992,1646.058267445965,36.54,-5.0
290,1658.95,2020-04-22 13:15:00+05:30,1665.5,1655.5,1665.2,119690,43.717459877763865,1665.714285714286,-5.123759214513868,1681.5172392194158,1664.927499999999,1648.3377607805824,33.18,-3.0
291,1654.85,2020-04-22 13:25:00+05:30,1661.4,1651.95,1659.3,124193,40.701011211504316,1663.8357142857146,-3.0164486662595493,1680.6621734624769,1665.259999999999,1649.8578265375213,30.8,-2.0
292,1658.35,2020-04-22 13:35:00+05:30,1658.7,1651.6,1654.8,116882,44.23811142186445,1662.3500000000004,3.537100210360137,1678.5365808964189,1665.927499999999,1653.3184191035793,25.22,-6.0
293,1661.8,2020-04-22 13:45:00+05:30,1665.0,1656.65,1658.35,85133,47.55865822337697,1661.507142857143,3.3205468015125206,1677.1522233049423,1666.4699999999993,1655.7877766950564,21.36,-4.0
294,1661.85,2020-04-22 13:55:00+05:30,1665.5,1661.0,1661.9,46665,47.6073525168358,1661.0000000000002,0.04869429345882992,1676.9318064121844,1666.1199999999994,1655.3081935878145,21.62,0.0
295,1664.85,2020-04-22 14:05:00+05:30,1667.0,1660.45,1661.4,61713,50.57290293328858,1660.8357142857146,2.9655504164527784,1676.8680679320967,1666.042499999999,1655.2169320679016,21.65,0.0
296,1664.6,2020-04-22 14:15:00+05:30,1667.6,1661.0,1664.75,118641,50.317305914178164,1660.7500000000002,-0.255597019110418,1676.140671056253,1665.6724999999992,1655.2043289437454,20.94,-1.0
297,1673.8,2020-04-22 14:25:00+05:30,1673.8,1658.65,1664.6,159176,58.6079351753314,1662.8714285714286,8.290629261153235,1675.32923517385,1665.5124999999994,1655.6957648261487,19.63,-1.0
298,1669.5,2020-04-22 14:35:00+05:30,1674.95,1663.75,1673.9,233247,54.06666586661531,1664.9642857142858,-4.541269308716089,1675.4243687339776,1665.5499999999993,1655.675631266021,19.75,0.0
299,1671.0,2020-04-22 14:45:00+05:30,1675.0,1669.1,1669.6,177071,55.36592233629213,1666.7714285714285,1.2992564696768198,1676.0243437866827,1665.979999999999,1655.9356562133155,20.09,0.0
300,1665.1,2020-04-22 14:55:00+05:30,1672.9,1663.35,1670.55,240887,49.4420118436121,1667.2428571428572,-5.9239104926800294,1675.8976269866455,1665.8674999999992,1655.8373730133528,20.06,-0.0
301,1664.0,2020-04-22 15:05:00+05:30,1667.25,1663.4,1665.4,271884,48.40219613800167,1667.55,-1.0398157056104296,1674.9141847264955,1665.4224999999992,1655.930815273503,18.98,-1.0
302,1663.35,2020-04-22 15:15:00+05:30,1664.15,1658.55,1664.1,298266,47.76296652480081,1667.3357142857144,-0.639229613200861,1673.82732987234,1664.952499999999,1656.077670127658,17.75,-1.0
303,1670.0,2020-04-22 15:25:00+05:30,1674.0,1663.1,1663.25,136277,54.398340943705,1668.107142857143,6.635374418904192,1674.3027358324414,1665.152499999999,1656.0022641675566,18.3,1.0
304,1659.9,2020-04-23 09:15:00+05:30,1676.9,1654.0,1674.9,404162,45.04051990434549,1666.1214285714286,-9.357821039359514,1674.0822384593832,1664.747499999999,1655.4127615406148,18.67,0.0
305,1655.6,2020-04-23 09:25:00+05:30,1663.95,1651.6,1659.9,148113,41.74780245126466,1664.1357142857144,-3.292717453080826,1674.0680073952058,1664.089999999999,1654.1119926047922,19.96,1.0
306,1658.0,2020-04-23 09:35:00+05:30,1660.9,1655.2,1655.5,105891,44.19976897868987,1662.2785714285715,2.4519665274252063,1673.7851096054408,1663.604999999999,1653.4248903945575,20.36,0.0
307,1660.55,2020-04-23 09:45:00+05:30,1661.9,1653.6,1658.0,115457,46.76379785031723,1661.6285714285714,2.5640288716273645,1673.5935093652301,1663.3624999999993,1653.1314906347684,20.46,0.0
308,1663.1,2020-04-23 09:55:00+05:30,1666.6,1659.0,1660.8,148288,49.27396429969379,1661.5,2.5101664493765554,1673.3730416554529,1663.2174999999993,1653.0619583445457,20.31,-0.0
309,1664.1,2020-04-23 10:05:00+05:30,1668.7,1662.55,1663.65,121316,50.264357590925066,1661.607142857143,0.9903932912312783,1673.284694218119,1663.1624999999992,1653.0403057818794,20.24,-0.0
310,1672.95,2020-04-23 10:15:00+05:30,1676.95,1663.75,1664.15,125308,58.06728706949655,1662.0285714285715,7.802929478571485,1674.6711648963665,1663.8624999999993,1653.053835103632,21.62,1.0
311,1672.9,2020-04-23 10:25:00+05:30,1674.0,1666.95,1672.95,75262,58.01191145705638,1663.8857142857144,-0.05537561244017297,1675.4182969939798,1664.7649999999994,1654.111703006019,21.31,-0.0
312,1671.5,2020-04-23 10:35:00+05:30,1674.05,1668.0,1673.0,74023,56.39034601421197,1666.1571428571428,-1.6215654428444068,1676.0318541149622,1665.4224999999994,1654.8131458850366,21.22,-0.0
313,1671.5,2020-04-23 10:45:00+05:30,1674.0,1670.15,1671.5,52408,56.39034601421197,1668.0857142857144,0.0,1676.7047840152086,1665.9074999999993,1655.11021598479,21.59,0.0
314,1672.9,2020-04-23 10:55:00+05:30,1673.95,1667.65,1671.5,52355,57.75969369522511,1669.8500000000001,1.3693476810131386,1677.5109632826056,1666.4599999999996,1655.4090367173935,22.1,1.0
315,1667.15,2020-04-23 11:05:00+05:30,1675.0,1661.25,1673.1,148161,50.71599838283832,1670.4285714285713,-7.043695312386788,1677.6032651209862,1666.5749999999996,1655.546734879013,22.06,-0.0
316,1668.0,2020-04-23 11:15:00+05:30,1669.95,1664.85,1667.2,102887,51.654568844569226,1670.9857142857143,0.9385704617309045,1677.7498745180353,1666.7449999999997,1655.740125481964,22.01,-0.0
317,1670.9,2020-04-23 11:25:00+05:30,1672.2,1665.6,1667.65,66420,54.81617431357658,1670.6928571428568,3.1616054690073554,1677.2852579211697,1666.5999999999997,1655.9147420788297,21.37,-1.0
318,1672.9,2020-04-23 11:35:00+05:30,1673.0,1668.85,1670.15,72529,56.90910309931385,1670.6928571428568,2.0929287857372714,1677.7535475047584,1666.7699999999998,1655.786452495241,21.97,1.0
319,1676.0,2020-04-23 11:45:00+05:30,1677.0,1670.0,1672.9,118299,60.001739992096724,1671.3357142857142,3.0926368927828705,1678.6192921744034,1667.0199999999998,1655.420707825596,23.2,1.0
320,1683.25,2020-04-23 11:55:00+05:30,1684.65,1674.7,1675.95,168418,66.12501191380113,1673.0142857142855,6.123271921704408,1681.5567052901813,1667.9274999999998,1654.2982947098183,27.26,4.0
321,1682.0,2020-04-23 12:05:00+05:30,1685.9,1678.2,1683.6,113541,64.29736494091159,1674.3142857142855,-1.8276469728895393,1683.6864676980745,1668.8274999999999,1653.9685323019253,29.72,2.0
322,1682.25,2020-04-23 12:15:00+05:30,1686.7,1681.65,1682.0,103235,64.50864756211024,1676.4714285714285,0.2112826211986487,1685.5408719080745,1669.7724999999998,1654.0041280919252,31.54,2.0
323,1675.5,2020-04-23 12:25:00+05:30,1682.5,1673.2,1682.0,96484,55.03809448470194,1677.542857142857,-9.470553077408297,1686.0230561636088,1670.0475,1654.071943836391,31.95,0.0
324,1680.6,2020-04-23 12:35:00+05:30,1683.2,1674.3,1675.7,79869,59.83593841325389,1678.9285714285713,4.7978439285519485,1686.9718964974252,1671.0824999999998,1655.1931035025743,31.78,-0.0
325,1668.85,2020-04-23 12:45:00+05:30,1680.85,1667.1,1680.6,110485,47.31008077918839,1678.3500000000001,-12.525857634065503,1685.9298288118255,1671.7449999999997,1657.5601711881739,28.37,-3.0
326,1668.05,2020-04-23 12:55:00+05:30,1671.95,1666.0,1668.25,72704,46.594892347193856,1677.2142857142858,-0.7151884319945339,1685.024307730776,1672.2475,1659.470692269224,25.55,-3.0
327,1663.0,2020-04-23 13:05:00+05:30,1668.25,1655.0,1668.05,161358,42.25271564261769,1674.3214285714287,-4.342176704576168,1684.7142464756812,1672.3699999999997,1660.0257535243181,24.69,-1.0
328,1659.7,2020-04-23 13:15:00+05:30,1664.3,1655.0,1663.6,83869,39.652288542708526,1671.1357142857144,-2.6004270999091617,1685.160060103814,1672.1999999999996,1659.2399398961852,25.92,1.0
329,1661.5,2020-04-23 13:25:00+05:30,1664.5,1657.0,1658.5,58906,41.75786301421164,1668.1714285714286,2.105574471503111,1685.4185027743013,1672.0699999999997,1658.7214972256982,26.7,1.0
330,1663.3,2020-04-23 13:35:00+05:30,1663.5,1657.2,1661.5,66023,43.86703721405234,1666.4285714285713,2.1091741998407016,1685.4882714666553,1671.5875,1657.6867285333449,27.8,1.0
331,1667.7,2020-04-23 13:45:00+05:30,1668.6,1662.0,1663.2,86590,48.7525716671768,1664.5857142857144,4.885534453124464,1685.3191318975896,1671.3274999999999,1657.3358681024101,27.98,0.0
332,1665.55,2020-04-23 13:55:00+05:30,1667.65,1662.6,1667.05,45801,46.617494811998206,1664.1142857142856,-2.135076855178596,1685.2572311172244,1671.03,1656.8027688827756,28.45,0.0
333,1661.95,2020-04-23 14:05:00+05:30,1666.55,1658.9,1665.3,53051,43.20553363403014,1663.2428571428572,-3.4119611779680667,1685.3431967559366,1670.5524999999998,1655.761803244063,29.58,1.0
