,close,date,high,low,open,volume,RSI_14,sma_7,RSI_Trend,ub,mb,lb,band_diff,band_diff_trend
0,1231.7,2020-04-13 09:15:00+05:30,1250.4,1229.8,1250.0,332650,0.0,0.0,,,,,,
1,1233.9,2020-04-13 09:25:00+05:30,1241.1,1230.75,1232.3,185349,100.0,0.0,100.0,,,,,
2,1232.0,2020-04-13 09:35:00+05:30,1238.35,1227.5,1233.95,235965,93.77049180327853,0.0,-6.2295081967214685,,,,,
3,1233.75,2020-04-13 09:45:00+05:30,1236.0,1230.35,1232.05,142957,94.13301662707823,0.0,0.36252482379970274,,,,,
4,1236.25,2020-04-13 09:55:00+05:30,1240.0,1232.25,1233.9,133567,94.61512661412026,0.0,0.4821099870420227,,,,,
5,1234.8,2020-04-13 10:05:00+05:30,1241.35,1234.25,1235.7,152447,89.9959262704022,0.0,-4.619200343718063,,,,,
6,1228.25,2020-04-13 10:15:00+05:30,1237.5,1225.15,1235.0,77517,72.72396182675251,1232.9500000000003,-17.27196444364968,,,,,
7,1224.9,2020-04-13 10:25:00+05:30,1230.45,1217.0,1228.25,169838,65.77141011806236,1231.9785714285715,-6.952551708690152,,,,,
8,1232.75,2020-04-13 10:35:00+05:30,1246.0,1220.95,1224.9,264358,72.42420671241813,1231.814285714286,6.652796594355763,,,,,
9,1231.65,2020-04-13 10:45:00+05:30,1235.3,1226.7,1232.75,82392,70.36048204411287,1231.7642857142857,-2.0637246683052552,,,,,
10,1236.5,2020-04-13 10:55:00+05:30,1236.5,1230.5,1231.5,85145,73.89281613765301,1232.1571428571428,3.5323340935401433,,,,,
11,1239.65,2020-04-13 11:05:00+05:30,1242.0,1234.5,1235.4,85672,75.90159630024479,1232.642857142857,2.0087801625917763,,,,,
12,1237.05,2020-04-13 11:15:00+05:30,1246.0,1236.2,1239.3,104260,71.04268231342076,1232.9642857142858,-4.858913986824035,,,,,
13,1238.1,2020-04-13 11:25:00+05:30,1239.9,1233.15,1236.1,137722,71.82705275278268,1234.3714285714286,0.784370439361922,,,,,
14,1236.3,2020-04-13 11:35:00+05:30,1245.15,1231.55,1238.7,143901,68.4062610504167,1236.0,-3.4207917023659746,,,,,
15,1240.3,2020-04-13 11:45:00+05:30,1244.5,1235.0,1235.6,108167,71.63874380165095,1237.0785714285714,3.232482751234244,,,,,
16,1241.05,2020-04-13 11:55:00+05:30,1242.85,1236.6,1241.25,57663,72.21281492257557,1238.4214285714284,0.5740711209246285,,,,,
17,1241.4,2020-04-13 12:05:00+05:30,1246.5,1240.0,1241.05,116824,72.4926361601969,1239.1214285714284,0.27982123762132005,,,,,
18,1237.15,2020-04-13 12:15:00+05:30,1244.0,1236.1,1241.4,63449,64.05716401265532,1238.7642857142855,-8.435472147541574,,,,,
19,1234.7,2020-04-13 12:25:00+05:30,1237.5,1231.95,1237.0,124653,59.741445903460175,1238.4285714285713,-4.315718109195146,1243.5384127307595,1235.1075,1226.6765872692406,16.86,
20,1237.85,2020-04-13 12:35:00+05:30,1240.5,1233.5,1234.35,47455,63.176543404715176,1238.392857142857,3.435097501255001,1243.7709055699986,1235.415,1227.0590944300013,16.71,-0.0
21,1239.5,2020-04-13 12:45:00+05:30,1241.95,1235.3,1237.2,39497,64.8675578189586,1238.8500000000001,1.6910144142434262,1244.210923165953,1235.695,1227.1790768340468,17.03,0.0
22,1239.15,2020-04-13 12:55:00+05:30,1240.0,1235.1,1239.5,53762,64.19413643806239,1238.6857142857145,-0.6734213808962153,1244.5154517682413,1236.0525,1227.5895482317587,16.93,-0.0
23,1234.9,2020-04-13 13:05:00+05:30,1242.0,1233.0,1239.15,95710,56.52097139397265,1237.8071428571432,-7.673165044089735,1244.5225595329089,1236.1100000000001,1227.6974404670914,16.83,-0.0
24,1234.8,2020-04-13 13:15:00+05:30,1237.0,1231.6,1233.15,89929,56.350295913926075,1236.8642857142859,-0.17067548004657596,1244.4699482927867,1236.0375,1227.605051707213,16.86,0.0
25,1235.15,2020-04-13 13:25:00+05:30,1237.9,1232.0,1234.8,74610,56.841520817603566,1236.5785714285716,0.49122490367749094,1244.4780823211859,1236.055,1227.6319176788143,16.85,-0.0
26,1237.5,2020-04-13 13:35:00+05:30,1237.9,1233.05,1234.6,63312,60.08920612208035,1236.9785714285715,3.247685304476782,1244.1110758860264,1236.5175000000002,1228.923924113974,15.19,-2.0
27,1237.45,2020-04-13 13:45:00+05:30,1240.0,1233.9,1237.3,64727,59.985776980195716,1236.9214285714286,-0.10342914188463226,1242.415064415865,1237.145,1231.874935584135,10.54,-5.0
28,1235.1,2020-04-13 13:55:00+05:30,1239.05,1234.1,1236.8,94872,55.178502635048375,1236.2928571428572,-4.807274345147341,1242.215210581617,1237.2625,1232.3097894183832,9.91,-1.0
29,1232.15,2020-04-13 14:05:00+05:30,1237.9,1231.45,1234.4,119678,49.784808701004074,1235.2928571428572,-5.3936939340443,1242.1246234383557,1237.2875,1232.4503765616441,9.67,-0.0
30,1233.35,2020-04-13 14:15:00+05:30,1236.1,1231.0,1232.15,79231,51.846793744734455,1235.071428571429,2.061985043730381,1242.270694198462,1237.1299999999999,1231.9893058015377,10.28,1.0
31,1240.6,2020-04-13 14:25:00+05:30,1246.95,1231.2,1233.3,165891,61.99948751336793,1235.9000000000003,10.152693768633476,1242.432520156203,1237.1774999999998,1231.9224798437965,10.51,0.0
32,1247.15,2020-04-13 14:35:00+05:30,1248.5,1235.0,1240.75,92551,68.46789063751152,1237.614285714286,6.468403124143585,1244.5727123563636,1237.6825,1230.7922876436362,13.78,3.0
33,1244.5,2020-04-13 14:45:00+05:30,1254.95,1243.05,1247.65,100121,63.740592651407326,1238.614285714286,-4.72729798610419,1245.5385519469658,1238.0025,1230.4664480530344,15.07,1.0
34,1244.0,2020-04-13 14:55:00+05:30,1248.0,1240.0,1244.3,56538,62.85873100733472,1239.5500000000004,-0.8818616440726075,1246.3329637836214,1238.3875,1230.4420362163787,15.89,1.0
35,1250.0,2020-04-13 15:05:00+05:30,1256.0,1244.0,1244.25,102505,68.49211700524509,1241.6785714285718,5.6333859979103735,1248.3466462606618,1238.8725,1229.398353739338,18.95,3.0
36,1254.35,2020-04-13 15:15:00+05:30,1257.15,1248.65,1250.55,73032,71.82829074470884,1244.8500000000004,3.336173739463746,1251.2563500872914,1239.5375,1227.8186499127085,23.44,4.0
37,1255.25,2020-04-13 15:25:00+05:30,1257.0,1253.3,1254.0,22439,72.4776030386785,1247.9785714285717,0.6493122939696576,1253.888596676009,1240.23,1226.571403323991,27.32,4.0
38,1254.6,2020-04-15 09:15:00+05:30,1270.95,1247.5,1265.85,387259,71.20121315873817,1249.9785714285717,-1.276389879940325,1256.0967611829005,1241.1024999999997,1226.108238817099,29.99,3.0
39,1238.75,2020-04-15 09:25:00+05:30,1259.8,1236.05,1253.45,227856,48.68571090079003,1248.7785714285717,-22.515502257948143,1256.042381757036,1241.3049999999998,1226.5676182429636,29.47,-1.0
40,1233.0,2020-04-15 09:35:00+05:30,1240.0,1231.1,1238.0,231371,43.332314595051926,1247.1357142857146,-5.3533963057381015,1256.1936068576238,1241.0624999999998,1225.9313931423758,30.26,1.0
41,1243.1,2020-04-15 09:45:00+05:30,1244.9,1231.7,1232.0,301530,53.08971566721485,1247.0071428571432,9.75740107216292,1256.3809931114097,1241.2424999999998,1226.10400688859,30.28,0.0
42,1254.1,2020-04-15 09:55:00+05:30,1255.0,1240.3,1243.1,259515,60.971681045049905,1247.5928571428576,7.8819653778350585,1258.1362917365593,1241.9899999999996,1225.8437082634398,32.29,2.0
43,1251.1,2020-04-15 10:05:00+05:30,1258.7,1246.35,1255.95,231328,58.104283804769985,1247.1285714285718,-2.867397240279921,1259.0735820790687,1242.7999999999995,1226.5264179209303,32.55,0.0
44,1251.05,2020-04-15 10:15:00+05:30,1254.8,1244.3,1251.65,169020,58.055279430675846,1246.5285714285717,-0.049004374094138825,1259.8268495576888,1243.6124999999995,1227.3981504423102,32.43,-0.0
45,1245.55,2020-04-15 10:25:00+05:30,1253.0,1245.35,1251.1,126332,52.78189932263492,1245.2357142857145,-5.273380108040925,1259.86400626843,1244.1324999999993,1228.4009937315684,31.46,-1.0
46,1246.0,2020-04-15 10:35:00+05:30,1247.0,1241.05,1245.45,123975,53.15681044363352,1246.2714285714287,0.3749111209985969,1259.990999961208,1244.5574999999994,1229.1240000387909,30.87,-1.0
47,1243.6,2020-04-15 10:45:00+05:30,1251.95,1243.3,1245.95,171104,50.83837564679985,1247.7857142857144,-2.318434796833671,1259.9432206125948,1244.8649999999993,1229.7867793874038,30.16,-1.0
48,1238.4,2020-04-15 10:55:00+05:30,1245.0,1234.0,1243.0,232240,46.14252658847569,1247.1142857142859,-4.695849058324157,1259.7256635207725,1245.0299999999993,1230.334336479226,29.39,-1.0
49,1242.0,2020-04-15 11:05:00+05:30,1244.85,1235.0,1238.1,308355,49.61252218217823,1245.3857142857144,3.469995593702542,1259.0113443186438,1245.5224999999994,1232.033655681355,26.98,-2.0
50,1240.15,2020-04-15 11:15:00+05:30,1244.5,1237.4,1242.05,124792,47.904425326468754,1243.8214285714287,-1.7080968557094778,1258.3663046841323,1245.8624999999995,1233.3586953158667,25.01,-2.0
51,1237.55,2020-04-15 11:25:00+05:30,1241.0,1235.1,1240.9,134069,45.53183558112889,1241.892857142857,-2.372589745339866,1258.5538230084996,1245.7099999999996,1232.8661769914995,25.69,1.0
52,1233.1,2020-04-15 11:35:00+05:30,1241.0,1232.85,1237.65,128188,41.72298663479272,1240.1142857142859,-3.8088489463361697,1259.004840912886,1245.0074999999993,1231.0101590871125,27.99,2.0
53,1238.35,2020-04-15 11:45:00+05:30,1239.85,1233.0,1233.85,147457,47.3217708965496,1239.0214285714287,5.598784261756883,1259.010982164977,1244.6999999999994,1230.3890178350218,28.62,1.0
54,1238.05,2020-04-15 11:55:00+05:30,1240.0,1237.75,1238.3,84976,47.04364333387917,1238.2285714285715,-0.27812756267043426,1259.0188741993975,1244.4024999999992,1229.786125800601,29.23,1.0
55,1242.45,2020-04-15 12:05:00+05:30,1243.8,1238.0,1238.0,84577,51.542101844158,1238.8071428571432,4.49845851027883,1258.420997250697,1244.0249999999992,1229.6290027493014,28.79,-0.0
56,1244.8,2020-04-15 12:15:00+05:30,1245.95,1241.0,1242.4,90363,53.79942070847339,1239.207142857143,2.257318864315394,1257.1109755288246,1243.5474999999992,1229.9840244711738,27.13,-2.0
57,1246.85,2020-04-15 12:25:00+05:30,1249.25,1241.2,1244.5,126777,55.73648877600701,1240.1642857142858,1.937068067533616,1255.6450865758611,1243.1274999999991,1230.6099134241372,25.04,-2.0
58,1247.15,2020-04-15 12:35:00+05:30,1250.0,1242.7,1247.05,136644,56.02704832742457,1241.5357142857144,0.29055955141756584,1254.2355510595771,1242.7549999999994,1231.2744489404217,22.96,-2.0
59,1238.6,2020-04-15 12:45:00+05:30,1247.1,1237.3,1247.1,231605,46.631930462319495,1242.321428571429,-9.395117865105078,1254.2392579160012,1242.7474999999993,1231.2557420839973,22.98,0.0
60,1226.15,2020-04-15 12:55:00+05:30,1239.0,1226.0,1238.6,293354,36.92268138494165,1240.5785714285716,-9.709249077377848,1255.4264761876384,1242.4049999999993,1229.3835238123602,26.04,3.0
61,1211.55,2020-04-15 13:05:00+05:30,1227.75,1211.4,1227.1,615926,29.235306131969665,1236.7928571428572,-7.687375252971982,1259.7855277399692,1240.8274999999994,1221.8694722600296,37.92,12.0
62,1209.4,2020-04-15 13:15:00+05:30,1216.95,1203.0,1211.65,417815,28.30085896176716,1232.0714285714287,-0.9344471702025032,1261.158456543803,1238.5924999999995,1216.0265434561961,45.13,7.0
63,1220.0,2020-04-15 13:25:00+05:30,1221.1,1208.0,1209.9,251789,38.70332103986234,1228.5285714285715,10.402462078095176,1260.2513315166666,1237.0374999999997,1213.8236684833328,46.43,1.0
64,1217.45,2020-04-15 13:35:00+05:30,1224.9,1217.0,1220.0,241044,37.301266945659044,1224.3285714285716,-1.4020540942032937,1259.1573733963896,1235.3574999999996,1211.5576266036096,47.6,1.0
65,1209.75,2020-04-15 13:45:00+05:30,1217.5,1203.5,1217.15,282198,33.37019890401751,1218.9857142857145,-3.931068041641531,1259.4349205781787,1233.5674999999997,1207.7000794218206,51.73,4.0
66,1206.4,2020-04-15 13:55:00+05:30,1215.0,1204.95,1210.0,132502,31.800006224717436,1214.3857142857144,-1.570192679300078,1259.4345800699286,1231.5874999999999,1203.740419930071,55.69,4.0
67,1177.05,2020-04-15 14:05:00+05:30,1206.55,1166.9,1206.2,678329,22.022801652302206,1207.3714285714286,-9.77720457241523,1264.655569423821,1228.2599999999998,1191.8644305761786,72.79,17.0
68,1160.25,2020-04-15 14:15:00+05:30,1177.5,1153.35,1177.2,456868,18.513899494750532,1200.0428571428572,-3.508902157551674,1271.3893218023188,1224.3524999999997,1177.3156781976807,94.07,21.0
69,1179.9,2020-04-15 14:25:00+05:30,1179.9,1159.65,1160.3,260509,32.13422431409954,1195.8285714285716,13.620324819349008,1271.4700937308357,1221.2475,1171.0249062691641,100.45,6.0
70,1177.95,2020-04-15 14:35:00+05:30,1184.0,1175.0,1179.9,223872,31.570276324584995,1189.821428571429,-0.5639479895145456,1271.062261640812,1218.1374999999998,1165.2127383591876,105.85,5.0
71,1175.7,2020-04-15 14:45:00+05:30,1183.8,1175.0,1177.8,152273,30.89650400821847,1183.8571428571431,-0.6737723163665237,1270.36744143488,1215.0449999999998,1159.7225585651197,110.64,5.0
72,1175.2,2020-04-15 14:55:00+05:30,1180.0,1175.0,1175.5,208399,30.73950251461295,1178.921428571429,-0.15700149360552018,1269.5163022303068,1212.15,1154.7836977696934,114.73,4.0
73,1169.1,2020-04-15 15:05:00+05:30,1175.2,1165.0,1175.1,306573,28.81566826226191,1173.5928571428576,-1.9238342523510426,1267.730435982839,1208.6875,1149.644564017161,118.09,3.0
74,1175.35,2020-04-15 15:15:00+05:30,1179.25,1169.05,1169.1,311621,33.41388423095452,1173.3500000000006,4.598215968692614,1264.6892592067204,1205.5525,1146.4157407932796,118.27,0.0
75,1181.0,2020-04-15 15:25:00+05:30,1181.0,1175.0,1175.4,146453,37.353508637894215,1176.3142857142864,3.939624406939693,1259.905626042001,1202.48,1145.0543739579991,114.85,-3.0
76,1135.2,2020-04-16 09:15:00+05:30,1164.95,1135.1,1164.95,532737,24.631344975724474,1169.9285714285722,-12.722163662169741,1258.214196839759,1197.0,1135.785803160241,122.43,8.0
77,1126.65,2020-04-16 09:25:00+05:30,1139.9,1114.55,1135.4,479523,23.052862527719583,1162.6000000000008,-1.5784824480048911,1255.1293105505094,1190.9900000000002,1126.850689449491,128.28,6.0
78,1143.3,2020-04-16 09:35:00+05:30,1144.4,1125.5,1125.7,491621,32.16903313543237,1157.9714285714294,9.116170607712789,1247.5643662241966,1185.7975000000001,1124.0306337758036,123.53,-5.0
79,1127.2,2020-04-16 09:45:00+05:30,1144.25,1127.15,1144.0,290636,28.636138017253217,1151.1142857142866,-3.5328951181791552,1242.037067263192,1180.2275000000002,1118.4179327368083,123.62,0.0
80,1125.25,2020-04-16 09:55:00+05:30,1132.75,1122.0,1127.35,256749,28.231726428426597,1144.8500000000008,-0.4044115888266191,1237.6773273648973,1175.1825000000001,1112.687672635103,124.99,1.0
81,1128.75,2020-04-16 10:05:00+05:30,1135.0,1122.9,1125.25,186354,30.138782283101477,1138.192857142858,1.90705585467488,1234.3582606969344,1171.0425,1107.7267393030656,126.63,2.0
82,1141.25,2020-04-16 10:15:00+05:30,1142.65,1128.45,1128.75,253871,36.61665920245085,1132.5142857142866,6.47787691934937,1229.5794241575493,1167.635,1105.6905758424507,123.89,-3.0
83,1140.0,2020-04-16 10:25:00+05:30,1147.6,1139.4,1140.7,424059,36.254629093898195,1133.200000000001,-0.36203010855265205,1221.542149817616,1163.635,1105.727850182384,115.81,-8.0
84,1136.5,2020-04-16 10:35:00+05:30,1141.95,1133.55,1140.0,210930,35.20505356454527,1134.6071428571436,-1.0495755293529285,1212.7812657110883,1159.5875,1106.393734288912,106.39,-9.0
85,1143.4,2020-04-16 10:45:00+05:30,1144.9,1133.35,1135.9,199007,38.95696093033539,1134.6214285714293,3.7519073657901245,1204.3185105744274,1156.27,1108.2214894255726,96.1,-10.0
86,1147.55,2020-04-16 10:55:00+05:30,1155.35,1143.35,1143.4,302245,41.163646279315465,1137.5285714285721,2.2066853489800735,1195.2697845925431,1153.3274999999999,1111.3852154074566,83.88,-12.0
87,1150.3,2020-04-16 11:05:00+05:30,1154.8,1140.3,1147.35,255372,42.64329206457162,1141.1071428571436,1.479645785256153,1192.4260912265763,1151.99,1111.5539087734237,80.87,-3.0
88,1159.0,2020-04-16 11:15:00+05:30,1161.85,1150.55,1150.55,384243,47.16982133186572,1145.4285714285722,4.5265292672941015,1192.3136684895082,1151.9275,1111.5413315104918,80.77,-0.0
89,1150.15,2020-04-16 11:25:00+05:30,1160.9,1148.1,1159.0,295484,43.41627025717684,1146.7000000000007,-3.753551074688879,1188.6193496126098,1150.44,1112.2606503873903,76.36,-4.0
90,1145.0,2020-04-16 11:35:00+05:30,1152.15,1142.55,1151.1,204724,41.35400594627798,1147.4142857142865,-2.062264310898861,1184.7527305917286,1148.7925,1112.8322694082715,71.92,-4.0
91,1138.1,2020-04-16 11:45:00+05:30,1145.8,1137.0,1145.2,182111,38.70155835394353,1147.642857142858,-2.652447592334447,1180.822704565646,1146.9125,1113.0022954343538,67.82,-4.0
92,1144.2,2020-04-16 11:55:00+05:30,1147.45,1137.0,1138.1,213275,42.229342191862386,1147.757142857144,3.5277838379188537,1176.553454744837,1145.3624999999997,1114.1715452551625,62.38,-5.0
93,1145.5,2020-04-16 12:05:00+05:30,1146.45,1140.0,1144.15,194134,42.98245365367714,1147.4642857142867,0.7531114618147541,1173.3096671883964,1144.1825,1115.0553328116034,58.25,-4.0
94,1150.9,2020-04-16 12:15:00+05:30,1152.75,1145.25,1146.05,360871,46.124265955659624,1147.5500000000009,3.1418123019824833,1168.3979865141578,1142.96,1117.5220134858423,50.88,-7.0
95,1140.9,2020-04-16 12:25:00+05:30,1151.25,1140.0,1150.6,201428,41.5574687925668,1144.9642857142867,-4.566797163092822,1159.0220359902617,1140.9550000000002,1122.8879640097387,36.13,-15.0
96,1140.2,2020-04-16 12:35:00+05:30,1143.85,1140.0,1140.95,175982,41.249586594315666,1143.5428571428583,-0.3078821982511357,1159.0740234763887,1141.2050000000002,1123.3359765236116,35.74,-0.0
97,1133.0,2020-04-16 12:45:00+05:30,1140.5,1126.0,1140.45,423809,38.12119482053428,1141.8285714285726,-3.128391773781388,1158.50634604015,1141.5225,1124.53865395985,33.97,-2.0
98,1139.3,2020-04-16 12:55:00+05:30,1141.0,1130.0,1133.25,254615,42.24841979782577,1142.0000000000011,4.12722497729149,1158.3124188375045,1141.3225,1124.3325811624954,33.98,0.0
99,1133.45,2020-04-16 13:05:00+05:30,1140.45,1132.4,1139.4,282122,39.606710653576755,1140.464285714287,-2.6417091442490133,1157.7379614798267,1141.635,1125.5320385201733,32.21,-2.0
100,1133.8,2020-04-16 13:15:00+05:30,1135.95,1129.75,1133.1,202114,39.84904441450025,1138.7928571428583,0.24233376092349346,1156.7233276853929,1142.0625,1127.4016723146071,29.32,-3.0
101,1131.0,2020-04-16 13:25:00+05:30,1135.95,1130.1,1133.65,132963,38.51749305766437,1135.9500000000012,-1.331551356835881,1156.4347519724404,1142.175,1127.9152480275595,28.52,-1.0
102,1132.05,2020-04-16 13:35:00+05:30,1137.1,1130.0,1131.2,223714,39.336120206776236,1134.6857142857154,0.8186271491118688,1156.6766738438669,1141.715,1126.753326156133,29.92,1.0
103,1133.85,2020-04-16 13:45:00+05:30,1135.5,1131.1,1132.05,133011,40.79153330762528,1133.7785714285726,1.455413100849043,1156.7651408207337,1141.4074999999998,1126.049859179266,30.72,1.0
104,1129.55,2020-04-16 13:55:00+05:30,1133.8,1122.85,1133.8,298443,38.42018070837235,1133.2857142857156,-2.37135259925293,1157.1807483174794,1141.06,1124.9392516825205,32.24,2.0
105,1125.45,2020-04-16 14:05:00+05:30,1131.0,1125.0,1129.2,259958,36.25594095648972,1131.3071428571443,-2.164239751882633,1157.6734552175571,1140.1625,1122.6515447824427,35.02,3.0
106,1127.75,2020-04-16 14:15:00+05:30,1131.9,1125.0,1125.4,330548,38.35382165633118,1130.4928571428584,2.097880699841461,1157.1573027951003,1139.1725,1121.1876972048995,35.97,1.0
107,1127.25,2020-04-16 14:25:00+05:30,1131.1,1126.2,1127.6,402465,38.06056816476507,1129.557142857144,-0.29325349156610514,1155.9565079039696,1138.02,1120.0834920960303,35.87,-0.0
108,1129.75,2020-04-16 14:35:00+05:30,1131.55,1127.0,1127.2,235165,40.50982582685869,1129.3785714285727,2.449257662093615,1151.8691149583005,1136.5575,1121.2458850416992,30.62,-5.0
109,1129.9,2020-04-16 14:45:00+05:30,1131.5,1127.0,1129.8,324509,40.66144013681495,1129.0714285714298,0.15161430995626546,1149.7070657131233,1135.5449999999998,1121.3829342868764,28.32,-2.0
110,1130.05,2020-04-16 14:55:00+05:30,1132.9,1126.1,1129.85,332105,40.823855199835066,1128.5285714285726,0.16241506302011288,1148.4264349701548,1134.7975,1121.168565029845,27.26,-1.0
111,1131.5,2020-04-16 15:05:00+05:30,1131.9,1126.6,1130.0,442964,42.46329589095009,1128.807142857144,1.639440691115027,1148.0793475871756,1134.4675,1120.8556524128244,27.22,-0.0
112,1134.0,2020-04-16 15:15:00+05:30,1134.5,1130.0,1131.5,457726,45.27821541747885,1130.0285714285726,2.8149195265287545,1146.7751389565592,1133.9575,1121.1398610434408,25.64,-2.0
113,1135.0,2020-04-16 15:25:00+05:30,1135.1,1132.0,1134.0,214017,46.407668841374665,1131.0642857142868,1.1294534238958178,1145.0648629766567,1133.4325,1121.800137023343,23.26,-2.0
114,1172.3,2020-04-17 09:15:00+05:30,1187.6,1172.3,1187.35,865820,70.70000051451362,1137.5000000000011,24.292331673138953,1154.1059496158648,1134.5024999999998,1114.8990503841349,39.21,16.0
115,1173.25,2020-04-17 09:25:00+05:30,1181.55,1165.0,1172.05,535891,71.05980572868604,1143.7142857142867,0.3598052141724253,1162.2110026839193,1136.1199999999997,1110.02899731608,52.18,13.0
116,1165.5,2020-04-17 09:35:00+05:30,1173.55,1163.4,1173.4,206668,64.14003344917052,1148.800000000001,-6.919772279515527,1166.5778271651516,1137.3849999999998,1108.192172834848,58.39,6.0
117,1164.45,2020-04-17 09:45:00+05:30,1167.7,1161.35,1164.55,208788,63.241483720896376,1153.714285714287,-0.8985497282741406,1170.4531350359136,1138.9574999999998,1107.4618649640859,62.99,5.0
118,1161.9,2020-04-17 09:55:00+05:30,1165.75,1155.3,1164.1,243616,61.006250549378876,1158.057142857144,-2.2352331715175,1173.2143197116811,1140.0874999999999,1106.9606802883186,66.25,3.0
119,1158.25,2020-04-17 10:05:00+05:30,1166.2,1150.15,1161.9,264059,57.85420089633052,1161.5214285714299,-3.1520496530483584,1175.255139330287,1141.3274999999999,1107.3998606697128,67.86,2.0
120,1159.4,2020-04-17 10:15:00+05:30,1164.0,1152.0,1158.65,298163,58.58033191586984,1165.0071428571441,0.7261310195393236,1177.2632092585081,1142.6074999999998,1107.9517907414915,69.31,1.0
121,1152.2,2020-04-17 10:25:00+05:30,1161.0,1150.0,1159.9,580204,52.483517559993274,1162.1357142857155,-6.0968143558765675,1178.124632406571,1143.6675,1109.210367593429,68.91,-0.0
122,1153.0,2020-04-17 10:35:00+05:30,1158.95,1145.2,1152.0,298447,53.067987918694904,1159.2428571428584,0.5844703587016298,1178.9581875668225,1144.715,1110.4718124331773,68.49,-0.0
123,1149.0,2020-04-17 10:45:00+05:30,1155.6,1146.0,1152.6,211671,49.771484789365225,1156.8857142857155,-3.296503129329679,1179.372251202313,1145.4725,1111.5727487976872,67.8,-1.0
124,1151.0,2020-04-17 10:55:00+05:30,1156.5,1148.85,1148.95,151935,51.39717239536313,1154.964285714287,1.6256876059979035,1179.6721537532167,1146.545,1113.4178462467835,66.25,-2.0
125,1157.0,2020-04-17 11:05:00+05:30,1162.5,1150.25,1151.7,173199,55.99827957377899,1154.2642857142869,4.601107178415859,1180.0013079252758,1148.1225,1116.243692074724,63.76,-2.0
126,1156.85,2020-04-17 11:15:00+05:30,1162.25,1156.0,1157.0,136425,55.85591737251169,1154.0642857142868,-0.14236220126729648,1180.17167686251,1149.5774999999999,1118.9833231374898,61.19,-3.0
127,1151.2,2020-04-17 11:25:00+05:30,1157.0,1150.0,1156.25,131600,50.6342820367403,1152.8928571428585,-5.2216353357713885,1179.507715628152,1150.775,1122.0422843718482,57.47,-4.0
128,1148.75,2020-04-17 11:35:00+05:30,1153.4,1148.05,1151.0,107605,48.51627630862437,1152.4000000000012,-2.118005728115932,1178.7355340074616,1151.725,1124.7144659925382,54.02,-3.0
129,1144.0,2020-04-17 11:45:00+05:30,1149.7,1140.0,1148.75,232355,44.619385248217085,1151.1142857142872,-3.8968910604072846,1177.7234649350555,1152.4299999999998,1127.1365350649442,50.59,-3.0
130,1140.75,2020-04-17 11:55:00+05:30,1147.5,1135.0,1144.0,213548,42.12618387160265,1149.9357142857157,-2.4932013766144365,1176.667944520612,1152.965,1129.2620554793878,47.41,-3.0
131,1143.5,2020-04-17 12:05:00+05:30,1144.0,1136.35,1141.15,149272,44.930204815021185,1148.8642857142872,2.8040209434185357,1175.5234799588932,1153.565,1131.606520041107,43.92,-3.0
132,1144.5,2020-04-17 12:15:00+05:30,1150.0,1140.0,1143.05,125486,45.95562444191135,1147.0785714285728,1.0254196268901623,1174.528369488985,1154.09,1133.651630511015,40.88,-3.0
133,1139.65,2020-04-17 12:25:00+05:30,1145.05,1136.5,1144.5,106044,41.88233328053031,1144.62142857143,-4.073291161381036,1173.9356393928142,1154.3225,1134.7093606071858,39.23,-2.0
134,1141.4,2020-04-17 12:35:00+05:30,1142.2,1138.0,1140.15,68402,43.81737271943463,1143.22142857143,1.9350394389043188,1171.2637246010333,1152.7775000000001,1134.291275398967,36.97,-2.0
135,1145.9,2020-04-17 12:45:00+05:30,1146.95,1141.0,1142.1,131901,48.56022761137168,1142.814285714287,4.74285489193705,1167.3971198156464,1151.4100000000003,1135.4228801843542,31.97,-5.0
136,1145.8,2020-04-17 12:55:00+05:30,1148.85,1143.3,1146.0,131828,48.46232051556408,1143.0714285714298,-0.09790709580759938,1165.133268351324,1150.4250000000002,1135.7167316486764,29.42,-3.0
137,1146.6,2020-04-17 13:05:00+05:30,1148.0,1144.5,1145.8,130276,49.34226225048395,1143.9071428571442,0.8799417349198677,1162.7479723913345,1149.5325,1136.3170276086655,26.43,-3.0
138,1144.05,2020-04-17 13:15:00+05:30,1146.1,1141.0,1146.0,109123,46.61047150653257,1143.9857142857156,-2.731790743951379,1160.6990913509403,1148.6399999999999,1136.5809086490594,24.12,-2.0
139,1145.85,2020-04-17 13:25:00+05:30,1148.3,1143.55,1144.2,116347,48.76671395741854,1144.1785714285727,2.156242450885969,1159.2449440275152,1148.02,1136.7950559724848,22.45,-2.0
140,1144.55,2020-04-17 13:35:00+05:30,1149.0,1141.5,1145.85,194654,47.28150244954968,1144.8785714285727,-1.4852115078688612,1157.2248072262,1147.2774999999997,1137.3301927737994,19.89,-3.0
141,1146.35,2020-04-17 13:45:00+05:30,1148.0,1143.0,1144.55,76384,49.571599273766275,1145.5857142857155,2.2900968242165973,1156.6632501680608,1146.9849999999997,1137.3067498319385,19.36,-1.0
142,1150.0,2020-04-17 13:55:00+05:30,1152.2,1145.3,1146.35,130822,53.94089424041941,1146.17142857143,4.369294966653136,1156.2089336235501,1146.8349999999996,1137.461066376449,18.75,-1.0
143,1152.7,2020-04-17 14:05:00+05:30,1157.0,1148.2,1149.9,150919,56.91475300643383,1147.1571428571444,2.9738587660144162,1156.7144042459552,1147.0199999999998,1137.3255957540443,19.39,1.0
144,1159.2,2020-04-17 14:15:00+05:30,1160.0,1148.1,1152.1,201598,63.09278786381281,1148.9571428571442,6.178034857378982,1158.437767592396,1147.4299999999998,1136.4222324076036,22.02,3.0
145,1160.25,2020-04-17 14:25:00+05:30,1162.85,1155.95,1159.2,223819,63.9910293308013,1151.2714285714299,0.8982414669884875,1159.2706521158912,1147.5924999999997,1135.9143478841083,23.36,1.0
146,1159.55,2020-04-17 14:35:00+05:30,1164.9,1156.1,1160.9,164979,62.89209598424633,1153.2285714285729,-1.0989333465549649,1159.9078757179886,1147.7274999999997,1135.5471242820108,24.36,1.0
147,1167.0,2020-04-17 14:45:00+05:30,1169.0,1159.6,1159.6,246827,68.99488690987172,1156.4357142857157,6.102790925625392,1163.3967074986965,1148.5174999999997,1133.6382925013029,29.76,5.0
148,1172.75,2020-04-17 14:55:00+05:30,1175.8,1167.05,1167.6,311769,72.72349732188005,1160.2071428571442,3.7286104120083223,1168.1278310527944,1149.7174999999997,1131.3071689472051,36.82,7.0
149,1195.95,2020-04-17 15:05:00+05:30,1197.95,1172.75,1173.1,461984,82.08485500452714,1166.77142857143,9.361357682647096,1179.7674680129096,1152.3149999999998,1124.86253198709,54.9,18.0
150,1188.0,2020-04-17 15:15:00+05:30,1197.9,1186.95,1195.9,311477,72.85729224744875,1171.814285714287,-9.227562757078388,1185.8234125475703,1154.6774999999998,1123.5315874524292,62.29,7.0
151,1195.0,2020-04-17 15:25:00+05:30,1197.45,1186.95,1187.7,150619,75.47188330026357,1176.9285714285727,2.6145910528148164,1192.7228059651736,1157.2524999999998,1121.782194034826,70.94,9.0
152,1215.55,2020-04-20 09:15:00+05:30,1220.0,1197.6,1220.0,753160,81.19792847565797,1184.8285714285726,5.726045175394404,1204.2361178764709,1160.8049999999998,1117.3738821235288,86.86,16.0
153,1206.35,2020-04-20 09:25:00+05:30,1224.45,1205.05,1215.3,395803,72.98352405913047,1191.514285714287,-8.2144044165275,1210.8510107610155,1164.1399999999996,1117.4289892389838,93.42,7.0
154,1202.85,2020-04-20 09:35:00+05:30,1211.0,1201.2,1206.4,219015,70.07894253128622,1196.6357142857157,-2.9045815278442575,1215.6766253647309,1167.2124999999994,1118.748374635268,96.93,4.0
155,1198.0,2020-04-20 09:45:00+05:30,1207.45,1189.25,1200.0,365264,66.15024515358142,1200.2428571428586,-3.9286973777047933,1219.0528988508263,1169.8174999999994,1120.5821011491726,98.47,2.0
156,1201.7,2020-04-20 09:55:00+05:30,1203.3,1193.0,1198.75,143612,67.64065407214551,1201.064285714287,1.4904089185640856,1222.4501403407787,1172.6124999999995,1122.7748596592203,99.68,1.0
157,1194.2,2020-04-20 10:05:00+05:30,1202.5,1191.9,1201.85,137694,61.70941331243776,1201.9500000000014,-5.931240759707748,1224.14122461803,1174.9924999999996,1125.8437753819692,98.3,-1.0
158,1192.0,2020-04-20 10:15:00+05:30,1196.1,1190.0,1194.75,137122,60.04612013427662,1201.52142857143,-1.6632931781611404,1224.8318047939292,1177.3899999999996,1129.94819520607,94.88,-3.0
159,1198.35,2020-04-20 10:25:00+05:30,1202.7,1191.65,1192.0,158160,63.13477909293254,1199.0642857142873,3.0886589586559197,1225.892825167561,1180.0149999999996,1134.1371748324382,91.76,-3.0
160,1196.55,2020-04-20 10:35:00+05:30,1201.0,1195.3,1198.95,89315,61.67920856494219,1197.6642857142872,-1.4555705279903464,1225.8478347439773,1182.6149999999996,1139.3821652560218,86.47,-5.0
161,1197.6,2020-04-20 10:45:00+05:30,1200.0,1195.1,1196.05,66281,62.22629463159198,1196.9142857142872,0.5470860666497899,1225.3251023404173,1185.1774999999996,1145.0298976595818,80.3,-6.0
162,1201.2,2020-04-20 10:55:00+05:30,1205.95,1197.05,1197.9,178898,64.11776091825095,1197.3714285714302,1.891466286658968,1224.855758735817,1187.7374999999997,1150.6192412641824,74.24,-6.0
163,1197.9,2020-04-20 11:05:00+05:30,1204.0,1196.15,1201.7,107885,61.09760525940533,1196.8285714285728,-3.020155658845624,1223.4572397510897,1189.9974999999997,1156.5377602489098,66.92,-7.0
164,1190.7,2020-04-20 11:15:00+05:30,1197.9,1190.7,1197.75,135532,55.00937675940162,1196.3285714285728,-6.088228500003709,1221.730949544821,1191.5724999999998,1161.4140504551785,60.32,-7.0
165,1184.55,2020-04-20 11:25:00+05:30,1192.95,1182.0,1191.7,286853,50.39043812293966,1195.264285714287,-4.618938636461955,1219.379819330374,1192.7874999999997,1166.1951806696254,53.18,-7.0
166,1188.7,2020-04-20 11:35:00+05:30,1191.0,1181.0,1182.75,193736,53.24346245334829,1193.8857142857157,2.85302433040863,1215.9048561495968,1194.2449999999997,1172.5851438504026,43.32,-10.0
167,1192.75,2020-04-20 11:45:00+05:30,1193.0,1187.0,1188.4,103826,55.90840298985097,1193.3428571428587,2.6649405365026766,1213.0358914007115,1195.5324999999998,1178.029108599288,35.01,-8.0
168,1188.5,2020-04-20 11:55:00+05:30,1192.7,1186.0,1192.7,84534,52.525174904017355,1192.0428571428586,-3.383228085833615,1210.6342328875176,1196.3199999999997,1182.0057671124819,28.63,-6.0
169,1191.15,2020-04-20 12:05:00+05:30,1194.0,1187.6,1188.5,86015,54.3789666163581,1190.6071428571443,1.853791712340744,1210.5801052627824,1196.0799999999997,1181.579894737217,29.0,0.0
170,1188.85,2020-04-20 12:15:00+05:30,1191.15,1186.15,1191.15,85042,52.464151438762435,1189.314285714287,-1.9148151775956634,1210.5275603316363,1196.1224999999997,1181.717439668363,28.81,-0.0
171,1187.45,2020-04-20 12:25:00+05:30,1191.75,1186.25,1188.05,82681,51.280475452152295,1188.8500000000015,-1.1836759866101403,1210.6605835145372,1195.7449999999997,1180.8294164854622,29.83,1.0
172,1187.25,2020-04-20 12:35:00+05:30,1190.9,1184.05,1187.1,118499,51.1030957027543,1189.2357142857159,-0.17737974939799273,1206.440343556349,1194.3299999999997,1182.2196564436504,24.22,-6.0
173,1187.1,2020-04-20 12:45:00+05:30,1189.0,1182.6,1186.8,142335,50.9607207796341,1189.0071428571443,-0.14237492312020095,1204.4736990750619,1193.3674999999998,1182.2613009249378,22.21,-2.0
174,1190.65,2020-04-20 12:55:00+05:30,1193.85,1186.0,1187.1,106098,54.21203827937485,1188.7071428571442,3.2513174997407503,1202.9754035340789,1192.7575,1182.539596465921,20.44,-2.0
175,1193.9,2020-04-20 13:05:00+05:30,1196.3,1187.1,1190.7,114667,57.02139756221963,1189.4785714285729,2.809359282844781,1202.488160124291,1192.5525,1182.616839875709,19.87,-1.0
176,1197.65,2020-04-20 13:15:00+05:30,1199.0,1190.55,1193.85,143206,60.06600511726557,1190.4071428571442,3.0446075550459355,1201.6451034081704,1192.35,1183.0548965918294,18.59,-1.0
177,1195.0,2020-04-20 13:25:00+05:30,1197.65,1193.7,1197.5,75920,56.99342592784781,1191.2857142857156,-3.072579189417759,1201.72542207205,1192.3899999999999,1183.0545779279498,18.67,0.0
178,1193.15,2020-04-20 13:35:00+05:30,1195.0,1190.8,1194.75,93803,54.88275383234652,1192.100000000001,-2.110672095501286,1201.7869733876196,1192.4475,1183.1080266123804,18.68,0.0
179,1190.7,2020-04-20 13:45:00+05:30,1195.45,1188.75,1193.15,93767,52.12942562514254,1192.5928571428583,-2.7533282072039853,1201.0046867954172,1192.065,1183.1253132045829,17.88,-1.0
180,1187.8,2020-04-20 13:55:00+05:30,1190.7,1185.65,1190.7,127208,48.99613615574969,1192.6928571428582,-3.1332894693928495,1200.4991861863812,1191.6275,1182.755813813619,17.74,-0.0
181,1185.8,2020-04-20 14:05:00+05:30,1188.8,1185.1,1187.95,108783,46.90236596938198,1192.0000000000011,-2.0937701863677063,1199.8056766093516,1191.0375000000001,1182.2693233906487,17.54,-0.0
182,1189.75,2020-04-20 14:15:00+05:30,1195.2,1185.8,1185.8,283150,51.326343708734356,1191.407142857144,4.423977739352374,1197.8207782514398,1190.4650000000001,1183.1092217485605,14.71,-3.0
183,1193.35,2020-04-20 14:25:00+05:30,1196.45,1189.8,1189.9,186808,55.005805778738484,1190.7928571428583,3.679462070004128,1196.8710570358223,1190.2375,1183.6039429641776,13.27,-1.0
184,1192.75,2020-04-20 14:35:00+05:30,1195.0,1190.0,1193.35,136701,54.26946419696453,1190.4714285714297,-0.7363415817739565,1197.0663503829212,1190.34,1183.6136496170786,13.45,0.0
185,1175.1,2020-04-20 14:45:00+05:30,1193.7,1175.1,1193.2,261141,38.10840790582168,1187.8928571428585,-16.16105629114285,1199.1487927298397,1189.8674999999998,1180.58620727016,18.56,5.0
186,1179.5,2020-04-20 14:55:00+05:30,1180.0,1172.45,1175.15,225462,42.69020365002917,1186.2928571428583,4.58179574420749,1199.7802007598195,1189.4074999999998,1179.03479924018,20.75,2.0
187,1177.45,2020-04-20 15:05:00+05:30,1181.85,1172.75,1179.0,235782,41.16130372348414,1184.814285714287,-1.52889992654503,1200.1697800005313,1188.6425,1177.1152199994685,23.05,2.0
188,1179.5,2020-04-20 15:15:00+05:30,1181.0,1175.9,1177.3,201422,43.34636343156684,1183.9142857142872,2.1850597080827043,1200.4243512176467,1188.1924999999999,1175.960648782353,24.46,1.0
189,1177.8,2020-04-20 15:25:00+05:30,1180.7,1175.5,1179.35,69249,41.95492820669424,1182.2071428571442,-1.3914352248726019,1200.5110856709302,1187.5249999999999,1174.5389143290695,25.97,2.0
190,1143.15,2020-04-21 09:15:00+05:30,1152.9,1140.05,1150.0,284211,24.612613607344812,1175.0357142857156,-17.34231459934943,1208.9220740556868,1185.24,1161.5579259443132,47.36,21.0
191,1144.5,2020-04-21 09:25:00+05:30,1144.85,1138.4,1142.95,174156,25.89781243262304,1168.1428571428585,1.2851988252782292,1212.9222674532648,1183.0925,1153.2627325467352,59.66,12.0
192,1143.0,2020-04-21 09:35:00+05:30,1146.0,1141.0,1143.5,108084,25.380078338768215,1163.557142857144,-0.5177340938548269,1215.578223828348,1180.8799999999999,1146.1817761716518,69.4,10.0
193,1137.45,2020-04-21 09:45:00+05:30,1143.2,1135.45,1143.2,159836,23.50751381449018,1157.5500000000013,-1.872564524278033,1217.9823519006957,1178.3975,1138.8126480993044,79.17,10.0
194,1144.0,2020-04-21 09:55:00+05:30,1145.4,1136.6,1137.3,104799,30.065469767327585,1152.7714285714299,6.557955952837403,1218.0357053224407,1176.065,1134.0942946775594,83.94,5.0
195,1140.85,2020-04-21 10:05:00+05:30,1144.0,1140.05,1143.6,51740,28.787254774731522,1147.2500000000014,-1.2782149925960624,1217.298978855289,1173.4125,1129.5260211447107,87.77,4.0
196,1142.6,2020-04-21 10:15:00+05:30,1143.8,1139.15,1140.8,53731,30.553688213209796,1142.22142857143,1.7664334384782734,1215.0483294287312,1170.6599999999996,1126.271670571268,88.78,1.0
197,1141.05,2020-04-21 10:25:00+05:30,1143.0,1139.5,1142.6,52717,29.84749145643825,1141.92142857143,-0.706196756771547,1212.6787383668848,1167.9624999999996,1123.2462616331145,89.43,1.0
198,1140.9,2020-04-21 10:35:00+05:30,1142.55,1138.05,1141.05,51105,29.775766668482433,1141.4071428571442,-0.07172478795581583,1209.97543527725,1165.3499999999997,1120.7245647227494,89.25,-0.0
199,1146.0,2020-04-21 10:45:00+05:30,1146.5,1140.9,1140.9,93814,35.454975119145885,1141.8357142857155,5.679208450663452,1206.8635289978242,1163.1149999999996,1119.3664710021749,87.5,-2.0
200,1153.45,2020-04-21 10:55:00+05:30,1154.6,1144.45,1146.2,106000,42.73987927361231,1144.12142857143,7.284904154466425,1203.7400936480262,1161.3974999999996,1119.054906351973,84.69,-3.0
201,1146.9,2020-04-21 11:05:00+05:30,1153.45,1145.4,1153.1,71525,38.613493084674715,1144.5357142857158,-4.126386188937595,1200.6331990431681,1159.4524999999999,1118.2718009568316,82.36,-2.0
202,1147.95,2020-04-21 11:15:00+05:30,1149.0,1144.0,1146.85,63204,39.61987601756315,1145.5500000000015,1.0063829328884353,1196.2477410778683,1157.3624999999997,1118.477258922131,77.77,-5.0
203,1147.95,2020-04-21 11:25:00+05:30,1150.3,1146.0,1147.95,84353,39.61987601756315,1146.3142857142873,0.0,1190.254475200488,1155.0925,1119.9305247995119,70.32,-7.0
204,1146.1,2020-04-21 11:35:00+05:30,1150.95,1142.8,1148.0,95741,38.335639971831746,1147.035714285716,-1.2842360457314044,1183.2876337283508,1152.7599999999998,1122.2323662716487,61.06,-9.0
205,1145.7,2020-04-21 11:45:00+05:30,1150.0,1141.8,1146.1,460388,38.04846812193344,1147.7214285714304,-0.28717184989830713,1180.0695541459872,1151.29,1122.5104458540127,57.56,-4.0
206,1154.25,2020-04-21 11:55:00+05:30,1155.0,1145.85,1145.85,200855,47.160024423220676,1148.9000000000017,9.111556301287237,1175.637232422197,1150.0275,1124.4177675778028,51.22,-6.0
207,1151.05,2020-04-21 12:05:00+05:30,1154.55,1149.55,1154.55,61375,44.520824677341345,1148.5571428571445,-2.6391997458793313,1170.853101321581,1148.7075,1126.5618986784189,44.29,-7.0
208,1149.8,2020-04-21 12:15:00+05:30,1152.0,1149.0,1151.05,51831,43.49682339912057,1148.9714285714304,-1.0240012782207728,1164.0087247722627,1147.2224999999999,1130.436275227737,33.57,-11.0
209,1138.85,2020-04-21 12:25:00+05:30,1150.0,1138.15,1149.75,182683,35.74151540343561,1147.6714285714304,-7.755307995684959,1154.425237270416,1145.2749999999999,1136.1247627295838,18.3,-15.0
210,1137.7,2020-04-21 12:35:00+05:30,1143.4,1137.7,1138.55,93938,35.035015307810696,1146.2071428571446,-0.7065000956249179,1154.7258563081057,1145.0024999999998,1135.279143691894,19.45,1.0
211,1131.55,2020-04-21 12:45:00+05:30,1142.95,1130.3,1137.7,193373,31.454215219197195,1144.1285714285732,-3.5808000886135005,1155.7928365639134,1144.3549999999998,1132.9171634360862,22.88,3.0
212,1129.0,2020-04-21 12:55:00+05:30,1133.8,1127.9,1131.55,149220,30.081359274281127,1141.7428571428588,-1.3728559449160684,1156.9970940516785,1143.6549999999997,1130.312905948321,26.68,4.0
213,1136.4,2020-04-21 13:05:00+05:30,1138.7,1127.6,1129.5,108663,38.47370048217061,1139.192857142859,8.39234120788948,1157.0552037000646,1143.6024999999997,1130.149796299935,26.91,0.0
214,1129.2,2020-04-21 13:15:00+05:30,1136.7,1129.0,1136.4,93263,34.175466375783074,1136.0714285714305,-4.2982341063875324,1157.7724357547288,1142.8624999999997,1127.9525642452707,29.82,3.0
215,1129.95,2020-04-21 13:25:00+05:30,1133.0,1127.85,1129.25,97411,34.99020508858915,1133.235714285716,0.8147387128060757,1158.2957508429306,1142.3174999999999,1126.3392491570692,31.96,2.0
216,1133.35,2020-04-21 13:35:00+05:30,1137.15,1129.95,1129.95,70125,38.694715430430904,1132.4500000000019,3.704510341841754,1158.3266950202983,1141.855,1125.3833049797017,32.94,1.0
217,1134.3,2020-04-21 13:45:00+05:30,1136.0,1130.0,1133.3,103692,39.72818023586463,1131.9642857142874,1.0334648054337237,1158.3316943481855,1141.5175,1124.7033056518144,33.63,1.0
218,1131.8,2020-04-21 13:55:00+05:30,1136.0,1130.5,1134.3,88580,37.916716728539285,1132.0000000000016,-1.8114635073253424,1158.4304340043236,1141.0624999999998,1123.694565995676,34.74,1.0
219,1131.75,2020-04-21 14:05:00+05:30,1134.8,1130.5,1131.8,77496,37.87951612219879,1132.3928571428587,-0.037200606340498155,1158.0314205192497,1140.35,1122.6685794807502,35.36,1.0
220,1137.4,2020-04-21 14:15:00+05:30,1142.0,1131.5,1131.7,163239,44.50525452788766,1132.5357142857158,6.625738405688871,1156.1494489978104,1139.5475,1122.9455510021894,33.2,-2.0
221,1138.55,2020-04-21 14:25:00+05:30,1140.95,1135.2,1137.8,139421,45.77304861098433,1133.87142857143,1.2677940830966747,1155.3694386732,1139.1299999999997,1122.8905613267993,32.48,-1.0
222,1135.0,2020-04-21 14:35:00+05:30,1138.7,1132.9,1138.55,214046,42.54209359454555,1134.5928571428585,-3.2309550164387844,1154.2675453877807,1138.4824999999996,1122.6974546122185,31.57,-1.0
223,1130.5,2020-04-21 14:45:00+05:30,1134.75,1128.0,1134.6,154732,38.80308728759199,1134.1857142857154,-3.7390063069535557,1153.1182864097866,1137.6099999999997,1122.1017135902127,31.02,-1.0
224,1129.0,2020-04-21 14:55:00+05:30,1132.5,1125.0,1130.25,151110,37.61628951645253,1133.4285714285727,-1.1867977711394602,1152.1777412403878,1136.7549999999997,1121.3322587596115,30.85,-0.0
225,1130.7,2020-04-21 15:05:00+05:30,1133.3,1126.8,1129.05,166961,39.86124244103275,1133.2714285714296,2.2449529245802182,1151.0504714291658,1136.0049999999997,1120.9595285708335,30.09,-1.0
226,1129.65,2020-04-21 15:15:00+05:30,1132.0,1129.0,1130.7,143663,38.92940770964431,1132.9714285714297,-0.9318347313884416,1147.361437981103,1134.7749999999999,1122.1885620188966,25.17,-5.0
227,1129.5,2020-04-21 15:25:00+05:30,1130.55,1127.4,1129.8,60801,38.789901550169,1131.8428571428583,-0.1395061594753102,1143.877122317445,1133.6974999999998,1123.5178776825546,20.36,-5.0
228,1119.7,2020-04-22 09:15:00+05:30,1127.05,1108.2,1127.05,420048,30.978981075404207,1129.1500000000012,-7.810920474764792,1141.1785286292559,1132.1924999999999,1123.2064713707439,17.97,-2.0
229,1120.0,2020-04-22 09:25:00+05:30,1125.0,1114.0,1119.95,155050,31.43414860622805,1127.0071428571443,0.455167530823843,1141.1985518649703,1131.25,1121.3014481350297,19.9,2.0
230,1116.0,2020-04-22 09:35:00+05:30,1120.85,1113.1,1120.0,89442,28.715061738712166,1124.9357142857157,-2.719086867515884,1141.7502946717398,1130.165,1118.5797053282602,23.17,3.0
231,1116.9,2020-04-22 09:45:00+05:30,1119.85,1114.5,1116.0,97351,30.178511060548942,1123.2071428571442,1.4634493218367766,1142.4171174172802,1129.4325000000001,1116.44788258272,25.97,3.0
232,1121.0,2020-04-22 09:55:00+05:30,1122.15,1115.1,1117.4,87883,36.567307979361125,1121.82142857143,6.388796918812183,1142.5549676586188,1129.0325,1115.5100323413812,27.04,1.0
233,1119.35,2020-04-22 10:05:00+05:30,1121.0,1114.5,1121.0,105692,35.17248899178432,1120.3500000000015,-1.3948189875768051,1141.895200940618,1128.1799999999998,1114.4647990593817,27.43,0.0
234,1121.1,2020-04-22 10:15:00+05:30,1124.0,1117.45,1119.45,144482,37.878953954677144,1119.1500000000015,2.7064649628928237,1141.8373611104046,1127.7749999999999,1113.7126388895952,28.12,1.0
235,1139.3,2020-04-22 10:25:00+05:30,1139.7,1120.05,1121.45,345089,57.67126085540269,1121.9500000000014,19.79230690072555,1143.2023506536118,1128.2424999999998,1113.2826493463879,29.92,2.0
236,1143.15,2020-04-22 10:35:00+05:30,1149.9,1136.6,1138.2,327181,60.5356783863025,1125.2571428571443,2.864417530899807,1144.983047359185,1128.7324999999998,1112.4819526408146,32.5,3.0
237,1135.65,2020-04-22 10:45:00+05:30,1145.35,1135.6,1143.15,137206,53.010024920666226,1128.064285714287,-7.525653465636275,1145.1587735996206,1128.8,1112.4412264003793,32.72,0.0
238,1140.4,2020-04-22 10:55:00+05:30,1143.8,1135.0,1135.65,120937,56.682923767263574,1131.42142857143,3.6728988465973487,1146.354970994965,1129.23,1112.105029005035,34.25,2.0
239,1142.3,2020-04-22 11:05:00+05:30,1143.9,1137.4,1140.4,102235,58.093918778426726,1134.464285714287,1.410995011163152,1147.8328765338806,1129.7575000000002,1111.6821234661197,36.15,2.0
240,1139.2,2020-04-22 11:15:00+05:30,1144.75,1137.65,1142.3,109895,54.94893507649126,1137.3000000000013,-3.144983701935466,1148.1001558990158,1129.8475,1111.5948441009843,36.51,0.0
241,1133.1,2020-04-22 11:25:00+05:30,1140.0,1132.55,1138.45,76857,49.293918372404576,1139.014285714287,-5.655016704086684,1147.439210030098,1129.575,1111.7107899699022,35.73,-1.0
242,1139.9,2020-04-22 11:35:00+05:30,1141.05,1131.0,1133.1,87292,54.869709564455356,1139.1000000000013,5.575791192050779,1148.1264095763863,1129.8200000000002,1111.513590423614,36.61,1.0
243,1139.8,2020-04-22 11:45:00+05:30,1141.0,1137.15,1139.9,105174,54.774320361825175,1138.62142857143,-0.09538920263018014,1149.128708987896,1130.285,1111.441291012104,37.69,1.0
244,1140.0,2020-04-22 11:55:00+05:30,1140.0,1137.0,1139.65,113410,54.943031286826674,1139.2428571428586,0.16871092500149842,1150.1568474653218,1130.835,1111.5131525346783,38.64,1.0
245,1151.0,2020-04-22 12:05:00+05:30,1160.8,1139.35,1139.9,460361,63.09697093491264,1140.7571428571443,8.153939648085966,1153.1713014315808,1131.85,1110.528698568419,42.64,4.0
246,1154.15,2020-04-22 12:15:00+05:30,1166.6,1150.45,1151.0,354213,65.04764417909226,1142.4500000000014,1.9506732441796188,1156.5686833615816,1133.075,1109.5813166384185,46.99,4.0
247,1158.6,2020-04-22 12:25:00+05:30,1162.5,1154.15,1154.3,188944,67.64924728514185,1145.22142857143,2.6016031060495948,1160.5590606822363,1134.53,1108.5009393177636,52.06,5.0
248,1156.5,2020-04-22 12:35:00+05:30,1159.7,1154.2,1159.0,146145,65.18351275198859,1148.564285714287,-2.4657345331532667,1163.1762129483286,1136.37,1109.5637870516712,53.61,2.0
249,1156.5,2020-04-22 12:45:00+05:30,1157.4,1153.15,1156.5,117591,65.18351275198859,1150.9357142857157,0.0,1165.2771343324268,1138.195,1111.112865667573,54.16,1.0
250,1157.85,2020-04-22 12:55:00+05:30,1163.0,1156.0,1156.5,152005,66.10461483148683,1153.514285714287,0.9211020794982403,1166.6053121591015,1140.2875,1113.9696878408984,52.64,-2.0
251,1147.0,2020-04-22 13:05:00+05:30,1158.0,1147.0,1158.0,225119,53.78805768500049,1154.514285714287,-12.316557146486339,1165.822136854686,1141.7924999999998,1117.7628631453135,48.06,-5.0
252,1149.7,2020-04-22 13:15:00+05:30,1151.8,1144.4,1147.55,190369,55.98576288253853,1154.3285714285728,2.197705197538042,1165.3837745063265,1143.2274999999997,1121.071225493673,44.31,-4.0
253,1140.4,2020-04-22 13:25:00+05:30,1150.8,1137.0,1150.0,259768,47.59041704545687,1152.3642857142872,-8.395345837081663,1163.4604835019388,1144.28,1125.0995164980611,38.36,-6.0
254,1139.75,2020-04-22 13:35:00+05:30,1143.95,1136.5,1140.3,163783,47.059262141409604,1149.67142857143,-0.5311549040472627,1161.1947228544145,1145.2125,1129.2302771455857,31.96,-6.0
255,1141.55,2020-04-22 13:45:00+05:30,1145.6,1138.9,1140.0,161652,48.764619815847304,1147.5357142857156,1.7053576744376997,1161.1630122357162,1145.325,1129.4869877642839,31.68,-0.0
256,1142.5,2020-04-22 13:55:00+05:30,1146.95,1141.25,1141.5,158958,49.68581511862946,1145.5357142857156,0.9211953027821593,1161.1519575801503,1145.2925,1129.4330424198497,31.72,0.0
257,1145.45,2020-04-22 14:05:00+05:30,1148.1,1141.6,1142.5,176898,52.53944508809054,1143.764285714287,2.8536299694610747,1160.9792889613757,1145.7824999999998,1130.585711038624,30.39,-1.0
258,1152.9,2020-04-22 14:15:00+05:30,1153.5,1145.0,1145.15,204352,58.88192285245297,1144.6071428571443,6.342477764362435,1161.700094527031,1146.4074999999998,1131.1149054729685,30.59,0.0
259,1155.0,2020-04-22 14:25:00+05:30,1159.0,1149.1,1152.5,182431,60.48493405722372,1145.364285714287,1.6030112047707448,1162.6680282015914,1147.0425,1131.4169717984087,31.25,1.0
260,1159.7,2020-04-22 14:35:00+05:30,1160.0,1153.0,1155.05,195959,63.87904641228014,1148.12142857143,3.3941123550564214,1164.2079452752707,1148.0674999999999,1131.927054724729,32.28,1.0
261,1156.5,2020-04-22 14:45:00+05:30,1164.5,1155.25,1159.95,189872,60.09432621727979,1150.514285714287,-3.7847201950003466,1164.1558347102193,1149.2375,1134.3191652897806,29.84,-2.0
262,1146.8,2020-04-22 14:55:00+05:30,1159.9,1144.85,1156.1,222654,50.35508493358775,1151.2642857142869,-9.739241283692046,1163.8986033731005,1149.5825,1135.2663966268994,28.63,-1.0
263,1152.9,2020-04-22 15:05:00+05:30,1154.0,1146.0,1146.8,222521,55.265080494634866,1152.7500000000014,4.909995561047118,1163.8505307155679,1150.2375,1136.624469284432,27.23,-1.0
264,1153.55,2020-04-22 15:15:00+05:30,1155.45,1152.0,1152.9,224296,55.76709926226367,1153.907142857144,0.5020187676288046,1163.7066954968473,1150.915,1138.1233045031527,25.58,-2.0
265,1160.4,2020-04-22 15:25:00+05:30,1161.8,1153.1,1153.75,134073,60.76419590493849,1154.9785714285729,4.997096642674819,1164.862236168321,1151.385,1137.907763831679,26.95,1.0
266,1175.45,2020-04-23 09:15:00+05:30,1176.0,1158.15,1172.0,509565,69.03990512391589,1157.9000000000015,8.275709218977397,1169.688665231022,1152.45,1135.211334768978,34.48,8.0
267,1179.2,2020-04-23 09:25:00+05:30,1182.8,1172.4,1176.7,304025,70.69832525036895,1160.685714285716,1.6584201264530662,1174.345922861019,1153.48,1132.614077138981,41.73,7.0
268,1176.2,2020-04-23 09:35:00+05:30,1181.4,1176.05,1179.05,209837,67.57956260602703,1163.5000000000016,-3.1187626443419276,1177.6610091848831,1154.4650000000001,1131.2689908151171,46.39,5.0
269,1179.25,2020-04-23 09:45:00+05:30,1180.95,1173.3,1176.2,153191,69.07328620032385,1168.1357142857157,1.4937235942968243,1181.3135968260776,1155.6025000000002,1129.8914031739228,51.42,5.0
270,1194.9,2020-04-23 09:55:00+05:30,1194.9,1177.8,1179.45,415907,75.3492530469174,1174.135714285716,6.275966846593548,1188.610448961618,1157.4550000000004,1126.2995510383828,62.31,11.0
271,1195.55,2020-04-23 10:05:00+05:30,1196.0,1189.5,1194.5,263968,75.5709891678072,1180.135714285716,0.2217361208898012,1194.9304712604553,1159.8825000000002,1124.834528739545,70.1,8.0
272,1202.7,2020-04-23 10:15:00+05:30,1205.0,1193.05,1195.8,364278,77.92341345587465,1186.1785714285732,2.3524242880674535,1202.0664065000913,1162.5325000000003,1122.9985934999092,79.07,9.0
273,1202.45,2020-04-23 10:25:00+05:30,1204.9,1197.0,1203.25,241936,77.64188358207775,1190.035714285716,-0.28152987379689876,1207.5244924646681,1165.6350000000002,1123.7455075353323,83.78,5.0
274,1201.55,2020-04-23 10:35:00+05:30,1204.65,1200.55,1202.45,143528,76.5693798045239,1193.228571428573,-1.0725037775538482,1211.6787266320293,1168.7250000000001,1125.771273367971,85.91,2.0
275,1209.7,2020-04-23 10:45:00+05:30,1209.85,1201.6,1202.15,238380,79.35102113261505,1198.0142857142873,2.7816413280911405,1216.788156505027,1172.1325000000002,1127.4768434949733,89.31,3.0
276,1208.2,2020-04-23 10:55:00+05:30,1210.0,1203.9,1208.85,202137,77.52675873306745,1202.1500000000017,-1.8242623995475924,1220.5583587820308,1175.4175000000002,1130.2766412179697,90.28,1.0
277,1204.95,2020-04-23 11:05:00+05:30,1208.9,1202.1,1208.5,201803,73.57973453535533,1203.5857142857162,-3.9470241977121248,1223.0577257884945,1178.3925000000004,1133.7272742115063,89.33,-1.0
278,1209.3,2020-04-23 11:15:00+05:30,1209.5,1198.35,1205.0,270319,75.38603626361204,1205.5500000000018,1.806301728256713,1226.221328081428,1181.2125,1136.2036719185721,90.02,1.0
279,1209.35,2020-04-23 11:25:00+05:30,1211.6,1206.3,1208.95,183523,75.40684916969738,1206.5000000000018,0.020812906085339478,1228.8379807700428,1183.93,1139.0220192299573,89.82,-0.0
280,1212.0,2020-04-23 11:35:00+05:30,1212.25,1208.5,1209.1,173120,76.53913417699485,1207.8642857142875,1.1322850072974688,1231.6029030978964,1186.545,1141.4870969021038,90.12,0.0
281,1214.2,2020-04-23 11:45:00+05:30,1215.0,1210.05,1212.0,191787,77.46666540289208,1209.6714285714304,0.9275312258972264,1233.7711463897633,1189.43,1145.0888536102368,88.68,-1.0
282,1212.85,2020-04-23 11:55:00+05:30,1214.6,1211.1,1214.4,139970,75.49426874731705,1210.1214285714304,-1.9723966555750252,1233.3907713149044,1192.7325,1152.0742286850957,81.32,-7.0
283,1213.4,2020-04-23 12:05:00+05:30,1213.95,1208.65,1212.85,151798,75.76499853966008,1210.8642857142875,0.2707297923430332,1232.7772852506016,1195.7575000000002,1158.7377147493987,74.04,-7.0
284,1215.8,2020-04-23 12:15:00+05:30,1217.75,1212.95,1213.4,177404,76.96108779509508,1212.4142857142872,1.1960892554349982,1231.1065663575857,1198.8700000000001,1166.6334336424145,64.47,-10.0
285,1222.75,2020-04-23 12:25:00+05:30,1223.8,1215.6,1215.6,266524,80.03412079757014,1214.335714285716,3.073033002475057,1230.3910556521532,1201.9875,1173.5839443478467,56.81,-8.0
286,1228.3,2020-04-23 12:35:00+05:30,1229.8,1221.0,1222.75,278892,82.08870991769766,1217.0428571428586,2.054589120127517,1232.4662580667498,1204.6299999999999,1176.79374193325,55.67,-1.0
287,1227.75,2020-04-23 12:45:00+05:30,1228.55,1226.05,1228.1,196508,81.19698513102476,1219.2928571428586,-0.8917247866728957,1234.0099586321292,1207.0575,1180.1050413678706,53.9,-2.0
288,1236.6,2020-04-23 12:55:00+05:30,1237.3,1227.0,1227.05,359047,84.17574760460337,1222.4928571428586,2.9787624735786125,1235.987190830812,1210.0774999999999,1184.1678091691876,51.82,-2.0
289,1234.4,2020-04-23 13:05:00+05:30,1236.95,1223.3,1236.6,443411,80.75106190608452,1225.5714285714298,-3.424685698518857,1236.5788324402006,1212.8349999999998,1189.091167559799,47.49,-4.0
290,1230.65,2020-04-23 13:15:00+05:30,1235.0,1226.15,1233.7,271235,75.13936112298472,1228.0357142857156,-5.611700783099792,1238.0620633828776,1214.6225,1191.1829366171223,46.88,-1.0
291,1229.0,2020-04-23 13:25:00+05:30,1233.75,1227.5,1230.2,193787,72.7439476413134,1229.92142857143,-2.3954134816713264,1238.7576918760153,1216.2949999999998,1193.8323081239844,44.93,-2.0
292,1228.75,2020-04-23 13:35:00+05:30,1229.9,1226.5,1228.3,202917,72.36750627017268,1230.7785714285728,-0.3764413711407144,1239.7600211134995,1217.5974999999999,1195.4349788865002,44.33,-1.0
293,1241.05,2020-04-23 13:45:00+05:30,1242.0,1227.9,1228.75,406510,78.31366426091176,1232.6000000000015,5.946157990739081,1242.8294871526923,1219.5274999999997,1196.225512847307,46.6,2.0
294,1235.85,2020-04-23 13:55:00+05:30,1246.0,1234.25,1241.95,379126,71.32577844369516,1233.7571428571443,-6.987885817216608,1244.0163371359736,1221.2424999999998,1198.468662864026,45.55,-1.0
295,1240.0,2020-04-23 14:05:00+05:30,1241.75,1233.4,1235.85,220428,73.36816866822204,1234.2428571428586,2.0423902245268835,1246.3161005080071,1222.7574999999997,1199.1988994919923,47.12,2.0
296,1240.7,2020-04-23 14:15:00+05:30,1243.0,1237.05,1239.8,241435,73.70834155455731,1235.1428571428587,0.3401728863352673,1248.1953067047768,1224.3824999999997,1200.5696932952226,47.63,1.0
297,1241.5,2020-04-23 14:25:00+05:30,1242.95,1236.0,1240.5,242912,74.11527081516178,1236.6928571428587,0.4069292606044712,1249.3438348699622,1226.2099999999996,1203.076165130037,46.27,-1.0
298,1251.4,2020-04-23 14:35:00+05:30,1251.65,1240.0,1241.7,470488,78.54146866784006,1239.8928571428587,4.4261978526782855,1252.602945894841,1228.3149999999998,1204.0270541051586,48.58,2.0
299,1246.2,2020-04-23 14:45:00+05:30,1251.8,1244.6,1250.5,331738,71.61453241933678,1242.385714285716,-6.9269362485032815,1253.97413008115,1230.1574999999998,1206.3408699188496,47.63,-1.0
300,1248.65,2020-04-23 14:55:00+05:30,1250.55,1245.0,1246.25,316867,72.8303639920953,1243.4714285714304,1.2158315727585176,1255.5628121717698,1231.99,1208.4171878282302,47.15,-0.0
301,1251.15,2020-04-23 15:05:00+05:30,1253.0,1246.35,1248.5,501580,74.05172610941568,1245.6571428571444,1.221362117320382,1257.3313933835404,1233.8375,1210.3436066164597,46.99,-0.0
302,1250.05,2020-04-23 15:15:00+05:30,1252.5,1249.25,1251.45,530332,72.50725618380513,1247.0928571428587,-1.5444699256105565,1258.0581909553664,1235.6975,1213.3368090446336,44.72,-2.0
303,1247.9,2020-04-23 15:25:00+05:30,1250.7,1245.0,1250.05,158662,69.45797922594741,1248.12142857143,-3.049276957857714,1257.7731750179362,1237.4225000000001,1217.071824982064,40.7,-4.0
304,1225.65,2020-04-24 09:15:00+05:30,1236.0,1215.0,1219.0,480108,47.29226414506331,1245.8571428571443,-22.165715080884105,1256.4589477997931,1237.9150000000002,1219.3710522002073,37.09,-4.0
305,1229.55,2020-04-24 09:25:00+05:30,1230.0,1223.1,1225.85,166162,50.28693709094161,1242.7357142857156,2.994672945878307,1255.8534718236492,1238.255,1220.656528176351,35.2,-2.0
306,1236.0,2020-04-24 09:35:00+05:30,1239.95,1228.5,1230.0,298651,54.85530958957263,1241.2785714285726,4.568372498631014,1255.648499423319,1238.64,1221.6315005766812,34.02,-1.0
307,1239.6,2020-04-24 09:45:00+05:30,1243.6,1235.0,1236.5,244423,57.21837494707871,1239.9857142857156,2.3630653575060805,1255.4509519671885,1239.2325,1223.0140480328116,32.44,-2.0
308,1245.5,2020-04-24 09:55:00+05:30,1252.5,1236.2,1239.6,457823,60.836508943319494,1239.1785714285727,3.618133996240786,1256.0791839636543,1239.6775000000002,1223.2758160363462,32.8,0.0
309,1240.55,2020-04-24 10:05:00+05:30,1246.65,1240.0,1245.0,209019,56.51783184895141,1237.8214285714298,-4.318677094368084,1256.1996165380244,1239.9850000000001,1223.7703834619758,32.43,-0.0
310,1243.05,2020-04-24 10:15:00+05:30,1249.85,1238.2,1240.5,178384,58.13428977496014,1237.1285714285727,1.616457926008728,1256.2551521768767,1240.605,1224.9548478231234,31.3,-1.0
311,1235.3,2020-04-24 10:25:00+05:30,1243.4,1234.0,1243.05,167853,51.7159316745539,1238.5071428571441,-6.4183581004062376,1255.822398252822,1240.9199999999998,1226.0176017471777,29.8,-2.0
312,1236.0,2020-04-24 10:35:00+05:30,1237.05,1232.55,1235.15,111334,52.22895526189525,1239.4285714285727,0.5130235873413511,1255.262608989916,1241.2824999999998,1227.3023910100835,27.96,-2.0
313,1235.75,2020-04-24 10:45:00+05:30,1241.2,1235.65,1236.0,89387,52.01638607809003,1239.3928571428585,-0.21256918380522194,1255.21539736106,1241.0175,1226.8196026389398,28.4,0.0
314,1235.05,2020-04-24 10:55:00+05:30,1237.0,1233.6,1236.35,100010,51.38575635769074,1238.7428571428584,-0.6306297203992912,1255.2410521892039,1240.9775,1226.713947810796,28.53,0.0
315,1238.1,2020-04-24 11:05:00+05:30,1240.2,1234.25,1234.3,85983,54.00246460808177,1237.6857142857154,2.616708250391035,1255.19867690077,1240.8825,1226.56632309923,28.63,0.0
316,1241.35,2020-04-24 11:15:00+05:30,1244.6,1234.55,1238.1,143125,56.67833523799724,1237.8000000000013,2.6758706299154653,1255.2323836187243,1240.9149999999997,1226.5976163812752,28.63,0.0
317,1240.0,2020-04-24 11:25:00+05:30,1242.45,1238.1,1241.35,90040,55.24077708932666,1237.3642857142872,-1.4375581486705755,1255.1601955294436,1240.8399999999997,1226.5198044705558,28.64,0.0
318,1236.5,2020-04-24 11:35:00+05:30,1240.65,1236.0,1240.0,89110,51.587585131313375,1237.5357142857158,-3.653191958013288,1253.630874361796,1240.0949999999998,1226.5591256382036,27.07,-2.0
319,1236.1,2020-04-24 11:45:00+05:30,1240.0,1234.6,1236.5,82737,51.17108611595324,1237.5500000000015,-0.416499015360138,1252.918900140253,1239.5899999999997,1226.2610998597463,26.66,-0.0
320,1235.0,2020-04-24 11:55:00+05:30,1236.2,1234.1,1235.0,47037,49.976138534799794,1237.4428571428587,-1.1949475811534427,1251.6688839787885,1238.9074999999996,1226.1461160212107,25.52,-1.0
321,1238.0,2020-04-24 12:05:00+05:30,1239.5,1234.5,1235.0,80516,53.186878080224275,1237.8642857142875,3.210739545424481,1249.636510948503,1238.2499999999995,1226.8634890514961,22.77,-3.0
322,1243.0,2020-04-24 12:15:00+05:30,1245.0,1236.8,1238.0,170068,58.02275490359618,1238.5642857142873,4.835876823371905,1248.1232402254957,1237.8974999999996,1227.6717597745035,20.45,-2.0
323,1249.8,2020-04-24 12:25:00+05:30,1250.55,1242.0,1242.65,271288,63.53917915387915,1239.77142857143,5.516424250282967,1248.6362663991333,1237.9924999999994,1227.3487336008654,21.29,1.0
324,1253.15,2020-04-24 12:35:00+05:30,1258.0,1249.0,1249.15,382800,65.91558262636637,1241.6500000000015,2.376403472487226,1250.3959452786698,1239.3674999999994,1228.339054721329,22.06,1.0
325,1248.95,2020-04-24 12:45:00+05:30,1253.8,1239.8,1253.0,320503,60.58417259996693,1243.428571428573,-5.331410026399446,1251.1405149301215,1240.3374999999994,1229.5344850698773,21.61,-0.0
326,1246.75,2020-04-24 12:55:00+05:30,1249.5,1243.5,1248.95,146615,57.94057782382578,1244.9500000000014,-2.64359477614115,1251.837879952075,1240.8749999999995,1229.9121200479242,21.93,0.0
327,1249.3,2020-04-24 13:05:00+05:30,1253.9,1245.55,1246.55,168905,60.11311875335562,1246.9928571428586,2.172540929529845,1252.9269947878677,1241.3599999999994,1229.7930052121312,23.13,1.0
328,1248.5,2020-04-24 13:15:00+05:30,1252.25,1247.5,1249.5,85699,59.08203346726507,1248.4928571428586,-1.0310852860905513,1253.3769643172454,1241.5099999999995,1229.6430356827536,23.73,1.0
329,1248.05,2020-04-24 13:25:00+05:30,1251.0,1247.5,1248.45,88114,58.474460056647324,1249.214285714287,-0.6075734106177464,1254.0933276151738,1241.8849999999995,1229.6766723848252,24.42,1.0
330,1241.9,2020-04-24 13:35:00+05:30,1248.05,1240.0,1247.05,168363,50.787610355090365,1248.0857142857155,-7.686849701556959,1254.0235509139745,1241.8274999999996,1229.6314490860248,24.39,-0.0
331,1240.75,2020-04-24 13:45:00+05:30,1248.9,1240.0,1241.8,186149,49.477824861414376,1246.314285714287,-1.3097854936759887,1253.9196980993352,1242.0999999999997,1230.2803019006642,23.64,-1.0
332,1237.4,2020-04-24 13:55:00+05:30,1242.3,1233.25,1240.7,209053,45.7744538835145,1244.664285714287,-3.70337097789988,1253.8533845133054,1242.1699999999996,1230.4866154866938,23.37,-0.0
333,1240.0,2020-04-24 14:05:00+05:30,1241.0,1235.9,1237.55,182680,48.967095225430924,1243.7000000000012,3.1926413419164277,1253.7238205859423,1242.3824999999997,1231.041179414057,22.68,-1.0
334,1240.0,2020-04-24 14:15:00+05:30,1241.8,1238.45,1240.45,140403,48.96709522543093,1242.37142857143,7.105427357601002e-15,1253.5039863412142,1242.6299999999997,1231.7560136587852,21.75,-1.0
335,1239.9,2020-04-24 14:25:00+05:30,1242.2,1238.45,1240.0,150558,48.8388304301325,1241.1428571428585,-0.12826479529843482,1253.4651531301802,1242.7199999999998,1231.9748468698194,21.49,-0.0
336,1240.05,2020-04-24 14:35:00+05:30,1244.75,1239.3,1239.9,171459,49.05439915925766,1240.0000000000014,0.21556872912516667,1253.4506570215929,1242.655,1231.859342978407,21.59,0.0
337,1239.85,2020-04-24 14:45:00+05:30,1241.65,1238.1,1239.6,153230,48.75939575187214,1239.7071428571442,-0.2950034073855221,1253.451128776406,1242.6474999999998,1231.8438712235936,21.61,0.0
338,1240.0,2020-04-24 14:55:00+05:30,1241.0,1239.1,1239.85,169946,49.00708369605746,1239.6000000000015,0.2476879441853157,1253.3157798044358,1242.8224999999998,1232.3292201955637,20.99,-1.0
339,1240.05,2020-04-24 15:05:00+05:30,1242.0,1238.5,1240.2,255028,49.0954142516835,1239.9785714285729,0.08833055562604386,1253.121922693568,1243.02,1232.918077306432,20.2,-1.0
340,1238.05,2020-04-24 15:15:00+05:30,1240.8,1237.5,1240.1,84202,45.68637145501588,1239.7000000000012,-3.4090427966676202,1252.8477247356727,1243.1725,1233.497275264327,19.35,-1.0
