,close,date,high,low,open,volume,RSI_14,sma_7,RSI_Trend,ub,mb,lb,band_diff,band_diff_trend
0,2353.85,2020-04-13 09:15:00+05:30,2421.4,2333.0,2381.0,274910,0.0,0.0,,,,,,
1,2348.85,2020-04-13 09:25:00+05:30,2356.9,2331.0,2352.4,113258,0.0,0.0,0.0,,,,,
2,2348.0,2020-04-13 09:35:00+05:30,2350.15,2337.0,2348.85,72921,0.0,0.0,0.0,,,,,
3,2335.4,2020-04-13 09:45:00+05:30,2351.7,2331.8,2348.0,99153,0.0,0.0,0.0,,,,,
4,2335.0,2020-04-13 09:55:00+05:30,2343.95,2326.0,2335.35,97091,0.0,0.0,0.0,,,,,
5,2359.95,2020-04-13 10:05:00+05:30,2363.8,2334.0,2335.0,155451,28.06242917815807,0.0,28.06242917815807,,,,,
6,2369.1,2020-04-13 10:15:00+05:30,2373.2,2353.45,2360.0,137649,35.23984889237282,2350.0214285714283,7.17741971421475,,,,,
7,2362.75,2020-04-13 10:25:00+05:30,2400.0,2362.7,2369.5,201573,32.794447223727644,2351.292857142857,-2.445401668645175,,,,,
8,2381.55,2020-04-13 10:35:00+05:30,2383.9,2361.05,2364.0,88067,44.969903569534075,2355.964285714286,12.175456345806431,,,,,
9,2368.9,2020-04-13 10:45:00+05:30,2388.3,2366.0,2380.2,121469,39.75135864240735,2358.9500000000003,-5.218544927126729,,,,,
10,2357.35,2020-04-13 10:55:00+05:30,2370.0,2352.6,2367.25,96536,35.68009173785437,2362.085714285714,-4.071266904552978,,,,,
11,2354.65,2020-04-13 11:05:00+05:30,2363.9,2351.0,2357.35,71640,34.783253204932095,2364.8928571428573,-0.8968385329222741,,,,,
12,2355.0,2020-04-13 11:15:00+05:30,2361.95,2352.6,2354.0,47840,35.01129536256461,2364.1857142857143,0.22804215763251534,,,,,
13,2355.0,2020-04-13 11:25:00+05:30,2357.0,2345.3,2355.0,87846,35.01129536256461,2362.171428571429,0.0,,,,,
14,2356.5,2020-04-13 11:35:00+05:30,2362.0,2350.0,2355.7,81376,36.12150066370908,2361.2785714285715,1.1102053011444681,,,,,
15,2349.9,2020-04-13 11:45:00+05:30,2362.0,2346.0,2356.5,64478,33.416520971288506,2356.757142857143,-2.7049796924205722,,,,,
16,2349.95,2020-04-13 11:55:00+05:30,2353.65,2346.95,2349.95,41711,33.457175619440406,2354.05,0.04065464815190012,,,,,
17,2346.45,2020-04-13 12:05:00+05:30,2352.95,2341.3,2349.95,65907,31.984957285959624,2352.4928571428577,-1.4722183334807823,,,,,
18,2347.6,2020-04-13 12:15:00+05:30,2351.9,2346.05,2346.45,39145,33.02773658666085,2351.4857142857145,1.042779300701227,,,,,
19,2345.6,2020-04-13 12:25:00+05:30,2349.5,2340.5,2347.0,41774,32.10582742213498,2350.1428571428573,-0.9219091645258715,2376.129762970249,2354.0674999999997,2332.0052370297503,44.12,
20,2348.95,2020-04-13 12:35:00+05:30,2359.65,2345.55,2345.85,60739,35.36049642105213,2349.2785714285715,3.254668998917154,2376.0034419144117,2353.8224999999993,2331.641558085587,44.36,0.0
21,2348.0,2020-04-13 12:45:00+05:30,2352.55,2346.15,2348.95,32934,34.85029198541258,2348.0642857142857,-0.510204435639551,2376.004273121735,2353.7799999999997,2331.5557268782645,44.45,0.0
22,2339.0,2020-04-13 12:55:00+05:30,2350.0,2338.0,2348.0,45343,30.378372575893906,2346.5071428571428,-4.4719194095186765,2376.3955906857855,2353.3299999999995,2330.2644093142135,46.13,2.0
23,2328.25,2020-04-13 13:05:00+05:30,2341.45,2328.1,2339.2,65691,26.074544487218688,2343.407142857143,-4.303828088675218,2377.3902130486517,2352.9724999999994,2328.554786951347,48.84,3.0
24,2320.1,2020-04-13 13:15:00+05:30,2334.9,2320.0,2327.5,77478,23.371178464761257,2339.6428571428564,-2.7033660224574305,2379.67527768782,2352.2274999999995,2324.779722312179,54.9,6.0
25,2321.85,2020-04-13 13:25:00+05:30,2333.35,2315.0,2320.1,69605,25.165317779484198,2335.964285714285,1.7941393147229405,2380.6509906005103,2350.3224999999993,2319.9940093994883,60.66,6.0
26,2328.2,2020-04-13 13:35:00+05:30,2333.0,2315.35,2322.35,67216,31.438192772729096,2333.4785714285704,6.272874993244898,2378.7899732907017,2348.2774999999992,2317.7650267092968,61.02,0.0
27,2329.15,2020-04-13 13:45:00+05:30,2336.0,2323.1,2329.5,49405,32.35178961422895,2330.6499999999987,0.913596841499853,2377.4528923462676,2346.5974999999994,2315.742107653731,61.71,1.0
28,2330.55,2020-04-13 13:55:00+05:30,2337.45,2325.0,2329.15,37640,33.752760887041944,2328.1571428571415,1.4009712728129955,2370.9119056229374,2344.0474999999997,2317.183094377062,53.73,-8.0
29,2333.05,2020-04-13 14:05:00+05:30,2337.5,2327.15,2330.55,43990,36.290088671465334,2327.3071428571416,2.5373277844233897,2366.8232486576735,2342.2549999999997,2317.686751342326,49.14,-5.0
30,2335.1,2020-04-13 14:15:00+05:30,2338.95,2330.0,2333.05,41232,38.374427385264106,2328.285714285713,2.084338713798772,2364.83205521566,2341.1424999999995,2317.452944784339,47.38,-2.0
31,2346.85,2020-04-13 14:25:00+05:30,2355.0,2334.55,2335.15,81939,48.728396861150685,2332.107142857141,10.35396947588658,2363.752533752836,2340.7524999999996,2317.7524662471633,46.0,-1.0
32,2339.0,2020-04-13 14:35:00+05:30,2349.95,2334.8,2347.05,52759,43.47325391445387,2334.5571428571407,-5.2551429466968145,2361.9574629569524,2339.9524999999994,2317.9475370430464,44.01,-2.0
33,2339.35,2020-04-13 14:45:00+05:30,2347.85,2337.0,2338.65,55243,43.764457268091626,2336.149999999998,0.29120335363775496,2360.003813608499,2339.169999999999,2318.3361863914993,41.67,-2.0
34,2337.0,2020-04-13 14:55:00+05:30,2345.8,2327.45,2339.45,87653,42.19277422068449,2337.2714285714264,-1.5716830474071344,2357.3733567706167,2338.1949999999993,2319.0166432293818,38.36,-3.0
35,2349.2,2020-04-13 15:05:00+05:30,2350.2,2334.3,2337.0,167683,51.85859678142657,2339.935714285712,9.665822560742079,2357.2507693319103,2338.159999999999,2319.0692306680876,38.18,-0.0
36,2348.55,2020-04-13 15:15:00+05:30,2350.0,2346.0,2349.2,149947,51.36579877067793,2342.149999999998,-0.4927980107486434,2357.008234033529,2338.0899999999992,2319.1717659664696,37.84,-0.0
37,2350.5,2020-04-13 15:25:00+05:30,2350.5,2347.55,2349.15,58207,52.81444775159874,2344.349999999998,1.4486489809208152,2357.668672969588,2338.2924999999996,2318.916327030411,38.75,1.0
38,2401.4,2020-04-15 09:15:00+05:30,2426.05,2381.55,2425.95,493430,74.31821196450157,2352.1428571428555,21.50376421290283,2375.1169905831102,2340.9824999999996,2306.848009416889,68.27,30.0
39,2429.1,2020-04-15 09:25:00+05:30,2438.75,2397.4,2401.75,277647,79.7316238559489,2365.014285714284,5.413411891447325,2397.3298588341163,2345.1575,2292.9851411658833,104.34,36.0
40,2445.8,2020-04-15 09:35:00+05:30,2446.4,2412.0,2428.1,274701,82.17157029954085,2380.2214285714267,2.43994644359195,2418.939057755459,2350.0,2281.060942244541,137.88,34.0
41,2448.5,2020-04-15 09:45:00+05:30,2455.0,2434.85,2445.9,244187,82.53758424990815,2396.1499999999983,0.36601395036730366,2436.805267211982,2355.025,2273.244732788018,163.56,26.0
42,2449.7,2020-04-15 09:55:00+05:30,2459.0,2446.55,2448.5,161677,82.70750420694769,2410.5071428571414,0.16991995703953933,2452.167731229698,2360.56,2268.952268770302,183.22,20.0
43,2451.5,2020-04-15 10:05:00+05:30,2451.6,2435.6,2449.1,202119,82.97511291927279,2425.214285714284,0.2676087123250994,2465.4816513414535,2366.7225,2267.9633486585462,197.52,14.0
44,2445.45,2020-04-15 10:15:00+05:30,2455.7,2445.4,2451.05,199436,78.57374594070632,2438.77857142857,-4.401366978566472,2475.142865843303,2372.99,2270.8371341566967,204.31,7.0
45,2451.5,2020-04-15 10:25:00+05:30,2452.0,2441.2,2445.45,120004,79.73157492183282,2445.9357142857125,1.1578289811264995,2484.3787763412624,2379.4725,2274.5662236587373,209.81,6.0
46,2450.5,2020-04-15 10:35:00+05:30,2452.5,2445.5,2451.7,121334,78.97194803933161,2448.992857142856,-0.7596268825012089,2492.1544785677183,2385.5875,2279.020521432282,213.13,3.0
47,2454.75,2020-04-15 10:45:00+05:30,2455.45,2449.45,2450.5,117507,79.85057835017376,2450.2714285714274,0.8786303108421549,2499.2310892166124,2391.8675,2284.5039107833873,214.73,2.0
48,2455.4,2020-04-15 10:55:00+05:30,2456.55,2450.65,2454.8,118901,79.98829937541582,2451.257142857142,0.1377210252420582,2504.979456027336,2398.1099999999997,2291.2405439726635,213.74,-1.0
49,2457.4,2020-04-15 11:05:00+05:30,2460.05,2451.5,2455.0,145598,80.43149616531802,2452.3571428571418,0.4431967899022027,2509.718488703967,2404.3275,2298.9365112960327,210.78,-3.0
50,2464.95,2020-04-15 11:15:00+05:30,2468.75,2456.5,2457.4,188972,82.04783046548994,2454.2785714285706,1.6163343001719142,2514.2344212685807,2410.8199999999997,2307.4055787314187,206.83,-4.0
51,2494.2,2020-04-15 11:25:00+05:30,2494.95,2464.1,2464.95,295460,86.6488639277222,2461.2428571428563,4.601033462232266,2523.392602312726,2418.1874999999995,2312.982397687273,210.41,4.0
52,2483.85,2020-04-15 11:35:00+05:30,2497.5,2482.3,2495.0,264112,78.9392826859234,2465.8642857142845,-7.709581241798801,2527.5809378579693,2425.4299999999994,2323.2790621420295,204.3,-6.0
53,2476.65,2020-04-15 11:45:00+05:30,2491.0,2472.65,2484.1,207795,74.00625903313626,2469.599999999999,-4.933023652787142,2528.3613416603316,2432.2949999999996,2336.2286583396676,192.13,-12.0
54,2460.65,2020-04-15 11:55:00+05:30,2481.9,2460.4,2476.85,171401,64.37834893801293,2470.4428571428566,-9.627910095123326,2524.0651618936436,2438.4775,2352.8898381063564,171.18,-21.0
55,2470.55,2020-04-15 12:05:00+05:30,2474.95,2460.15,2461.0,129430,67.22001006274078,2472.6071428571418,2.8416611247278496,2520.10161453506,2444.545,2368.98838546494,151.11,-20.0
56,2469.7,2020-04-15 12:15:00+05:30,2478.7,2468.75,2470.8,107282,66.72781915523318,2474.3642857142845,-0.49219090750760586,2511.8194178112994,2450.6025,2389.3855821887005,122.43,-29.0
57,2457.95,2020-04-15 12:25:00+05:30,2472.0,2452.15,2470.0,105186,60.16919371228256,2473.3642857142845,-6.558625442950614,2495.061617712589,2455.9749999999995,2416.88838228741,78.17,-44.0
58,2453.65,2020-04-15 12:35:00+05:30,2460.9,2451.0,2459.0,92606,57.925363763100606,2467.5714285714275,-2.2438299491819578,2488.1362086724635,2458.5874999999996,2429.038791327536,59.1,-19.0
59,2437.45,2020-04-15 12:45:00+05:30,2453.95,2432.3,2453.65,141393,50.312883206079775,2460.9428571428566,-7.612480557020831,2486.9942629789502,2459.0049999999997,2431.015737021049,55.98,-3.0
60,2438.45,2020-04-15 12:55:00+05:30,2443.0,2435.95,2437.45,81837,50.74320490552217,2455.4857142857136,0.43032169944239484,2487.5350663699355,2458.6374999999994,2429.739933630063,57.8,2.0
61,2431.7,2020-04-15 13:05:00+05:30,2438.5,2427.4,2438.5,139813,47.7378174753865,2451.349999999999,-3.00538743013567,2488.8333956015294,2457.797499999999,2426.761604398469,62.07,4.0
62,2431.4,2020-04-15 13:15:00+05:30,2446.65,2423.35,2431.7,173211,47.60287213465116,2445.7571428571423,-0.13494534073534226,2489.9369729833966,2456.8824999999993,2423.828027016602,66.11,4.0
63,2448.4,2020-04-15 13:25:00+05:30,2450.05,2430.0,2431.4,185577,55.31189938465882,2442.7142857142853,7.709027250007665,2489.917042979039,2456.7274999999995,2423.53795702096,66.38,0.0
64,2459.55,2020-04-15 13:35:00+05:30,2467.0,2448.65,2448.7,225819,59.5187460701873,2442.9428571428566,4.206846685528475,2490.2098553892833,2457.4325,2424.6551446107164,65.55,-1.0
65,2477.35,2020-04-15 13:45:00+05:30,2477.4,2459.15,2459.15,231857,65.15773214494459,2446.3285714285703,5.638986074757291,2492.5396262343384,2458.7249999999995,2424.9103737656606,67.63,2.0
66,2474.05,2020-04-15 13:55:00+05:30,2484.5,2457.4,2476.65,340493,63.39462729768228,2451.5571428571416,-1.763104847262312,2494.14855201986,2459.9024999999997,2425.6564479801395,68.49,1.0
67,2450.15,2020-04-15 14:05:00+05:30,2475.95,2449.0,2474.05,344235,52.3469242397688,2453.2285714285704,-11.047703057913473,2494.1254194393496,2459.6724999999997,2425.21958056065,68.91,0.0
68,2430.7,2020-04-15 14:15:00+05:30,2450.7,2430.3,2450.7,341275,45.41124033363768,2453.085714285713,-6.935683906131125,2495.2268416344236,2458.4374999999995,2421.6481583655755,73.58,5.0
69,2433.25,2020-04-15 14:25:00+05:30,2441.7,2430.3,2432.0,273049,46.41367789551866,2453.3499999999985,1.0024375618809813,2495.709213800914,2457.2299999999996,2418.7507861990853,76.96,3.0
70,2423.4,2020-04-15 14:35:00+05:30,2433.0,2404.6,2432.0,399116,43.119771248752286,2449.77857142857,-3.2939066467663736,2496.2727021677347,2455.1524999999997,2414.0322978322647,82.24,5.0
71,2432.55,2020-04-15 14:45:00+05:30,2443.25,2413.15,2422.85,413336,46.89035221419368,2445.921428571427,3.770580965441397,2489.983383277922,2452.07,2414.1566167220785,75.83,-6.0
72,2488.35,2020-04-15 14:55:00+05:30,2505.5,2427.75,2434.9,4198087,62.998976756710704,2447.492857142856,16.10862454251702,2491.046636977303,2452.295,2413.543363022697,77.5,2.0
73,2488.5,2020-04-15 15:05:00+05:30,2513.5,2483.95,2488.15,7077100,63.03143756608203,2449.5571428571416,0.03246080937132945,2493.5235984839787,2452.8875,2412.251401516021,81.27,4.0
74,2487.0,2020-04-15 15:15:00+05:30,2503.5,2460.15,2488.5,8213241,62.441503272032094,2454.821428571427,-0.5899342940499395,2497.521046619428,2454.205,2410.888953380572,86.63,5.0
75,2473.0,2020-04-15 15:25:00+05:30,2502.35,2466.1,2487.0,2630396,57.07248735365541,2460.864285714284,-5.369015918376682,2497.8515341952716,2454.3275,2410.803465804728,87.05,0.0
76,2436.4,2020-04-16 09:15:00+05:30,2466.0,2421.1,2466.0,421642,45.949120150099475,2461.3142857142843,-11.123367203555937,2496.2581525476135,2452.6625,2409.0668474523864,87.19,0.0
77,2450.0,2020-04-16 09:25:00+05:30,2454.65,2431.55,2437.7,251428,49.85968120679153,2465.114285714284,3.9105610566920532,2495.8025953691285,2452.2650000000003,2408.727404630872,87.08,-0.0
78,2466.85,2020-04-16 09:35:00+05:30,2481.75,2445.1,2449.85,331154,54.27382853201064,2470.014285714284,4.414147325219112,2496.9484925322436,2452.925,2408.901507467757,88.05,1.0
79,2456.4,2020-04-16 09:45:00+05:30,2475.0,2453.05,2466.0,134404,51.259863252823614,2465.4499999999985,-3.013965279187026,2497.3053698592457,2453.8725000000004,2410.439630140755,86.87,-1.0
80,2472.0,2020-04-16 09:55:00+05:30,2486.9,2455.0,2456.7,153605,55.25460851320859,2463.092857142856,3.994745260384974,2499.0663369201384,2455.55,2412.033663079862,87.03,0.0
81,2477.5,2020-04-16 10:05:00+05:30,2479.95,2471.3,2472.3,56362,56.60501544770733,2461.735714285713,1.3504069344987428,2500.8896359786513,2457.8400000000006,2414.79036402135,86.1,-1.0
82,2522.65,2020-04-16 10:15:00+05:30,2525.85,2477.5,2477.5,277090,65.7445781378992,2468.8285714285703,9.139562690191866,2512.429802808721,2462.4025000000006,2412.37519719128,100.05,14.0
83,2486.2,2020-04-16 10:25:00+05:30,2523.2,2485.35,2521.15,198134,55.56932027683805,2475.9428571428557,-10.175257861061148,2514.9446291182335,2464.2925000000005,2413.6403708817675,101.3,1.0
84,2483.95,2020-04-16 10:35:00+05:30,2492.0,2476.8,2486.25,130423,55.0034136320947,2480.792857142856,-0.5659066447433503,2516.8543663163086,2465.5125,2414.170633683691,102.68,1.0
85,2499.5,2020-04-16 10:45:00+05:30,2501.5,2480.75,2484.0,97322,58.173654010007084,2485.457142857142,3.1702403779123856,2519.9539666629025,2466.62,2413.2860333370973,106.67,4.0
86,2492.1,2020-04-16 10:55:00+05:30,2500.0,2487.55,2499.45,80916,56.14634421324458,2490.5571428571416,-2.027309796762502,2521.984785115478,2467.5225,2413.060214884522,108.92,2.0
87,2498.9,2020-04-16 11:05:00+05:30,2503.0,2488.55,2492.15,71229,57.608307309358125,2494.3999999999987,1.4619630961135428,2525.5015122133614,2469.96,2414.4184877866387,111.08,2.0
88,2496.35,2020-04-16 11:15:00+05:30,2508.0,2493.1,2499.0,109318,56.84302140923409,2497.092857142856,-0.7652859001240344,2526.736565337338,2473.2425,2419.7484346626616,106.99,-4.0
89,2494.75,2020-04-16 11:25:00+05:30,2498.45,2490.0,2496.3,59069,56.33731411150557,2493.1071428571413,-0.5057072977285202,2527.135506288692,2476.3175,2425.4994937113083,101.64,-5.0
90,2493.8,2020-04-16 11:35:00+05:30,2499.6,2492.05,2494.75,48461,56.01864280900379,2494.1928571428552,-0.31867130250178377,2524.616017817078,2479.8375,2435.058982182922,89.56,-12.0
91,2484.9,2020-04-16 11:45:00+05:30,2498.95,2482.7,2493.8,82807,52.994326053729246,2494.32857142857,-3.0243167552745405,2521.3253499503517,2482.455,2443.584650049648,77.74,-12.0
92,2490.1,2020-04-16 11:55:00+05:30,2494.3,2484.65,2485.05,47180,54.53863842978585,2492.985714285712,1.5443123760566024,2521.476550514599,2482.5425,2443.6084494854013,77.87,0.0
93,2491.6,2020-04-16 12:05:00+05:30,2495.0,2485.0,2490.05,46380,54.99793155277801,2492.914285714284,0.4592931229921646,2521.755897237169,2482.6974999999998,2443.6391027628306,78.12,0.0
94,2488.0,2020-04-16 12:15:00+05:30,2496.0,2486.0,2491.65,64450,53.59836055300576,2491.357142857141,-1.3995709997722514,2521.83163966923,2482.7475,2443.66336033077,78.17,0.0
95,2477.05,2020-04-16 12:25:00+05:30,2488.0,2475.6,2488.0,108173,49.474304335135564,2488.599999999998,-4.124056217870198,2521.8630880431283,2482.95,2444.0369119568713,77.83,-0.0
96,2480.45,2020-04-16 12:35:00+05:30,2486.7,2477.0,2477.05,56716,50.74167085054121,2486.557142857141,1.267366515405648,2517.384920341207,2485.1524999999997,2452.9200796587925,64.46,-13.0
97,2478.8,2020-04-16 12:45:00+05:30,2481.9,2473.2,2480.45,85993,50.08509017362721,2484.414285714284,-0.6565806769140039,2514.4949480155915,2486.5924999999997,2458.690051984408,55.8,-9.0
98,2476.35,2020-04-16 12:55:00+05:30,2486.4,2474.3,2478.8,102829,49.06976733377906,2483.192857142855,-1.015322839848146,2513.856053623942,2487.0675,2460.2789463760582,53.58,-2.0
99,2476.75,2020-04-16 13:05:00+05:30,2479.45,2473.65,2476.4,72232,49.250653245216775,2481.2857142857124,0.18088591143771282,2511.272907465557,2488.085,2464.897092534443,46.38,-7.0
100,2483.55,2020-04-16 13:15:00+05:30,2497.0,2475.2,2477.0,107957,52.34903138702102,2480.1357142857123,3.098378141804247,2510.710984253898,2488.6625,2466.614015746102,44.1,-2.0
101,2475.0,2020-04-16 13:25:00+05:30,2490.0,2475.0,2483.7,72965,48.35180674548282,2478.2785714285696,-3.997224641538203,2510.878844138041,2488.5375,2466.1961558619587,44.68,1.0
102,2468.7,2020-04-16 13:35:00+05:30,2475.05,2468.0,2475.0,125968,45.589488311988546,2477.0857142857126,-2.762318433494272,2503.3432508258697,2485.8399999999997,2468.3367491741296,35.01,-10.0
103,2453.9,2020-04-16 13:45:00+05:30,2471.95,2450.35,2468.7,162804,39.83239459024971,2473.2928571428556,-5.757093721738833,2506.810964435315,2484.225,2461.639035564685,45.17,10.0
104,2449.3,2020-04-16 13:55:00+05:30,2459.95,2447.05,2454.0,164079,38.21700945856942,2469.07857142857,-1.6153851316802914,2509.9563379462247,2482.4925000000003,2455.028662053776,54.93,10.0
105,2445.8,2020-04-16 14:05:00+05:30,2450.0,2440.0,2449.25,118566,36.98788993162895,2464.714285714284,-1.2291195269404724,2510.5719578762682,2479.8075000000003,2449.0430421237324,61.53,7.0
106,2438.1,2020-04-16 14:15:00+05:30,2458.95,2435.0,2446.45,165969,34.36903119425968,2459.1928571428552,-2.6188587373692727,2512.4650909366255,2477.1075000000005,2441.7499090633755,70.72,9.0
107,2441.05,2020-04-16 14:25:00+05:30,2447.0,2437.8,2438.1,97277,36.231857062565794,2453.121428571427,1.8628258683061176,2511.479786538891,2474.2150000000006,2436.9502134611103,74.53,4.0
108,2432.0,2020-04-16 14:35:00+05:30,2450.75,2432.0,2441.1,98986,33.125593124048805,2446.9785714285695,-3.106263938516989,2511.210766663989,2470.9975000000004,2430.7842333360118,80.43,6.0
109,2433.45,2020-04-16 14:45:00+05:30,2442.8,2432.0,2433.85,102034,34.100435526440336,2441.9428571428552,0.9748424023915305,2509.8321454576085,2467.9325000000003,2426.032854542392,83.8,3.0
110,2433.95,2020-04-16 14:55:00+05:30,2439.0,2425.0,2433.75,224745,34.45524816165042,2439.0928571428553,0.3548126352100809,2507.6029088257383,2464.94,2422.277091174262,85.33,2.0
111,2439.95,2020-04-16 15:05:00+05:30,2440.65,2432.2,2433.95,381301,38.71915041020215,2437.7571428571414,4.26390224855173,2505.662897092828,2462.6925,2419.722102907172,85.94,1.0
112,2434.05,2020-04-16 15:15:00+05:30,2440.0,2432.3,2439.25,360041,36.22370738952338,2436.07857142857,-2.4954430206787634,2502.644631635828,2459.8900000000003,2417.135368364173,85.51,-0.0
113,2442.0,2020-04-16 15:25:00+05:30,2442.0,2432.15,2434.05,98479,41.67817933272402,2436.6357142857128,5.454471943200637,2498.1255033190782,2457.4100000000003,2416.6944966809224,81.43,-4.0
114,2441.0,2020-04-17 09:15:00+05:30,2498.8,2425.1,2498.8,377238,41.20085103235699,2436.62857142857,-0.47732830036703433,2493.7147825052202,2455.0600000000004,2416.4052174947806,77.31,-4.0
115,2437.35,2020-04-17 09:25:00+05:30,2450.0,2435.2,2441.0,156333,39.42597339556274,2437.3928571428555,-1.774877636794244,2491.0464366333367,2453.075,2415.103563366663,75.94,-1.0
116,2443.45,2020-04-17 09:35:00+05:30,2448.0,2426.0,2437.0,159897,43.78450243141627,2438.821428571427,4.358529035853529,2487.129823015703,2451.225,2415.3201769842967,71.81,-4.0
117,2407.3,2020-04-17 09:45:00+05:30,2453.05,2402.3,2443.2,243126,30.005505634212554,2435.014285714284,-13.778996797203718,2486.1396568471328,2447.65,2409.1603431528674,76.98,5.0
118,2409.9,2020-04-17 09:55:00+05:30,2421.25,2405.0,2408.15,180889,31.671032971579635,2430.7214285714267,1.665527337367081,2483.844311545675,2444.3275000000003,2404.810688454326,79.03,2.0
119,2393.1,2020-04-17 10:05:00+05:30,2411.9,2385.0,2408.85,287767,27.171902838034015,2424.871428571427,-4.49913013354562,2482.7957715731964,2440.145,2397.4942284268036,85.3,6.0
120,2393.0,2020-04-17 10:15:00+05:30,2400.0,2389.0,2393.1,136327,27.147181812696587,2417.871428571427,-0.024721025337427704,2478.091916758172,2435.6175,2393.1430832418278,84.95,-0.0
121,2387.2,2020-04-17 10:25:00+05:30,2394.6,2386.0,2393.35,105819,25.68742765846929,2410.1857142857125,-1.4597541542272978,2474.7008853851025,2431.2275,2387.7541146148974,86.95,2.0
122,2371.3,2020-04-17 10:35:00+05:30,2393.0,2365.05,2386.15,208603,22.16825698536458,2400.7499999999986,-3.5191706731047105,2473.7971489181073,2426.3575,2378.917851081893,94.88,8.0
123,2374.3,2020-04-17 10:45:00+05:30,2375.0,2354.9,2372.9,177404,24.276209732842858,2390.871428571427,2.1079527474782793,2473.315144801211,2422.3775,2371.4398551987892,101.88,7.0
124,2385.8,2020-04-17 10:55:00+05:30,2386.9,2370.6,2374.65,111324,31.891188328355156,2387.7999999999984,7.614978595512298,2470.983490974637,2419.2025000000003,2367.421509025364,103.56,2.0
125,2383.35,2020-04-17 11:05:00+05:30,2394.0,2381.0,2386.0,115075,31.171981697256044,2384.0071428571405,-0.7192066310991123,2468.6337559376825,2416.08,2363.5262440623173,105.11,2.0
126,2385.1,2020-04-17 11:15:00+05:30,2391.05,2381.8,2383.35,73719,32.34562337936606,2382.8642857142836,1.1736416821100164,2466.6493910050367,2413.43,2360.210608994963,106.44,1.0
127,2378.0,2020-04-17 11:25:00+05:30,2385.15,2371.75,2385.0,81887,30.10286218341541,2380.7214285714263,-2.2427611959506493,2464.0745795039793,2410.2774999999997,2356.48042049602,107.59,1.0
128,2367.3,2020-04-17 11:35:00+05:30,2381.85,2365.0,2378.0,96786,27.057964253556477,2377.878571428569,-3.0448979298589336,2463.0744295721515,2407.0425,2351.0105704278485,112.06,4.0
129,2365.45,2020-04-17 11:45:00+05:30,2368.75,2357.2,2367.0,105907,26.557780750384964,2377.042857142855,-0.5001835031715132,2461.1602251855975,2403.6425,2346.1247748144024,115.04,3.0
130,2364.2,2020-04-17 11:55:00+05:30,2375.0,2361.35,2367.45,63426,26.2052912348517,2375.599999999998,-0.35248951553326435,2458.3891634221122,2400.1549999999997,2341.9208365778873,116.47,1.0
131,2371.05,2020-04-17 12:05:00+05:30,2372.0,2363.0,2364.2,54014,31.56564946639618,2373.492857142855,5.360358231544481,2453.1563098416223,2396.71,2340.263690158378,112.89,-4.0
132,2363.7,2020-04-17 12:15:00+05:30,2373.0,2362.55,2372.75,66077,29.121312960537836,2370.6857142857125,-2.4443365058583453,2448.599722358401,2393.1925,2337.7852776415994,110.81,-2.0
133,2365.25,2020-04-17 12:25:00+05:30,2370.0,2363.0,2364.0,50440,30.34626674953961,2367.8499999999985,1.2249537890017734,2441.034975761763,2389.355,2337.6750242382373,103.36,-7.0
134,2368.3,2020-04-17 12:35:00+05:30,2369.9,2363.2,2364.75,43874,32.80708942276523,2366.464285714284,2.4608226732256213,2432.0557018200593,2385.7200000000003,2339.384298179941,92.67,-11.0
135,2382.0,2020-04-17 12:45:00+05:30,2385.8,2368.25,2369.3,88725,42.61429065706361,2368.5642857142843,9.807201234298383,2422.4046358904097,2382.9525000000003,2343.500364109591,78.9,-14.0
136,2378.45,2020-04-17 12:55:00+05:30,2384.95,2372.0,2382.0,97262,40.94653929376043,2370.421428571427,-1.6677513633031822,2407.0109231270085,2379.7025000000003,2352.394076872992,54.62,-24.0
137,2378.0,2020-04-17 13:05:00+05:30,2388.0,2374.0,2377.3,85405,40.72894472924353,2372.3928571428555,-0.21759456451690085,2402.257949073315,2378.2375,2354.2170509266853,48.04,-7.0
138,2374.9,2020-04-17 13:15:00+05:30,2378.25,2370.0,2378.0,67908,39.18413509597015,2372.9428571428557,-1.5448096332733812,2395.33893789014,2376.4875,2357.63606210986,37.7,-10.0
139,2377.45,2020-04-17 13:25:00+05:30,2380.0,2371.85,2375.0,78541,41.16110249489586,2374.9071428571415,1.9769673989257086,2392.877465721231,2375.705,2358.5325342787687,34.34,-3.0
140,2382.4,2020-04-17 13:35:00+05:30,2384.7,2375.0,2376.8,65639,44.90516595526381,2377.3571428571418,3.744063460367954,2390.6725889465874,2375.175,2359.677411053413,31.0,-3.0
141,2386.65,2020-04-17 13:45:00+05:30,2388.0,2380.15,2382.3,73842,47.96662920333745,2379.978571428571,3.061463248073636,2390.5569460093566,2375.1475,2359.7380539906435,30.82,-0.0
142,2381.7,2020-04-17 13:55:00+05:30,2387.15,2378.0,2385.95,63857,44.84128958592435,2379.935714285714,-3.125339617413097,2391.231401384784,2375.6675,2360.103598615216,31.13,0.0
143,2384.75,2020-04-17 14:05:00+05:30,2386.0,2379.05,2380.1,61915,47.12725269865805,2380.8357142857135,2.285963112733697,2392.254200145518,2376.1899999999996,2360.125799854481,32.13,1.0
144,2392.0,2020-04-17 14:15:00+05:30,2392.0,2380.1,2383.45,78843,52.19854961831512,2382.8357142857135,5.0712969196570725,2393.5538466103694,2376.4999999999995,2359.4461533896297,34.11,2.0
145,2387.4,2020-04-17 14:25:00+05:30,2394.85,2384.35,2391.95,77921,48.98798617248745,2384.6214285714277,-3.210563445827667,2394.189501939772,2376.7025,2359.2154980602277,34.97,1.0
146,2388.6,2020-04-17 14:35:00+05:30,2392.0,2384.4,2387.2,69342,49.854475262275386,2386.214285714285,0.8664890897879332,2394.783378922842,2376.8774999999996,2358.971621077157,35.81,1.0
147,2386.2,2020-04-17 14:45:00+05:30,2394.0,2384.4,2388.25,87826,48.094913728828416,2386.757142857142,-1.7595615334469699,2395.6707553957904,2377.2874999999995,2358.9042446042085,36.77,1.0
148,2381.9,2020-04-17 14:55:00+05:30,2390.0,2378.45,2386.45,143624,45.02850703308789,2386.0785714285703,-3.0664066957405254,2395.883088063134,2378.0174999999995,2360.151911936865,35.73,-1.0
149,2386.5,2020-04-17 15:05:00+05:30,2389.0,2378.75,2381.9,188059,48.78999342977401,2386.7642857142846,3.7614863966861165,2396.2866198773017,2379.0699999999997,2361.8533801226977,34.43,-1.0
150,2384.3,2020-04-17 15:15:00+05:30,2387.85,2380.0,2386.05,232700,47.12903027056715,2386.6999999999985,-1.660963159206858,2395.9295527248414,2380.075,2364.220447275158,31.71,-3.0
151,2387.0,2020-04-17 15:25:00+05:30,2390.0,2382.55,2384.0,75331,49.40548211963878,2385.985714285713,2.276451849071634,2396.4171885496235,2380.8725,2365.3278114503764,31.09,-1.0
152,2377.2,2020-04-20 09:15:00+05:30,2420.0,2374.6,2420.0,294183,42.28829529755478,2384.52857142857,-7.117186822084001,2394.9816072216067,2381.5474999999997,2368.1133927783926,26.87,-4.0
153,2355.0,2020-04-20 09:25:00+05:30,2385.0,2350.8,2376.9,136947,31.29140542382291,2379.7285714285704,-10.996889873731874,2397.5220954321553,2381.035,2364.5479045678444,32.97,6.0
154,2348.0,2020-04-20 09:35:00+05:30,2357.4,2340.5,2356.0,129350,28.752454151301762,2374.2714285714274,-2.538951272521146,2401.5395969439737,2380.0199999999995,2358.5004030560253,43.04,10.0
155,2346.9,2020-04-20 09:45:00+05:30,2366.3,2345.55,2345.8,115041,28.362996061287063,2369.2714285714274,-0.3894580900146991,2404.3462717642683,2378.265,2352.1837282357315,52.16,9.0
156,2353.0,2020-04-20 09:55:00+05:30,2357.7,2345.15,2346.2,57084,33.72420335771672,2364.485714285713,5.361207296429654,2405.414161031491,2376.9925,2348.5708389685087,56.84,5.0
157,2356.0,2020-04-20 10:05:00+05:30,2358.0,2347.05,2353.0,52421,36.251024480750665,2360.4428571428557,2.5268211230339475,2405.813365365327,2375.8925,2345.9716346346727,59.84,3.0
158,2350.9,2020-04-20 10:15:00+05:30,2360.85,2347.0,2356.75,43241,33.88580751100909,2355.2857142857133,-2.3652169697415744,2406.637572513523,2374.6925,2342.747427486477,63.89,4.0
159,2357.05,2020-04-20 10:25:00+05:30,2358.0,2349.0,2352.0,34882,39.0501273055057,2352.4071428571415,5.164319794496606,2406.5363735423875,2373.6725,2340.8086264576127,65.73,2.0
160,2359.6,2020-04-20 10:35:00+05:30,2363.0,2355.0,2355.55,53077,41.10436770705249,2353.0642857142843,2.0542404015467923,2405.702036991192,2372.5325000000003,2339.3629630088085,66.34,1.0
161,2355.15,2020-04-20 10:45:00+05:30,2360.6,2352.0,2360.0,33604,38.655876744723926,2354.085714285713,-2.448490962328563,2404.295549622482,2370.9575,2337.6194503775178,66.68,0.0
162,2358.0,2020-04-20 10:55:00+05:30,2359.85,2354.3,2355.8,29492,41.07672165535417,2355.671428571427,2.420844910630244,2403.1875371917467,2369.7725,2336.3574628082533,66.83,0.0
163,2345.55,2020-04-20 11:05:00+05:30,2359.9,2345.0,2357.2,56297,34.64479386236739,2354.6071428571413,-6.431927792986777,2402.115344365715,2367.8125000000005,2333.509655634286,68.61,2.0
164,2343.0,2020-04-20 11:15:00+05:30,2347.95,2340.0,2347.0,85937,33.48816957495947,2352.7499999999986,-1.1566242874079222,2399.3898245464434,2365.3625,2331.335175453557,68.05,-1.0
165,2343.15,2020-04-20 11:25:00+05:30,2347.7,2342.0,2342.65,29406,33.6285386596043,2351.6428571428555,0.14036908464483133,2396.897264996387,2363.1500000000005,2329.402735003614,67.49,-1.0
166,2350.2,2020-04-20 11:35:00+05:30,2355.0,2336.0,2343.0,77945,40.03413026371781,2350.6642857142842,6.405591604113511,2393.203482433837,2361.2300000000005,2329.256517566164,63.95,-4.0
167,2355.9,2020-04-20 11:45:00+05:30,2356.9,2345.7,2350.2,38852,44.68260039528985,2350.135714285713,4.64847013157204,2389.5035371807335,2359.7150000000006,2329.9264628192677,59.58,-4.0
168,2350.8,2020-04-20 11:55:00+05:30,2356.7,2348.3,2354.9,27856,41.57704333169204,2349.5142857142846,-3.1055570635978142,2386.272136356489,2358.1600000000008,2330.0478636435123,56.22,-3.0
169,2343.2,2020-04-20 12:05:00+05:30,2355.0,2341.5,2350.8,58766,37.40491338362014,2347.3999999999987,-4.172129948071898,2381.462376448261,2355.9950000000003,2330.52762355174,50.93,-5.0
170,2342.5,2020-04-20 12:15:00+05:30,2347.6,2340.0,2343.2,37201,37.03627491360767,2346.964285714285,-0.3686384700124705,2376.2627114919533,2353.905,2331.547288508047,44.72,-6.0
171,2338.0,2020-04-20 12:25:00+05:30,2344.3,2338.0,2342.7,46613,34.67071497665495,2346.249999999999,-2.365559936952721,2368.696379234106,2351.4550000000004,2334.2136207658946,34.48,-10.0
172,2337.6,2020-04-20 12:35:00+05:30,2341.5,2335.0,2338.0,48833,34.46001992189663,2345.457142857141,-0.21069505475831818,2362.9521346321935,2349.4750000000004,2335.997865367807,26.95,-8.0
173,2337.15,2020-04-20 12:45:00+05:30,2340.0,2336.0,2338.15,35482,34.208160344873605,2343.592857142856,-0.2518595770230263,2362.859506725927,2348.5825000000004,2334.305493274074,28.55,2.0
174,2340.05,2020-04-20 12:55:00+05:30,2345.35,2336.6,2337.0,70173,37.384277468891106,2341.32857142857,3.1761171240175017,2362.964149608737,2348.1850000000004,2333.405850391264,29.56,1.0
175,2338.1,2020-04-20 13:05:00+05:30,2342.0,2337.15,2340.0,47113,36.12154290418161,2339.514285714284,-1.262734564709497,2363.194029947389,2347.7450000000003,2332.2959700526117,30.9,1.0
176,2336.0,2020-04-20 13:15:00+05:30,2340.55,2327.0,2338.0,101561,34.75987666231603,2338.485714285712,-1.3616662418655778,2362.984058066687,2346.8950000000004,2330.805941933314,32.18,1.0
177,2328.0,2020-04-20 13:25:00+05:30,2336.6,2327.85,2336.5,58927,30.10416255234358,2336.414285714284,-4.65571410997245,2363.053890385742,2345.4950000000003,2327.936109614259,35.12,3.0
178,2331.95,2020-04-20 13:35:00+05:30,2333.2,2325.0,2327.05,75021,34.75116230227452,2335.5499999999984,4.6469997499309414,2362.9053027294167,2344.5475,2326.1896972705836,36.72,2.0
179,2325.95,2020-04-20 13:45:00+05:30,2333.0,2325.1,2331.95,60002,31.3424304036609,2333.8857142857128,-3.408731898613624,2362.142799571645,2342.9925,2323.8422004283548,38.3,2.0
180,2326.0,2020-04-20 13:55:00+05:30,2328.0,2325.0,2325.05,49544,31.402815982701625,2332.2928571428556,0.06038557904072661,2360.2221153485766,2341.3125,2322.4028846514234,37.82,-0.0
181,2322.4,2020-04-20 14:05:00+05:30,2333.4,2321.0,2326.05,75969,29.397977273879178,2329.7714285714274,-2.0048387088224473,2359.2012441479633,2339.675,2320.148755852037,39.05,1.0
182,2322.3,2020-04-20 14:15:00+05:30,2326.9,2321.95,2322.0,79547,29.34193937506234,2327.514285714284,-0.056037898816839515,2356.88259135335,2337.8900000000003,2318.8974086466505,37.99,-1.0
183,2329.0,2020-04-20 14:25:00+05:30,2332.0,2322.0,2323.95,65290,37.885118978585496,2326.5142857142846,8.543179603523157,2356.091975059817,2337.0625,2318.033024940183,38.06,0.0
184,2335.3,2020-04-20 14:35:00+05:30,2342.0,2329.2,2329.25,125071,44.660635675965416,2327.5571428571416,6.775516697379921,2355.5117486192626,2336.6775000000002,2317.843251380738,37.67,-0.0
185,2331.7,2020-04-20 14:45:00+05:30,2337.0,2330.0,2335.0,79304,41.85130778782136,2327.5214285714274,-2.809327888144054,2354.8064747518556,2336.105,2317.4035252481444,37.4,-0.0
186,2337.5,2020-04-20 14:55:00+05:30,2344.0,2330.05,2332.0,143226,47.57321644246846,2329.171428571427,5.721908654647095,2352.980910884348,2335.4700000000003,2317.9590891156527,35.02,-2.0
187,2333.1,2020-04-20 15:05:00+05:30,2337.35,2329.0,2337.3,197865,44.033310877531555,2330.1857142857125,-3.539905564936902,2348.9748625804264,2334.33,2319.6851374195735,29.29,-6.0
188,2340.2,2020-04-20 15:15:00+05:30,2340.95,2333.05,2333.1,172463,50.441530696212574,2332.72857142857,6.408219818681019,2346.5842007756937,2333.7999999999997,2321.0157992243057,25.57,-4.0
189,2344.0,2020-04-20 15:25:00+05:30,2349.9,2339.8,2339.95,55132,53.50970493353292,2335.8285714285703,3.068174237320349,2346.752401219863,2333.8399999999997,2320.9275987801366,25.82,0.0
190,2324.5,2020-04-21 09:15:00+05:30,2339.35,2282.6,2283.0,311298,39.86908515618854,2335.185714285713,-13.640619777344384,2345.820078456756,2332.9399999999996,2320.059921543243,25.76,-0.0
191,2351.7,2020-04-21 09:25:00+05:30,2356.95,2313.9,2324.1,259267,56.519222620649685,2337.5285714285706,16.650137464461146,2348.8769713997403,2333.6249999999995,2318.3730286002587,30.5,5.0
192,2354.0,2020-04-21 09:35:00+05:30,2376.95,2350.0,2351.45,259056,57.5886366108406,2340.714285714285,1.0694139901909168,2352.1611805316816,2334.4449999999997,2316.728819468318,35.43,5.0
193,2359.65,2020-04-21 09:45:00+05:30,2363.0,2346.1,2355.0,98678,60.17958990760132,2343.8785714285705,2.5909532967607163,2356.563793569067,2335.5699999999997,2314.5762064309324,41.99,7.0
194,2362.55,2020-04-21 09:55:00+05:30,2368.45,2350.2,2359.0,80365,61.480340475015936,2348.0857142857135,1.3007505674146174,2360.870017552915,2336.6949999999997,2312.519982447084,48.35,6.0
195,2350.25,2020-04-21 10:05:00+05:30,2365.0,2347.0,2363.0,74006,53.49820166183946,2349.521428571428,-7.982138813176476,2362.2252538184343,2337.3025,2312.379746181565,49.85,2.0
196,2353.0,2020-04-21 10:15:00+05:30,2358.0,2348.35,2350.15,71642,54.9078041653552,2350.807142857142,1.4096025035157425,2364.0295264906836,2338.1524999999997,2312.275473509316,51.75,2.0
197,2352.35,2020-04-21 10:25:00+05:30,2355.65,2351.0,2353.05,37405,54.487379505243936,2354.7857142857133,-0.4204246601112658,2365.5255951546565,2339.37,2313.2144048453433,52.31,1.0
198,2348.5,2020-04-21 10:35:00+05:30,2354.0,2342.1,2352.15,54287,51.95007639136793,2354.3285714285703,-2.537303113876007,2366.4118085677223,2340.1974999999998,2313.983191432277,52.43,0.0
199,2358.45,2020-04-21 10:45:00+05:30,2360.0,2347.0,2348.65,58465,57.46309381262533,2354.964285714285,5.513017421257402,2368.34558775784,2341.8224999999998,2315.2994122421596,53.05,1.0
200,2355.05,2020-04-21 10:55:00+05:30,2365.6,2352.6,2358.45,78407,55.13518471858056,2354.3071428571416,-2.32790909404477,2369.3272652818396,2343.275,2317.2227347181606,52.1,-1.0
201,2343.9,2020-04-21 11:05:00+05:30,2356.35,2340.8,2355.05,109978,48.23417692352381,2351.642857142856,-6.901007795056749,2368.478755502612,2344.35,2320.221244497388,48.26,-4.0
202,2344.6,2020-04-21 11:15:00+05:30,2347.5,2336.45,2344.8,127871,48.66856207377498,2350.835714285713,0.43438515025116686,2367.2507051152347,2345.4649999999997,2323.6792948847647,43.57,-5.0
203,2341.8,2020-04-21 11:25:00+05:30,2346.7,2336.0,2345.0,56922,46.970695674692514,2349.235714285713,-1.6978663990824643,2366.5658715151008,2346.105,2325.6441284848993,40.92,-3.0
204,2342.05,2020-04-21 11:35:00+05:30,2346.0,2336.25,2341.0,55282,47.14798525291155,2347.7642857142846,0.1772895782190389,2366.3686339900405,2346.4425,2326.5163660099597,39.85,-1.0
205,2336.1,2020-04-21 11:45:00+05:30,2346.0,2336.1,2340.85,61653,43.42675694951253,2345.992857142856,-3.721228303399023,2365.9915039768325,2346.6625,2327.3334960231673,38.66,-1.0
206,2336.5,2020-04-21 11:55:00+05:30,2340.0,2330.3,2336.1,61348,43.74818768683582,2342.8571428571413,0.32143073732328986,2366.0461895486487,2346.6125,2327.1788104513516,38.87,0.0
207,2339.2,2020-04-21 12:05:00+05:30,2342.45,2336.5,2337.95,38199,45.97931756289378,2340.592857142856,2.231129876057963,2365.636594529372,2346.9175,2328.198405470628,37.44,-1.0
208,2334.9,2020-04-21 12:15:00+05:30,2342.0,2333.0,2339.25,38570,43.050729912763025,2339.3071428571416,-2.9285876501307584,2365.9142011600356,2346.6525,2327.3907988399646,38.52,1.0
209,2327.6,2020-04-21 12:25:00+05:30,2334.8,2322.35,2334.0,76888,38.56041784379257,2336.8785714285705,-4.490312068970454,2366.882947551176,2345.8325,2324.782052448824,42.1,4.0
210,2321.3,2020-04-21 12:35:00+05:30,2331.5,2317.3,2327.6,78439,35.15274694037359,2333.9499999999994,-3.407670903418982,2367.4420217895786,2345.6725,2323.9029782104217,43.54,1.0
211,2320.1,2020-04-21 12:45:00+05:30,2327.0,2315.1,2321.3,57993,34.52685647717456,2330.814285714285,-0.6258904631990276,2368.4528490381954,2344.0925,2319.732150961805,48.72,5.0
212,2323.5,2020-04-21 12:55:00+05:30,2324.2,2316.2,2320.0,41057,37.90057613576793,2329.0142857142846,3.373719658593366,2368.1065572920766,2342.5675,2317.0284427079237,51.08,2.0
213,2337.1,2020-04-21 13:05:00+05:30,2338.8,2322.0,2323.85,65649,49.180812306487184,2329.099999999999,11.280236170719256,2365.765914273932,2341.44,2317.114085726068,48.65,-2.0
214,2330.45,2020-04-21 13:15:00+05:30,2340.95,2325.0,2339.9,47949,44.88722048045462,2327.849999999999,-4.293591826032561,2362.473767401809,2339.835,2317.1962325981913,45.28,-3.0
215,2329.8,2020-04-21 13:25:00+05:30,2332.7,2325.0,2331.0,35470,44.4784765131804,2327.1214285714277,-0.40874396727422635,2361.3175140611875,2338.8125,2316.3074859388125,45.01,-0.0
216,2332.35,2020-04-21 13:35:00+05:30,2342.0,2329.0,2329.8,78526,46.5353467951902,2327.799999999999,2.056870282009804,2359.4226333644233,2337.7799999999997,2316.137366635576,43.29,-2.0
217,2331.7,2020-04-21 13:45:00+05:30,2335.35,2326.0,2332.6,41607,46.06686571818098,2329.2857142857133,-0.4684810770092227,2357.411617768668,2336.7475,2316.083382231332,41.33,-2.0
218,2336.7,2020-04-21 13:55:00+05:30,2340.0,2329.0,2331.7,40626,50.21849398946351,2331.657142857142,4.151628271282533,2356.0688634574913,2336.1575,2316.2461365425083,39.82,-2.0
219,2335.0,2020-04-21 14:05:00+05:30,2339.0,2335.0,2336.7,28453,48.84185966816131,2333.299999999999,-1.3766343213021983,2351.906400340195,2334.9849999999997,2318.0635996598044,33.84,-6.0
220,2339.8,2020-04-21 14:15:00+05:30,2345.0,2335.0,2335.35,87835,52.778047779210205,2333.685714285713,3.9361881110488923,2348.5056323042436,2334.2225,2319.939367695756,28.57,-5.0
221,2333.9,2020-04-21 14:25:00+05:30,2342.0,2332.15,2339.8,54938,47.89953087695605,2334.1785714285697,-4.878516902254155,2347.259874191455,2333.7225,2320.185125808545,27.07,-2.0
222,2327.05,2020-04-21 14:35:00+05:30,2334.5,2325.0,2333.8,63757,42.937141242662854,2333.785714285713,-4.962389634293196,2345.6700536061053,2332.8450000000003,2320.019946393895,25.65,-1.0
223,2321.8,2020-04-21 14:45:00+05:30,2330.45,2321.2,2326.25,47369,39.554837394038174,2332.2785714285696,-3.38230384862468,2344.8477486972442,2331.8450000000003,2318.8422513027563,26.01,0.0
224,2319.95,2020-04-21 14:55:00+05:30,2329.0,2317.0,2321.8,101696,38.40672635279121,2330.599999999998,-1.1481110412469633,2343.8469929105554,2330.74,2317.633007089444,26.21,0.0
225,2313.7,2020-04-21 15:05:00+05:30,2326.0,2310.0,2319.95,139200,34.738254013296725,2327.314285714284,-3.6684723394944854,2344.5059665456915,2329.62,2314.7340334543082,29.77,4.0
226,2312.25,2020-04-21 15:15:00+05:30,2318.65,2308.8,2313.7,127895,33.928568876201794,2324.064285714284,-0.809685137094931,2344.8073804552596,2328.4075,2312.00761954474,32.8,3.0
227,2310.05,2020-04-21 15:25:00+05:30,2315.0,2310.0,2312.25,48880,32.68382383800062,2319.814285714284,-1.2447450382011738,2344.45533753187,2326.95,2309.4446624681295,35.01,2.0
228,2303.6,2020-04-22 09:15:00+05:30,2329.0,2295.7,2317.95,128423,29.29093371337926,2315.485714285712,-3.39289012462136,2345.324965158589,2325.3849999999998,2305.4450348414107,39.88,5.0
229,2284.95,2020-04-22 09:25:00+05:30,2305.1,2281.3,2303.6,119518,22.13557329930724,2309.4714285714263,-7.155360414072021,2350.1156713258806,2323.2524999999996,2296.3893286741186,53.73,14.0
230,2295.7,2020-04-22 09:35:00+05:30,2301.7,2275.65,2284.75,112924,32.38819923387619,2305.742857142855,10.252625934568954,2351.5317264516584,2321.9724999999994,2292.4132735483404,59.12,5.0
231,2306.35,2020-04-22 09:45:00+05:30,2324.0,2295.45,2295.45,114914,40.71648796145315,2303.799999999998,8.328288727576954,2351.65605789883,2321.2849999999994,2290.9139421011687,60.74,2.0
232,2309.3,2020-04-22 09:55:00+05:30,2314.15,2300.0,2306.0,60744,42.817616470998736,2303.171428571426,2.101128509545589,2351.3887272895226,2320.575,2289.761272710477,61.63,1.0
233,2314.2,2020-04-22 10:05:00+05:30,2314.4,2305.0,2309.3,55282,46.226747878790746,2303.4499999999975,3.4091314077920103,2349.3470854195284,2319.4299999999994,2289.5129145804704,59.83,-2.0
234,2327.2,2020-04-22 10:15:00+05:30,2327.95,2312.0,2314.25,110465,54.0532582148455,2305.899999999998,7.826510336054753,2348.9670707039572,2319.2674999999995,2289.5679292960417,59.4,-0.0
235,2316.1,2020-04-22 10:25:00+05:30,2334.55,2312.5,2327.35,117466,47.672994852555966,2307.685714285712,-6.380263362289533,2347.888584782217,2318.5824999999995,2289.276415217782,58.61,-1.0
236,2329.1,2020-04-22 10:35:00+05:30,2333.0,2314.05,2315.5,73688,54.45370037648947,2313.9928571428545,6.780705523933506,2347.439293037915,2318.419999999999,2289.4007069620834,58.04,-1.0
237,2337.0,2020-04-22 10:45:00+05:30,2338.0,2324.0,2329.8,65937,58.01426737960454,2319.8928571428546,3.560567003115068,2348.3054783357975,2318.6849999999995,2289.0645216642015,59.24,1.0
238,2341.0,2020-04-22 10:55:00+05:30,2343.8,2330.55,2337.3,74404,59.73081739350016,2324.8428571428544,1.7165500138956205,2349.127262006679,2318.8999999999996,2288.6727379933204,60.45,1.0
239,2337.95,2020-04-22 11:05:00+05:30,2342.0,2327.05,2341.0,52543,57.790660222076134,2328.9357142857116,-1.9401571714240262,2349.632230882538,2319.0474999999997,2288.4627691174614,61.17,1.0
240,2336.15,2020-04-22 11:15:00+05:30,2341.8,2335.0,2337.4,37722,56.62175544304039,2332.071428571426,-1.168904779035742,2348.968105277824,2318.8649999999993,2288.7618947221745,60.21,-1.0
241,2332.3,2020-04-22 11:25:00+05:30,2337.0,2330.0,2336.15,37229,54.10117210992224,2332.799999999997,-2.5205833331181537,2348.727947504588,2318.7849999999994,2288.842052495411,59.89,-0.0
242,2342.0,2020-04-22 11:35:00+05:30,2343.0,2331.0,2332.9,47398,59.04761112735987,2336.4999999999973,4.946439017437633,2351.049267049659,2319.5324999999993,2288.0157329503395,63.03,3.0
243,2338.45,2020-04-22 11:45:00+05:30,2345.95,2333.95,2342.05,53113,56.64175810960689,2337.835714285711,-2.4058530177529818,2352.993936140848,2320.364999999999,2287.73606385915,65.26,2.0
244,2344.05,2020-04-22 11:55:00+05:30,2345.0,2335.0,2338.6,34207,59.44859407197834,2338.8428571428544,2.8068359623714514,2355.8715789110183,2321.5699999999993,2287.26842108898,68.6,3.0
245,2349.0,2020-04-22 12:05:00+05:30,2350.0,2343.1,2344.85,72432,61.80246457143142,2339.9857142857113,2.3538704994530804,2359.512938901453,2323.3349999999996,2287.1570610985464,72.36,4.0
246,2357.0,2020-04-22 12:15:00+05:30,2357.9,2345.05,2349.0,75734,65.30742161564288,2342.70714285714,3.5049570442114586,2364.3086720658503,2325.5724999999993,2286.8363279341484,77.47,5.0
247,2361.6,2020-04-22 12:25:00+05:30,2363.0,2351.8,2357.55,82250,67.1726650171891,2346.3428571428535,1.8652434015462234,2369.321004104184,2328.149999999999,2286.9789958958145,82.34,5.0
248,2354.1,2020-04-22 12:35:00+05:30,2366.15,2352.0,2361.25,87700,61.378348099183675,2349.4571428571394,-5.794316918005428,2371.7004927164926,2330.6749999999993,2289.649507283506,82.05,-0.0
249,2357.5,2020-04-22 12:45:00+05:30,2359.0,2346.9,2354.45,66212,62.939079627437344,2351.671428571425,1.560731528253669,2370.8950283572804,2334.3024999999993,2297.7099716427183,73.19,-9.0
250,2359.0,2020-04-22 12:55:00+05:30,2363.3,2357.3,2358.0,56936,63.637233736028385,2354.607142857139,0.6981541085910408,2370.8071598820698,2337.4674999999997,2304.1278401179297,66.68,-7.0
251,2357.8,2020-04-22 13:05:00+05:30,2361.7,2350.0,2359.0,50670,62.62091673794865,2356.571428571425,-1.0163169980797377,2371.1342133726303,2340.04,2308.9457866273697,62.19,-4.0
252,2353.75,2020-04-22 13:15:00+05:30,2357.85,2350.4,2357.85,40548,59.18540840940151,2357.2499999999964,-3.4355083285471366,2370.310445322993,2342.2625,2314.2145546770066,56.1,-6.0
253,2344.1,2020-04-22 13:25:00+05:30,2357.4,2341.2,2353.75,71167,51.881709878729744,2355.407142857139,-7.303698530671767,2368.5001177187955,2343.7574999999997,2319.014882281204,49.49,-7.0
254,2349.0,2020-04-22 13:35:00+05:30,2352.0,2343.0,2343.0,47127,54.923516944574395,2353.607142857139,3.041807065844651,2368.4115554770574,2344.8475,2321.2834445229423,47.13,-2.0
255,2353.0,2020-04-22 13:45:00+05:30,2358.15,2348.85,2349.1,51399,57.29670140493269,2353.4499999999966,2.3731844603582957,2366.2102186706034,2346.6925,2327.174781329397,39.04,-8.0
256,2353.0,2020-04-22 13:55:00+05:30,2356.0,2348.7,2353.0,30439,57.29670140493268,2352.8071428571393,-7.105427357601002e-15,2365.7241823384184,2347.8875,2330.0508176615813,35.67,-3.0
257,2353.95,2020-04-22 14:05:00+05:30,2355.0,2351.3,2352.9,28202,57.9071135418778,2352.0857142857108,0.610412136945115,2365.994935353894,2348.7349999999997,2331.4750646461052,34.52,-1.0
258,2359.0,2020-04-22 14:15:00+05:30,2359.0,2352.5,2354.15,38109,61.09104533992526,2352.2571428571396,3.1839317980474604,2367.0729531633124,2349.6349999999998,2332.197046836687,34.88,0.0
259,2363.05,2020-04-22 14:25:00+05:30,2367.2,2358.0,2358.5,72876,63.47703936645519,2353.5857142857108,2.3859940265299286,2368.399774713739,2350.8900000000003,2333.3802252862615,35.02,0.0
260,2371.0,2020-04-22 14:35:00+05:30,2373.5,2363.0,2363.1,76067,67.66830384382769,2357.4285714285684,4.191264477372499,2370.8864476624303,2352.6325,2334.37855233757,36.51,1.0
261,2368.25,2020-04-22 14:45:00+05:30,2372.0,2365.0,2371.3,40260,64.89412337357112,2360.1785714285684,-2.7741804702565673,2371.279844603363,2354.43,2337.5801553966367,33.7,-3.0
262,2373.0,2020-04-22 14:55:00+05:30,2374.4,2367.05,2369.3,99325,67.38159289064828,2363.035714285711,2.487469517077159,2373.6964627573107,2355.98,2338.2635372426894,35.43,2.0
263,2394.6,2020-04-22 15:05:00+05:30,2399.7,2373.0,2373.35,207365,75.7843082150151,2368.978571428568,8.402715324366824,2381.809043114397,2358.7875,2335.765956885603,46.04,11.0
264,2392.0,2020-04-22 15:15:00+05:30,2395.65,2382.55,2394.45,194197,73.33538723845678,2374.4142857142824,-2.448920976558327,2387.496396370147,2361.185,2334.873603629853,52.62,7.0
265,2390.0,2020-04-22 15:25:00+05:30,2393.0,2385.15,2392.45,47593,71.42343283201451,2378.8428571428535,-1.9119544064422627,2391.8381117188255,2363.2349999999997,2334.631888281174,57.21,5.0
266,2370.5,2020-04-23 09:15:00+05:30,2389.0,2355.65,2389.0,187917,56.07337717193501,2379.9071428571397,-15.350055660079505,2392.5307433056523,2363.91,2335.2892566943474,57.24,0.0
267,2405.85,2020-04-23 09:25:00+05:30,2412.95,2364.85,2371.05,234057,69.05647881372762,2384.885714285711,12.983101641792615,2400.2944256115256,2366.1225,2331.9505743884743,68.34,11.0
268,2398.95,2020-04-23 09:35:00+05:30,2412.95,2387.35,2405.9,134189,65.01702986332563,2389.271428571425,-4.03944895040199,2405.0118222216743,2368.365,2331.7181777783253,73.29,5.0
269,2399.75,2020-04-23 09:45:00+05:30,2407.0,2396.55,2399.75,73432,65.2706825818984,2393.0928571428535,0.2536527185727664,2409.2939842221454,2370.4775,2331.6610157778546,77.63,4.0
270,2407.9,2020-04-23 09:55:00+05:30,2412.3,2397.55,2399.0,76952,67.82979287809516,2394.992857142854,2.5591102961967636,2414.739311967886,2372.9224999999997,2331.1056880321134,83.63,6.0
271,2403.9,2020-04-23 10:05:00+05:30,2407.9,2400.0,2407.9,45029,65.28702508402472,2396.6928571428543,-2.5427677940704427,2418.588220461577,2375.2275,2331.866779538423,86.72,3.0
272,2402.95,2020-04-23 10:15:00+05:30,2405.0,2400.05,2404.3,36059,64.66698874008341,2398.5428571428542,-0.6200363439413081,2421.4979634822084,2377.6874999999995,2333.8770365177907,87.62,1.0
273,2397.4,2020-04-23 10:25:00+05:30,2404.95,2393.7,2403.1,50470,61.020934044259775,2402.385714285712,-3.6460546958236364,2421.990949779016,2380.3525,2338.714050220984,83.28,-4.0
274,2386.9,2020-04-23 10:35:00+05:30,2400.0,2375.35,2397.4,74150,54.73348287579965,2399.6785714285693,-6.287451168460123,2421.243943495052,2382.2475,2343.251056504948,77.99,-5.0
275,2393.5,2020-04-23 10:45:00+05:30,2395.9,2386.3,2386.9,61118,57.6848991912705,2398.899999999998,2.9514163154708513,2421.015196732242,2384.2725,2347.529803267758,73.49,-4.0
276,2379.95,2020-04-23 10:55:00+05:30,2393.5,2377.0,2393.5,62359,50.41697745456521,2396.0714285714266,-7.26792173670529,2419.390189283007,2385.62,2351.8498107169926,67.54,-6.0
277,2382.0,2020-04-23 11:05:00+05:30,2382.0,2368.05,2379.0,80320,51.41434541217009,2392.3714285714263,0.9973679576048795,2417.4157034473023,2387.0225,2356.6292965526977,60.79,-7.0
278,2389.1,2020-04-23 11:15:00+05:30,2389.95,2381.15,2381.25,60298,54.805133820820956,2390.25714285714,3.390788408650863,2415.909985277995,2388.5274999999997,2361.1450147220044,54.76,-6.0
279,2391.8,2020-04-23 11:25:00+05:30,2397.8,2386.0,2389.1,110412,56.060970576716514,2388.664285714283,1.255836755895558,2414.5963044294112,2389.9649999999997,2365.333695570588,49.26,-6.0
280,2366.0,2020-04-23 11:35:00+05:30,2390.65,2365.0,2389.0,193222,43.59510502672835,2384.1785714285684,-12.465865549988166,2415.241994999095,2389.7149999999997,2364.1880050009045,51.05,2.0
281,2366.0,2020-04-23 11:45:00+05:30,2369.95,2350.25,2366.0,173420,43.59510502672835,2381.192857142854,0.0,2415.544266262954,2389.6025,2363.660733737046,51.88,1.0
282,2355.0,2020-04-23 11:55:00+05:30,2367.0,2352.8,2366.1,84238,39.27655853503879,2375.692857142854,-4.31854649168956,2418.089652133644,2388.7025,2359.3153478663558,58.77,7.0
283,2339.4,2020-04-23 12:05:00+05:30,2355.0,2333.4,2355.0,201891,34.115196274899716,2369.899999999997,-5.161362260139072,2422.4930457515543,2385.9425,2349.391954248446,73.1,14.0
284,2337.85,2020-04-23 12:15:00+05:30,2348.7,2336.0,2338.05,90213,33.64214697762918,2363.5928571428535,-0.4730492972705349,2425.475690036225,2383.2349999999997,2340.9943099637744,84.48,11.0
285,2315.05,2020-04-23 12:25:00+05:30,2341.0,2315.0,2337.95,175751,27.583270277853245,2353.0142857142823,-6.0588766997759365,2431.3940240296606,2379.4875,2327.5809759703398,103.81,19.0
286,2323.45,2020-04-23 12:35:00+05:30,2326.0,2311.25,2316.0,155680,32.412770366946276,2343.249999999997,4.829500089093031,2434.7116866197152,2377.1349999999998,2319.5583133802843,115.15,11.0
287,2331.0,2020-04-23 12:45:00+05:30,2333.0,2321.95,2322.15,108908,36.51115793159785,2338.249999999997,4.098387564651574,2432.811381236254,2373.3925,2313.973618763746,118.84,4.0
288,2341.0,2020-04-23 12:55:00+05:30,2351.95,2325.9,2330.0,248105,41.565401594714395,2334.6785714285684,5.054243663116544,2430.31674309871,2370.495,2310.6732569012897,119.64,1.0
289,2323.65,2020-04-23 13:05:00+05:30,2341.75,2320.0,2341.0,143004,36.183308490389074,2330.199999999997,-5.382093104325321,2428.3300126370395,2366.69,2305.0499873629606,123.28,4.0
290,2318.9,2020-04-23 13:15:00+05:30,2323.9,2308.05,2323.65,187150,34.852746695426475,2327.271428571426,-1.3305617949625983,2424.202897217437,2362.2400000000002,2300.2771027825634,123.93,1.0
291,2319.2,2020-04-23 13:25:00+05:30,2325.0,2318.0,2318.9,51380,35.01528298258103,2324.60714285714,0.16253628715455193,2419.555722771418,2358.005,2296.454277228582,123.1,-1.0
292,2322.1,2020-04-23 13:35:00+05:30,2322.75,2312.05,2319.0,54367,36.66037848613245,2325.614285714283,1.645095503551424,2413.6769333694233,2353.9625,2294.248066630577,119.43,-4.0
293,2327.25,2020-04-23 13:45:00+05:30,2333.65,2322.0,2322.1,83308,39.585314158964955,2326.15714285714,2.924935672832504,2407.61277701839,2350.455,2293.29722298161,114.32,-5.0
294,2325.0,2020-04-23 13:55:00+05:30,2328.8,2320.0,2327.25,50547,38.74353139128471,2325.299999999997,-0.8417827676802432,2402.8889265537364,2347.3599999999997,2291.831073446263,111.06,-3.0
295,2320.5,2020-04-23 14:05:00+05:30,2327.7,2320.05,2325.0,43742,37.046731932908166,2322.371428571426,-1.696799458376546,2395.9695808390525,2343.71,2291.4504191609476,104.52,-7.0
296,2319.05,2020-04-23 14:15:00+05:30,2323.7,2315.1,2320.9,52489,36.492143434254864,2321.714285714283,-0.5545884986533025,2391.0986781797305,2340.665,2290.2313218202694,100.87,-4.0
297,2322.0,2020-04-23 14:25:00+05:30,2322.0,2316.0,2319.2,45725,38.50898289332852,2322.1571428571397,2.0168394590736582,2384.7744816693807,2337.665,2290.555518330619,94.22,-7.0
298,2331.0,2020-04-23 14:35:00+05:30,2331.0,2318.45,2323.0,78344,44.31874157040814,2323.8428571428535,5.809758677079621,2375.2095084870252,2334.76,2294.310491512975,80.9,-13.0
299,2328.0,2020-04-23 14:45:00+05:30,2334.7,2325.0,2331.0,83181,42.86491755691816,2324.6857142857107,-1.4538240134899851,2361.8681222277246,2331.57,2301.2718777722757,60.6,-20.0
300,2320.7,2020-04-23 14:55:00+05:30,2330.0,2318.05,2327.75,88928,39.47180912285277,2323.7499999999964,-3.3931084340653896,2355.221930048864,2329.305,2303.3880699511355,51.83,-9.0
301,2312.8,2020-04-23 15:05:00+05:30,2321.15,2311.05,2320.8,162791,36.13794347092219,2322.007142857139,-3.33386565193058,2347.035371824901,2326.645,2306.254628175099,40.78,-11.0
302,2318.85,2020-04-23 15:15:00+05:30,2322.0,2312.3,2312.75,192937,40.29677941101154,2321.7714285714246,4.158835940089354,2340.5071782286464,2324.8375,2309.167821771354,31.34,-9.0
303,2322.0,2020-04-23 15:25:00+05:30,2323.5,2318.75,2319.0,55195,42.400029949011575,2322.1928571428534,2.103250538000033,2338.0884540083202,2323.9674999999997,2309.8465459916792,28.24,-3.0
304,2297.0,2020-04-24 09:15:00+05:30,2338.0,2293.1,2311.0,290043,32.587891810727044,2318.6214285714245,-9.812138138284531,2339.0821221976507,2321.925,2304.7678778023496,34.31,6.0
305,2299.15,2020-04-24 09:25:00+05:30,2306.45,2292.0,2296.7,128700,34.002410527653524,2314.071428571425,1.4145187169264801,2340.9025860194006,2321.13,2301.3574139805996,39.55,5.0
306,2295.1,2020-04-24 09:35:00+05:30,2308.5,2293.0,2299.15,82033,32.614128154926604,2309.3714285714245,-1.3882823727269198,2342.603681363363,2319.7125,2296.821318636637,45.78,6.0
307,2309.05,2020-04-24 09:45:00+05:30,2312.8,2294.45,2295.1,72657,41.47742682204791,2307.707142857139,8.863298667121306,2341.331655146665,2318.6150000000002,2295.8983448533354,45.43,-0.0
308,2306.65,2020-04-24 09:55:00+05:30,2312.0,2300.45,2308.5,56904,40.490685359183914,2306.8285714285676,-0.9867414628639963,2337.592260969357,2316.8975,2296.202739030643,41.39,-4.0
309,2300.0,2020-04-24 10:05:00+05:30,2310.0,2297.05,2307.0,49539,37.80684259878088,2304.1357142857105,-2.6838427604030315,2337.4611938593475,2315.715,2293.9688061406528,43.49,2.0
310,2303.85,2020-04-24 10:15:00+05:30,2307.6,2298.0,2299.5,32246,40.275049194056216,2301.5428571428533,2.4682065952753334,2337.2787408407657,2314.9625,2292.6462591592344,44.63,1.0
311,2307.5,2020-04-24 10:25:00+05:30,2309.1,2303.05,2303.5,33822,42.60079166560258,2303.0428571428533,2.325742471546363,2336.8389634898344,2314.3775,2291.9160365101657,44.92,0.0
312,2305.9,2020-04-24 10:35:00+05:30,2315.0,2305.05,2306.9,62498,41.831795576339275,2304.0071428571396,-0.7689960892633039,2336.024787528947,2313.5675,2291.1102124710533,44.91,-0.0
313,2303.65,2020-04-24 10:45:00+05:30,2309.5,2301.55,2305.0,47020,40.718662259248966,2305.2285714285676,-1.113133317090309,2334.2909454151063,2312.3875000000003,2290.4840545848942,43.81,-1.0
314,2305.3,2020-04-24 10:55:00+05:30,2309.6,2303.0,2303.65,29703,41.93881081819375,2304.692857142854,1.2201485589447856,2332.6806942991298,2311.4025000000006,2290.1243057008714,42.56,-1.0
315,2304.75,2020-04-24 11:05:00+05:30,2309.6,2303.0,2305.3,28835,41.63121724726499,2304.421428571425,-0.30759357092875916,2331.6398249257354,2310.6150000000007,2289.590175074266,42.05,-1.0
316,2306.45,2020-04-24 11:15:00+05:30,2308.0,2303.3,2305.0,26405,43.02224999028398,2305.3428571428535,1.3910327430189895,2330.698410352257,2309.985,2289.2715896477434,41.43,-1.0
317,2298.5,2020-04-24 11:25:00+05:30,2306.6,2296.0,2305.75,52187,38.41198055488893,2304.578571428568,-4.610269435395054,2329.3187811744897,2308.8100000000004,2288.301218825511,41.02,-0.0
318,2296.6,2020-04-24 11:35:00+05:30,2300.0,2292.6,2298.0,44703,37.38098894664901,2303.021428571425,-1.0309916082399155,2325.4169602958086,2307.09,2288.7630397041917,36.65,-4.0
319,2295.45,2020-04-24 11:45:00+05:30,2304.95,2293.75,2296.6,47602,36.73824825277176,2301.5285714285683,-0.6427406938772506,2321.6242115755904,2305.4625,2289.30078842441,32.32,-4.0
320,2294.25,2020-04-24 11:55:00+05:30,2299.0,2294.05,2295.4,20664,36.04184606471032,2300.1857142857107,-0.696402188061441,2319.3526194152632,2304.1400000000003,2288.9273805847374,30.43,-2.0
321,2296.0,2020-04-24 12:05:00+05:30,2297.95,2294.0,2294.25,24565,37.89085379834961,2298.857142857139,1.84900773363929,2318.353693374401,2303.3,2288.2463066255996,30.11,-0.0
322,2296.35,2020-04-24 12:15:00+05:30,2302.2,2294.25,2296.0,36771,38.27519523719091,2297.657142857139,0.3843414388412967,2315.611811181854,2302.175,2288.738188818146,26.87,-3.0
323,2298.85,2020-04-24 12:25:00+05:30,2301.9,2295.0,2296.45,24137,41.07986685584168,2296.5714285714243,2.8046716186507723,2310.7381386513143,2301.0175,2291.2968613486855,19.44,-7.0
324,2296.45,2020-04-24 12:35:00+05:30,2303.05,2296.0,2297.7,48512,39.23667554457766,2296.2785714285674,-1.8431913112640217,2310.7614729805937,2300.99,2291.218527019406,19.54,0.0
325,2286.15,2020-04-24 12:45:00+05:30,2298.0,2285.0,2296.1,66007,32.497561218120126,2294.7857142857106,-6.739114326457532,2312.144798310765,2300.3399999999997,2288.5352016892343,23.61,4.0
326,2289.05,2020-04-24 12:55:00+05:30,2297.0,2285.55,2286.75,44963,35.8389538742159,2293.8714285714245,3.3413926560957776,2312.6874791969854,2300.0375,2287.3875208030145,25.3,2.0
327,2290.0,2020-04-24 13:05:00+05:30,2292.75,2287.0,2289.9,37193,36.94016644643098,2293.264285714282,1.1012125722150756,2311.746466614972,2299.085,2286.423533385028,25.32,0.0
328,2290.0,2020-04-24 13:15:00+05:30,2293.0,2287.65,2289.55,34300,36.94016644643098,2292.407142857139,0.0,2311.0087770925966,2298.2524999999996,2285.4962229074026,25.51,0.0
329,2297.4,2020-04-24 13:25:00+05:30,2297.7,2287.5,2290.0,42681,45.40519664581824,2292.5571428571393,8.465030199387265,2310.8567668666687,2298.1225,2285.388233133331,25.47,-0.0
330,2300.3,2020-04-24 13:35:00+05:30,2303.0,2295.0,2297.0,55094,48.33234927555768,2292.7642857142823,2.927152629739439,2310.439836828402,2297.945,2285.4501631715984,24.99,-0.0
331,2297.0,2020-04-24 13:45:00+05:30,2301.0,2294.75,2300.95,48901,45.352489556023805,2292.8428571428535,-2.979859719533877,2309.078807377843,2297.42,2285.761192622157,23.32,-2.0
332,2289.0,2020-04-24 13:55:00+05:30,2299.0,2289.0,2297.35,33890,39.0646358957857,2293.249999999997,-6.287853660238106,2308.094891264105,2296.575,2285.0551087358945,23.04,-0.0
333,2286.5,2020-04-24 14:05:00+05:30,2290.0,2282.0,2289.0,63543,37.32317173234293,2292.8857142857114,-1.741464163442771,2307.5683838222467,2295.7174999999997,2283.866616177753,23.7,1.0
334,2285.0,2020-04-24 14:15:00+05:30,2291.85,2280.35,2285.7,38472,36.27818156327432,2292.1714285714256,-1.0449901690686048,2306.5750013991856,2294.7025,2282.829998600814,23.75,0.0
335,2285.5,2020-04-24 14:25:00+05:30,2291.95,2282.2,2283.4,37119,36.91225866429436,2291.5285714285683,0.6340771010200399,2305.2998943721263,2293.74,2282.180105627873,23.12,-1.0
336,2297.6,2020-04-24 14:35:00+05:30,2298.8,2283.0,2285.3,69336,49.9037539790643,2291.5571428571398,12.991495314769935,2303.393746045462,2293.2974999999997,2283.201253954537,20.19,-3.0
337,2291.0,2020-04-24 14:45:00+05:30,2299.9,2290.0,2297.0,48030,44.518591336230045,2290.2285714285686,-5.385162642834253,2302.7589239864947,2292.9224999999997,2283.0860760135047,19.67,-1.0
338,2286.3,2020-04-24 14:55:00+05:30,2295.0,2285.1,2291.8,69382,41.11596179900799,2288.699999999997,-3.4026295372220545,2302.5082177962754,2292.4075000000003,2282.306782203725,20.2,1.0
339,2282.2,2020-04-24 15:05:00+05:30,2287.8,2280.0,2286.3,104589,38.361483651017295,2287.7285714285686,-2.754478147990696,2302.7068909240866,2291.745,2280.783109075913,21.92,2.0
340,2280.4,2020-04-24 15:15:00+05:30,2282.55,2280.0,2282.2,22411,37.18372815241596,2286.8571428571404,-1.1777554986013357,2303.0491431708388,2291.0525000000002,2279.0558568291617,23.99,2.0
