,close,date,high,low,open,volume,RSI_14,sma_7,RSI_Trend,ub,mb,lb,band_diff,band_diff_trend
0,1208.75,2020-04-09 09:15:00+05:30,1220.35,1205.4,1214.0,1010047,0.0,0.0,,,,,,
1,1209.65,2020-04-09 09:25:00+05:30,1212.25,1205.0,1208.5,381588,100.0,0.0,100.0,,,,,
2,1206.0,2020-04-09 09:35:00+05:30,1216.0,1206.0,1210.3,399623,76.22149837133689,0.0,-23.778501628663108,,,,,
3,1196.75,2020-04-09 09:45:00+05:30,1209.1,1194.6,1206.0,592735,46.22397811882927,0.0,-29.99752025250762,,,,,
4,1199.15,2020-04-09 09:55:00+05:30,1203.0,1193.1,1197.5,520395,51.55168964101257,0.0,5.3277115221833,,,,,
5,1199.0,2020-04-09 10:05:00+05:30,1200.0,1195.0,1199.5,256836,51.21020338369495,0.0,-0.3414862573176194,,,,,
6,1202.25,2020-04-09 10:15:00+05:30,1206.35,1198.95,1198.95,407465,57.741783726709805,1203.0785714285714,6.531580343014852,,,,,
7,1198.1,2020-04-09 10:25:00+05:30,1205.0,1197.0,1202.2,347042,48.76454348478469,1201.5571428571427,-8.977240241925116,,,,,
8,1200.65,2020-04-09 10:35:00+05:30,1203.4,1197.0,1198.0,183040,53.54392733048352,1200.2714285714285,4.779383845698831,,,,,
9,1199.0,2020-04-09 10:45:00+05:30,1204.3,1195.1,1201.0,377786,50.27587228737544,1199.2714285714285,-3.2680550431080775,,,,,
10,1209.8,2020-04-09 10:55:00+05:30,1214.5,1199.0,1199.0,678391,65.23354543595181,1201.1357142857141,14.957673148576369,,,,,
11,1217.9,2020-04-09 11:05:00+05:30,1219.0,1208.2,1208.2,797071,72.02940653243631,1203.8142857142855,6.795861096484501,,,,,
12,1219.45,2020-04-09 11:15:00+05:30,1223.35,1214.3,1217.95,835225,73.11249985363041,1206.7357142857143,1.0830933211940987,,,,,
13,1225.75,2020-04-09 11:25:00+05:30,1232.65,1219.85,1220.0,937687,77.00931375583504,1210.0928571428572,3.8968139022046273,,,,,
14,1222.45,2020-04-09 11:35:00+05:30,1230.0,1221.25,1225.75,393091,71.18920057794196,1213.5714285714287,-5.820113177893077,,,,,
15,1228.75,2020-04-09 11:45:00+05:30,1229.2,1221.55,1222.45,325058,75.0638226466098,1217.5857142857144,3.8746220686678328,,,,,
16,1223.4,2020-04-09 11:55:00+05:30,1229.0,1222.15,1228.6,264256,66.8427874575213,1221.0714285714287,-8.221035189088497,,,,,
17,1224.7,2020-04-09 12:05:00+05:30,1225.5,1220.0,1223.35,355268,67.76658417431747,1223.2000000000003,0.9237967167961756,,,,,
18,1221.4,2020-04-09 12:15:00+05:30,1227.0,1220.65,1224.7,239349,62.970458775574905,1223.7000000000003,-4.796125398742568,,,,,
19,1223.4,2020-04-09 12:25:00+05:30,1224.5,1220.0,1221.35,198002,64.605437918659,1224.2642857142857,1.6349791430841023,1234.235528657085,1211.815,1189.394471342915,44.84,
20,1225.2,2020-04-09 12:35:00+05:30,1226.0,1222.0,1223.3,254779,66.05798012888482,1224.1857142857145,1.4525422102258148,1235.7799166276654,1212.6375000000003,1189.495083372335,46.28,1.0
21,1225.95,2020-04-09 12:45:00+05:30,1228.4,1223.25,1225.2,207283,66.67171198419344,1224.6857142857145,0.6137318553086146,1237.2895669999039,1213.4525,1189.6154330000963,47.67,1.0
22,1226.5,2020-04-09 12:55:00+05:30,1226.5,1223.45,1225.45,125085,67.14093818148345,1224.3642857142859,0.4692261972900127,1238.724745638477,1214.4775000000002,1190.2302543615233,48.49,1.0
23,1225.8,2020-04-09 13:05:00+05:30,1228.0,1224.5,1226.05,207392,65.86984921580861,1224.707142857143,-1.271088965674835,1239.1651910959038,1215.93,1192.6948089040964,46.47,-2.0
24,1225.55,2020-04-09 13:15:00+05:30,1227.1,1224.45,1225.45,172133,65.39369125710611,1224.8285714285714,-0.4761579587025011,1239.4478187643458,1217.25,1195.0521812356542,44.4,-2.0
25,1222.5,2020-04-09 13:25:00+05:30,1226.75,1221.0,1225.6,285671,59.721634383240094,1224.9857142857143,-5.672056873866019,1238.9825827987222,1218.425,1197.8674172012777,41.12,-3.0
26,1215.15,2020-04-09 13:35:00+05:30,1223.6,1212.9,1222.35,429184,48.748346008529424,1223.8071428571427,-10.97328837471067,1238.2543796108355,1219.0700000000002,1199.8856203891648,38.37,-3.0
27,1214.0,2020-04-09 13:45:00+05:30,1215.7,1210.1,1215.15,328210,47.28442251002424,1222.2071428571428,-1.4639234985051814,1236.544741888701,1219.8650000000002,1203.1852581112994,33.36,-5.0
28,1219.3,2020-04-09 13:55:00+05:30,1221.85,1211.5,1213.95,333219,54.12232098168978,1221.2571428571425,6.8378984716655395,1234.8292487749823,1220.7975000000001,1206.765751225018,28.06,-5.0
29,1218.2,2020-04-09 14:05:00+05:30,1220.0,1216.1,1219.0,192521,52.59739278232682,1220.0714285714282,-1.5249281993629609,1231.4735894776059,1221.7575000000002,1212.0414105223945,19.43,-9.0
30,1210.75,2020-04-09 14:15:00+05:30,1218.8,1210.5,1218.35,357976,43.63102292934356,1217.9214285714284,-8.966369852983263,1231.281280638354,1221.805,1212.328719361646,18.95,-0.0
31,1211.2,2020-04-09 14:25:00+05:30,1214.0,1206.3,1210.75,361168,44.24924444278586,1215.8714285714286,0.6182215134423004,1231.9482682377936,1221.47,1210.9917317622064,20.96,2.0
32,1212.2,2020-04-09 14:35:00+05:30,1213.0,1210.0,1211.65,202041,45.67509850524911,1214.4,1.4258540624632516,1232.3535180087279,1221.1075,1209.8614819912723,22.49,2.0
33,1212.9,2020-04-09 14:45:00+05:30,1216.75,1212.0,1212.3,330781,46.70267103990355,1214.0785714285716,1.027572534654439,1232.0571979206525,1220.4650000000001,1208.8728020793478,23.18,1.0
34,1219.85,2020-04-09 14:55:00+05:30,1220.75,1212.6,1212.6,443092,55.668619599837506,1214.9142857142858,8.965948559933956,1231.891729641209,1220.335,1208.7782703587911,23.11,-0.0
35,1220.05,2020-04-09 15:05:00+05:30,1224.85,1219.8,1219.8,579555,55.89853796357948,1215.0214285714287,0.22991836374197305,1230.7568193461893,1219.9,1209.0431806538109,21.71,-1.0
36,1217.35,2020-04-09 15:15:00+05:30,1221.0,1215.1,1220.0,586831,51.979219014636655,1214.9,-3.9193189489428235,1230.3805995934426,1219.5974999999999,1208.814400406557,21.57,-0.0
37,1217.75,2020-04-09 15:25:00+05:30,1219.65,1215.5,1217.4,158352,52.51045692506456,1215.9,0.5312379104279046,1229.7858535736934,1219.2499999999998,1208.7141464263061,21.07,-0.0
38,1206.9,2020-04-13 09:15:00+05:30,1215.0,1190.15,1203.95,917419,39.68571844115251,1215.2857142857142,-12.82473848391205,1230.3541121702704,1218.5249999999999,1206.6958878297294,23.66,3.0
39,1190.55,2020-04-13 09:25:00+05:30,1208.4,1190.3,1206.9,464061,28.42110334886206,1212.1928571428568,-11.264615092290448,1233.862589733815,1216.8824999999997,1199.9024102661845,33.96,10.0
40,1186.95,2020-04-13 09:35:00+05:30,1193.7,1184.4,1190.4,532752,26.628832416035266,1208.4857142857143,-1.7922709328267956,1236.1119114805786,1214.9699999999998,1193.828088519421,42.28,8.0
41,1180.55,2020-04-13 09:45:00+05:30,1187.9,1180.0,1186.45,410528,23.760199561428664,1202.8714285714284,-2.8686328546066022,1238.1817788357007,1212.6999999999996,1187.2182211642985,50.96,9.0
42,1186.3,2020-04-13 09:55:00+05:30,1186.9,1180.05,1180.9,216563,30.956633705755507,1198.0499999999997,7.196434144326844,1237.8735592727817,1210.6899999999996,1183.5064407272175,54.37,3.0
43,1186.7,2020-04-13 10:05:00+05:30,1191.95,1184.2,1186.3,271019,31.44144650907225,1193.6714285714284,0.4848128033167427,1236.9475783817672,1208.7349999999997,1180.522421618232,56.43,2.0
44,1182.8,2020-04-13 10:15:00+05:30,1187.6,1180.0,1186.0,284754,29.2824643894066,1188.678571428571,-2.1589821196656516,1235.9026544774529,1206.5974999999996,1177.2923455225464,58.61,2.0
45,1186.0,2020-04-13 10:25:00+05:30,1187.0,1182.4,1182.5,128407,33.32785980893739,1185.6928571428568,4.0453954195307915,1234.4515458599649,1204.7724999999996,1175.0934541400343,59.36,1.0
46,1193.55,2020-04-13 10:35:00+05:30,1200.0,1184.5,1186.0,482556,41.78885858699425,1186.1214285714284,8.460998778056862,1233.353537264043,1203.6924999999997,1174.0314627359562,59.32,-0.0
47,1193.0,2020-04-13 10:45:00+05:30,1195.85,1189.1,1193.0,230743,41.37691686129695,1186.985714285714,-0.4119417256973037,1232.253935824339,1202.6424999999995,1173.03106417566,59.22,-0.0
48,1186.7,2020-04-13 10:55:00+05:30,1193.5,1185.0,1192.6,209898,36.89093529841668,1187.8642857142856,-4.485981562880269,1230.3509223556039,1201.0124999999996,1171.6740776443953,58.68,-1.0
49,1189.0,2020-04-13 11:05:00+05:30,1190.0,1186.35,1186.7,129511,39.47102409895192,1188.25,2.5800888005352434,1228.1873605172457,1199.5524999999996,1170.9176394827534,57.27,-1.0
50,1192.9,2020-04-13 11:15:00+05:30,1196.0,1189.0,1189.0,217157,43.67594903074582,1189.1357142857141,4.204924931793897,1226.9358144747512,1198.6599999999996,1170.384185525248,56.55,-1.0
51,1192.5,2020-04-13 11:25:00+05:30,1193.9,1187.5,1192.2,162294,43.34336787171642,1190.5214285714285,-0.33258115902940233,1225.4869106729086,1197.7249999999997,1169.9630893270908,55.52,-1.0
52,1195.0,2020-04-13 11:35:00+05:30,1199.75,1191.15,1192.35,291248,46.10562094379879,1191.8071428571427,2.7622530720823733,1223.7919792313646,1196.8649999999996,1169.9380207686345,53.85,-2.0
53,1202.4,2020-04-13 11:45:00+05:30,1203.0,1194.5,1195.0,381943,53.35490455455464,1193.0714285714287,7.249283610755853,1222.3442425688384,1196.3399999999997,1170.335757431161,52.01,-2.0
54,1195.0,2020-04-13 11:55:00+05:30,1206.4,1195.0,1201.85,334342,46.60403357356138,1193.357142857143,-6.7508709809932625,1218.6291019317368,1195.0974999999996,1171.5658980682624,47.06,-5.0
55,1199.45,2020-04-13 12:05:00+05:30,1201.2,1195.0,1195.0,136718,50.647962572986,1195.1785714285713,4.043928999424622,1214.6144750622948,1194.0674999999997,1173.5205249377045,41.09,-6.0
56,1195.0,2020-04-13 12:15:00+05:30,1200.5,1195.0,1199.0,126259,46.82859967331064,1196.0357142857142,-3.8193628996753617,1210.3563811650558,1192.9499999999998,1175.5436188349438,34.81,-6.0
57,1192.5,2020-04-13 12:25:00+05:30,1196.5,1190.0,1195.0,263585,44.78531327911011,1195.9785714285715,-2.0432863942005284,1204.6038248398481,1191.6874999999998,1178.7711751601514,25.83,-9.0
58,1191.3,2020-04-13 12:35:00+05:30,1193.6,1190.3,1192.0,131558,43.79745895098889,1195.8071428571427,-0.9878543281212231,1201.6583763412718,1190.9074999999998,1180.1566236587278,21.5,-4.0
59,1191.0,2020-04-13 12:45:00+05:30,1193.95,1188.0,1191.3,210279,43.538900084095324,1195.2357142857143,-0.25855886689356566,1201.6796095400352,1190.9299999999998,1180.1803904599644,21.5,0.0
60,1193.55,2020-04-13 12:55:00+05:30,1195.0,1189.0,1191.15,165979,46.433619237608575,1193.9714285714285,2.8947191535132504,1201.8998258790687,1191.2599999999998,1180.6201741209309,21.28,-0.0
61,1187.0,2020-04-13 13:05:00+05:30,1195.5,1186.0,1193.5,261376,40.66625845695925,1192.8285714285714,-5.767360780649327,1201.1970873272721,1191.5824999999998,1181.9679126727274,19.23,-2.0
62,1182.4,2020-04-13 13:15:00+05:30,1186.55,1182.1,1186.2,353050,37.17415644880846,1190.3928571428569,-3.4921020081507876,1201.5932195006708,1191.3874999999998,1181.1817804993289,20.41,1.0
63,1182.95,2020-04-13 13:25:00+05:30,1185.5,1180.5,1182.4,235869,37.861232609629596,1188.6714285714284,0.6870761608211353,1201.894415660327,1191.1999999999998,1180.5055843396726,21.39,1.0
64,1186.05,2020-04-13 13:35:00+05:30,1186.85,1180.6,1182.95,194908,41.72935381223976,1187.7499999999998,3.868121202610162,1201.6088793348547,1191.3624999999997,1181.1161206651448,20.49,-1.0
65,1188.55,2020-04-13 13:45:00+05:30,1190.65,1185.2,1186.1,248216,44.71806320077263,1187.3571428571427,2.9887093885328753,1201.5165227220004,1191.4899999999998,1181.4634772779991,20.05,-0.0
66,1187.2,2020-04-13 13:55:00+05:30,1189.5,1186.1,1188.55,122250,43.42288081511359,1186.8142857142855,-1.2951823856590465,1201.3257196086322,1191.1725,1181.0192803913676,20.31,0.0
67,1183.95,2020-04-13 14:05:00+05:30,1188.2,1182.0,1187.55,199438,40.38999526384655,1185.4428571428573,-3.032885551267036,1201.3268200502791,1190.7199999999998,1180.1131799497205,21.21,1.0
68,1190.2,2020-04-13 14:15:00+05:30,1193.05,1182.25,1183.95,316054,47.92294615498215,1185.9,7.532950891135599,1201.3367633114667,1190.895,1180.4532366885333,20.88,-0.0
69,1190.4,2020-04-13 14:25:00+05:30,1193.15,1189.0,1190.2,354537,48.148754420620335,1187.0428571428572,0.2258082656381859,1201.371986519695,1190.965,1180.558013480305,20.81,-0.0
70,1193.9,2020-04-13 14:35:00+05:30,1193.9,1187.55,1190.0,222627,52.06582517011066,1188.607142857143,3.917070749490321,1201.4706255318952,1191.0149999999999,1180.5593744681046,20.91,0.0
71,1191.0,2020-04-13 14:45:00+05:30,1195.0,1189.05,1193.55,301231,48.77777209405294,1189.314285714286,-3.2880530760577145,1201.3722677556884,1190.94,1180.5077322443117,20.86,-0.0
72,1189.35,2020-04-13 14:55:00+05:30,1193.15,1188.6,1190.9,313618,46.96062307571864,1189.4285714285718,-1.8171490183343053,1200.9316512647315,1190.6574999999998,1180.383348735268,20.55,-0.0
73,1186.8,2020-04-13 15:05:00+05:30,1191.0,1186.0,1189.35,383855,44.21893655432145,1189.3714285714286,-2.7416865213971846,1198.658189039025,1189.8774999999998,1181.0968109609746,17.56,-3.0
74,1190.3,2020-04-13 15:15:00+05:30,1191.8,1186.0,1187.0,402229,48.65027213613756,1190.2785714285712,4.431335581816107,1198.0912479608114,1189.6424999999997,1181.193752039188,16.9,-1.0
75,1192.8,2020-04-13 15:25:00+05:30,1192.8,1189.75,1190.35,175280,51.60748567211621,1190.6499999999996,2.957213535978653,1196.5739412239718,1189.3099999999997,1182.0460587760276,14.53,-2.0
76,1220.0,2020-04-15 09:15:00+05:30,1225.0,1197.05,1197.05,1317818,71.10504204507151,1194.8785714285711,19.4975563729553,1205.9762115627484,1190.5599999999997,1175.143788437251,30.83,16.0
77,1221.15,2020-04-15 09:25:00+05:30,1222.0,1214.5,1219.95,492703,71.62556847557151,1198.7714285714283,0.5205264304999986,1212.613523380599,1191.9924999999998,1171.3714766194007,41.24,10.0
78,1222.1,2020-04-15 09:35:00+05:30,1227.0,1220.0,1220.1,491173,72.07313069657599,1203.2142857142856,0.44756222100447474,1218.149038621103,1193.5324999999998,1168.9159613788966,49.23,8.0
79,1230.8,2020-04-15 09:45:00+05:30,1233.9,1221.5,1222.5,543661,75.83267467934968,1209.135714285714,3.7595439827736925,1225.1930679969764,1195.5224999999996,1165.8519320030227,59.34,10.0
80,1230.55,2020-04-15 09:55:00+05:30,1236.0,1229.0,1230.65,540962,75.51806707024252,1215.385714285714,-0.31460760910715635,1230.889855677007,1197.3724999999997,1163.8551443229924,67.03,8.0
81,1226.1,2020-04-15 10:05:00+05:30,1230.9,1225.35,1230.5,292682,69.95473896131163,1220.4999999999998,-5.5633281089308895,1234.8015895065093,1199.3274999999996,1163.85341049349,70.95,4.0
82,1223.7,2020-04-15 10:15:00+05:30,1228.15,1220.0,1225.65,405472,67.08434881003814,1224.9142857142856,-2.8703901512734973,1237.5198955679946,1201.3924999999995,1165.2651044320044,72.25,1.0
83,1221.7,2020-04-15 10:25:00+05:30,1224.6,1220.0,1223.5,266213,64.70179055768733,1225.1571428571428,-2.3825582523508047,1239.4492090605254,1203.3299999999995,1167.2107909394736,72.24,-0.0
84,1223.7,2020-04-15 10:35:00+05:30,1223.7,1217.1,1221.7,284919,66.00213569756951,1225.5214285714287,1.3003451398821824,1241.4639591357884,1205.2124999999996,1168.9610408642109,72.5,0.0
85,1221.4,2020-04-15 10:45:00+05:30,1225.9,1221.2,1223.7,205464,63.122277226481316,1225.4214285714286,-2.8798584710881983,1242.9039126779608,1206.8549999999998,1170.8060873220388,72.1,-0.0
86,1218.2,2020-04-15 10:55:00+05:30,1222.3,1216.3,1221.4,349648,59.24881227325522,1223.6214285714289,-3.8734649532260974,1243.55005130995,1208.4049999999997,1173.2599486900494,70.29,-2.0
87,1217.85,2020-04-15 11:05:00+05:30,1219.5,1217.35,1218.45,188863,58.823633505309466,1221.8071428571434,-0.42517876794575216,1243.5058929563424,1210.0999999999997,1176.694107043657,66.81,-3.0
88,1216.15,2020-04-15 11:15:00+05:30,1217.9,1212.3,1217.9,408404,56.69546598890199,1220.3857142857146,-2.12816751640748,1243.5409363439892,1211.3974999999996,1179.25406365601,64.29,-3.0
89,1215.2,2020-04-15 11:25:00+05:30,1216.15,1212.1,1216.15,203060,55.487353588109976,1219.171428571429,-1.208112400792011,1243.2471454526499,1212.6374999999996,1182.0278545473493,61.22,-3.0
90,1214.0,2020-04-15 11:35:00+05:30,1218.0,1213.5,1215.25,198676,53.92425807768807,1218.071428571429,-1.5630955104219026,1242.9541695819992,1213.6424999999995,1184.3308304179998,58.62,-3.0
91,1213.2,2020-04-15 11:45:00+05:30,1215.15,1210.75,1214.2,215157,52.855269126623405,1216.571428571429,-1.068988951064668,1242.067224677555,1214.7524999999996,1187.4377753224442,54.63,-4.0
92,1214.5,2020-04-15 11:55:00+05:30,1215.3,1211.7,1213.35,142824,54.43596832016059,1215.5857142857146,1.5806991935371855,1240.5782636534918,1216.0099999999998,1191.4417363465077,49.14,-5.0
93,1214.4,2020-04-15 12:05:00+05:30,1215.85,1212.0,1214.5,124591,54.28519004721848,1215.0428571428572,-0.15077827294211232,1237.7983471055124,1217.3899999999999,1196.9816528944873,40.82,-8.0
94,1216.5,2020-04-15 12:15:00+05:30,1219.75,1213.75,1214.4,220892,56.97999447196918,1214.8500000000001,2.6948044247507,1234.6669395281274,1218.6999999999998,1202.7330604718722,31.93,-9.0
95,1215.0,2020-04-15 12:25:00+05:30,1216.7,1213.5,1216.7,105330,54.508328136217514,1214.6857142857145,-2.4716663357516637,1230.3652979962494,1219.81,1209.2547020037505,21.11,-11.0
96,1213.9,2020-04-15 12:35:00+05:30,1216.0,1211.0,1215.05,154860,52.70286842289487,1214.5,-1.8054597133226409,1230.3847203911507,1219.5049999999999,1208.625279608849,21.76,1.0
97,1207.9,2020-04-15 12:45:00+05:30,1214.2,1205.15,1214.2,299759,44.11882134855814,1213.6285714285714,-8.58404707433673,1230.8551369864642,1218.8425,1206.8298630135357,24.03,2.0
98,1207.6,2020-04-15 12:55:00+05:30,1210.7,1207.0,1207.9,181768,43.73525176911129,1212.8285714285714,-0.3835695794468563,1231.0196530231087,1218.1174999999998,1205.215346976891,25.8,2.0
99,1208.15,2020-04-15 13:05:00+05:30,1209.5,1204.25,1207.7,218311,44.68474375081236,1211.9214285714284,0.9494919817010725,1229.1554171100138,1216.9850000000001,1204.8145828899865,24.34,-1.0
100,1202.9,2020-04-15 13:15:00+05:30,1208.7,1202.55,1208.15,208914,38.07899959623666,1210.2785714285712,-6.605744154575696,1227.564874126275,1215.6025000000002,1203.6401258737253,23.92,-0.0
101,1202.5,2020-04-15 13:25:00+05:30,1203.5,1195.1,1202.65,458309,37.62265045636773,1208.2785714285712,-0.45634913986893366,1226.6772294844468,1214.4225000000001,1202.1677705155535,24.51,1.0
102,1188.8,2020-04-15 13:35:00+05:30,1204.2,1188.8,1202.9,406849,26.08996473058471,1204.535714285714,-11.532685725783018,1228.722747697818,1212.6775000000002,1196.6322523021825,32.09,8.0
103,1185.05,2020-04-15 13:45:00+05:30,1189.5,1181.8,1188.2,532334,23.92784362838323,1200.4142857142854,-2.162121102201482,1230.5138345519424,1210.845,1191.1761654480576,39.34,7.0
104,1182.7,2020-04-15 13:55:00+05:30,1189.3,1180.0,1185.2,431968,22.660491974663614,1196.8142857142855,-1.267351653719615,1231.181271638994,1208.795,1186.408728361006,44.77,5.0
105,1168.0,2020-04-15 14:05:00+05:30,1182.85,1167.6,1182.7,615494,16.701394752720347,1191.1571428571426,-5.959097221943267,1234.197115777237,1206.125,1178.052884222763,56.14,11.0
106,1158.25,2020-04-15 14:15:00+05:30,1168.8,1156.4,1167.95,672907,14.060332224946706,1184.0285714285712,-2.6410625277736415,1237.7980316249689,1203.1275,1168.4569683750312,69.34,13.0
107,1159.75,2020-04-15 14:25:00+05:30,1165.0,1154.1,1158.65,714341,16.25444543314194,1177.8642857142856,2.1941132081952333,1239.1712987112912,1200.2225,1161.273701288709,77.9,9.0
108,1151.1,2020-04-15 14:35:00+05:30,1161.0,1148.7,1159.65,797897,14.029952219628655,1170.5214285714285,-2.224493213513284,1240.868332302576,1196.9699999999998,1153.0716676974237,87.8,10.0
109,1156.0,2020-04-15 14:45:00+05:30,1160.85,1151.1,1151.1,530632,20.65435427184201,1165.8357142857142,6.624402052213355,1240.6317207115446,1194.0099999999998,1147.388279288455,93.24,5.0
110,1151.75,2020-04-15 14:55:00+05:30,1157.0,1150.2,1155.85,523548,19.26758463675776,1161.0785714285712,-1.3867696350842493,1240.1382242133238,1190.8974999999998,1141.6567757866758,98.48,5.0
111,1149.85,2020-04-15 15:05:00+05:30,1153.35,1143.0,1151.75,1031853,18.664257615860976,1156.385714285714,-0.6033270208967849,1239.0369544891073,1187.7299999999998,1136.4230455108923,102.61,4.0
112,1153.0,2020-04-15 15:15:00+05:30,1154.7,1144.85,1149.85,1037113,22.970741763332924,1154.2428571428568,4.306484147471949,1236.574663651493,1184.6549999999997,1132.7353363485065,103.84,1.0
113,1157.5,2020-04-15 15:25:00+05:30,1157.9,1150.15,1153.0,283030,28.772699318186625,1154.135714285714,5.801957554853701,1233.0988476643486,1181.8099999999997,1130.5211523356509,102.58,-1.0
114,1177.0,2020-04-16 09:15:00+05:30,1178.0,1149.85,1149.85,1344299,47.29760369646094,1156.5999999999997,18.524904378274314,1228.472911355778,1179.8349999999996,1131.1970886442211,97.28,-5.0
115,1174.0,2020-04-16 09:25:00+05:30,1184.7,1170.65,1176.8,821793,45.34372322080438,1159.8714285714282,-1.953880475656561,1223.55384828881,1177.7849999999996,1132.0161517111892,91.54,-6.0
116,1177.5,2020-04-16 09:35:00+05:30,1183.75,1172.15,1173.9,468518,48.04056075260747,1162.9428571428566,2.696837531803091,1218.4652303399318,1175.9649999999997,1133.4647696600675,85.0,-7.0
117,1175.9,2020-04-16 09:45:00+05:30,1182.15,1174.5,1177.5,365607,46.90126643543853,1166.3928571428567,-1.1392943171689396,1214.1241181200498,1174.3649999999996,1134.6058818799493,79.52,-5.0
118,1171.15,2020-04-16 09:55:00+05:30,1178.8,1167.5,1175.45,470041,43.59581363036733,1169.4357142857136,-3.305452805071198,1209.099827366896,1172.5424999999998,1135.9851726331035,73.11,-6.0
119,1172.05,2020-04-16 10:05:00+05:30,1174.25,1168.0,1171.4,393766,44.39544594461147,1172.1571428571422,0.7996323142441355,1203.231286855496,1170.7374999999997,1138.2437131445035,64.99,-8.0
120,1176.75,2020-04-16 10:15:00+05:30,1178.75,1171.55,1172.2,449633,48.5014032100395,1174.9071428571422,4.105957265428032,1198.3865991024293,1169.4299999999996,1140.47340089757,57.91,-7.0
121,1174.0,2020-04-16 10:25:00+05:30,1179.0,1172.0,1176.5,318412,46.34501661073588,1174.4785714285706,-2.156386599303616,1192.5833366316522,1168.0049999999997,1143.4266633683471,49.16,-9.0
122,1170.3,2020-04-16 10:35:00+05:30,1174.25,1170.0,1173.75,256606,43.54012729105367,1173.9499999999991,-2.8048893196822107,1189.6756306908137,1167.0799999999995,1144.4843693091852,45.19,-4.0
123,1163.75,2020-04-16 10:45:00+05:30,1170.3,1161.15,1170.3,666894,39.036078108237476,1171.9857142857134,-4.504049182816196,1186.9944661514505,1166.0149999999996,1145.0355338485488,41.96,-3.0
124,1165.2,2020-04-16 10:55:00+05:30,1168.45,1163.05,1163.8,315532,40.50337219266416,1170.4571428571421,1.4672940844266833,1184.5936858907687,1165.1399999999996,1145.6863141092306,38.91,-3.0
125,1166.8,2020-04-16 11:05:00+05:30,1168.8,1162.0,1164.6,315252,42.15771820653018,1169.8357142857135,1.654346013866018,1184.5039244774352,1165.0799999999995,1145.6560755225637,38.85,-0.0
126,1169.4,2020-04-16 11:15:00+05:30,1170.3,1166.0,1167.1,464061,44.84171976594184,1169.4571428571421,2.684001559411662,1184.8751789003647,1165.6374999999996,1146.3998210996344,38.48,-0.0
127,1165.5,2020-04-16 11:25:00+05:30,1170.25,1164.0,1168.9,525443,41.71488896540078,1167.849999999999,-3.1268308005410574,1184.9630367187672,1165.9249999999997,1146.8869632812323,38.08,-0.0
128,1165.4,2020-04-16 11:35:00+05:30,1167.0,1162.0,1165.5,305117,41.634721553745194,1166.6214285714275,-0.08016741165558727,1184.3623795479607,1166.6399999999999,1148.917620452039,35.44,-3.0
129,1164.2,2020-04-16 11:45:00+05:30,1165.8,1162.6,1165.65,182928,40.62576095198698,1165.749999999999,-1.0089606017582113,1184.102704678202,1167.0499999999997,1149.9972953217975,34.11,-1.0
130,1165.05,2020-04-16 11:55:00+05:30,1167.3,1163.5,1164.8,262609,41.70342634528459,1165.9357142857134,1.0776653932976075,1183.2228282438896,1167.7149999999997,1152.2071717561098,31.02,-3.0
131,1169.0,2020-04-16 12:05:00+05:30,1169.9,1164.0,1165.0,330840,46.55779855719041,1166.4785714285706,4.854372211905819,1181.702807788096,1168.6725,1155.6421922119039,26.06,-5.0
132,1169.1,2020-04-16 12:15:00+05:30,1170.0,1164.15,1168.5,418741,46.67885199343409,1166.8071428571418,0.12105343624367748,1180.2193745301245,1169.4774999999997,1158.735625469875,21.48,-5.0
133,1172.45,2020-04-16 12:25:00+05:30,1178.0,1167.0,1169.2,470946,50.707018036259626,1167.242857142856,4.028166042825539,1179.4278885625456,1170.225,1161.0221114374542,18.41,-3.0
134,1169.0,2020-04-16 12:35:00+05:30,1173.9,1168.7,1172.2,244522,46.786966869802455,1167.742857142856,-3.9200511664571707,1178.466302289762,1169.8249999999998,1161.1836977102375,17.28,-1.0
135,1173.5,2020-04-16 12:45:00+05:30,1175.0,1169.15,1169.4,287035,51.999485917490084,1168.8999999999992,5.212519047687628,1178.3932041692622,1169.7999999999997,1161.2067958307373,17.19,-0.0
136,1182.3,2020-04-16 12:55:00+05:30,1182.95,1171.05,1173.25,530701,60.20824604305422,1171.4857142857131,8.208760125564133,1179.7360436858435,1170.0399999999997,1160.343956314156,19.39,2.0
137,1179.4,2020-04-16 13:05:00+05:30,1187.15,1177.5,1182.3,680698,56.763173634343566,1173.5357142857133,-3.445072408710651,1180.4667829001335,1170.2149999999997,1159.963217099866,20.5,1.0
138,1179.15,2020-04-16 13:15:00+05:30,1181.0,1173.65,1179.8,298127,56.463233337505855,1174.9857142857131,-0.2999402968377112,1181.6172055205166,1170.6149999999998,1159.612794479483,22.0,2.0
139,1181.8,2020-04-16 13:25:00+05:30,1183.85,1178.45,1179.15,286859,58.939959921123446,1176.7999999999988,2.476726583617591,1183.1835628235792,1171.1024999999997,1159.0214371764202,24.16,2.0
140,1181.2,2020-04-16 13:35:00+05:30,1184.45,1181.0,1181.75,253140,58.133581251644294,1178.0499999999988,-0.8063786694791517,1183.993630964955,1171.3249999999998,1158.6563690350447,25.34,1.0
141,1181.2,2020-04-16 13:45:00+05:30,1181.9,1177.1,1181.35,296661,58.13358125164429,1179.792857142856,-7.105427357601002e-15,1185.063029907667,1171.685,1158.306970092333,26.76,1.0
142,1179.55,2020-04-16 13:55:00+05:30,1181.2,1175.0,1180.9,240133,55.70300162186719,1180.6571428571417,-2.4305796297770996,1185.9565540474036,1172.1474999999998,1158.338445952596,27.62,1.0
143,1179.4,2020-04-16 14:05:00+05:30,1181.2,1177.5,1179.8,185562,55.47592140606367,1180.2428571428559,-0.22708021580351812,1186.507163489513,1172.9299999999998,1159.3528365104867,27.15,-0.0
144,1179.7,2020-04-16 14:15:00+05:30,1182.5,1178.0,1179.0,206188,55.863458853848364,1180.2857142857133,0.3875374477846947,1187.0413992249764,1173.655,1160.2686007750235,26.77,-0.0
145,1177.6,2020-04-16 14:25:00+05:30,1183.4,1177.0,1179.95,252125,52.4236916014554,1180.0642857142848,-3.4397672523929614,1187.285128864306,1174.195,1161.1048711356939,26.18,-1.0
146,1174.4,2020-04-16 14:35:00+05:30,1178.05,1174.0,1177.6,340344,47.61265156913774,1179.007142857142,-4.811040032317663,1187.33905819911,1174.445,1161.5509418008899,25.79,-0.0
147,1171.9,2020-04-16 14:45:00+05:30,1177.5,1168.35,1174.7,463500,44.19988033246667,1177.6785714285704,-3.4127712366710696,1187.0264972898665,1174.7649999999999,1162.5035027101333,24.52,-1.0
148,1164.75,2020-04-16 14:55:00+05:30,1173.9,1162.35,1171.9,785273,36.206626748794704,1175.3285714285703,-7.993253583671965,1187.1014881728856,1174.7324999999998,1162.363511827114,24.74,0.0
149,1169.25,2020-04-16 15:05:00+05:30,1176.25,1160.05,1164.55,1224231,43.17216617428578,1173.8571428571418,6.965539425491073,1186.633903268907,1174.985,1163.3360967310928,23.3,-1.0
150,1170.95,2020-04-16 15:15:00+05:30,1173.8,1167.0,1169.8,966339,45.58921418235608,1172.6499999999992,2.417048008070303,1186.1417823486483,1175.28,1164.4182176513516,21.72,-2.0
151,1170.95,2020-04-16 15:25:00+05:30,1171.2,1168.95,1170.95,394281,45.58921418235608,1171.3999999999992,0.0,1186.0350140282853,1175.3775,1164.7199859717148,21.32,-0.0
152,1209.5,2020-04-17 09:15:00+05:30,1216.0,1201.5,1216.0,1067593,74.31739341430105,1175.957142857142,28.72817923194497,1195.652116575424,1177.3975,1159.142883424576,36.51,15.0
153,1199.0,2020-04-17 09:25:00+05:30,1209.45,1195.1,1208.55,557749,64.35119916269781,1179.4714285714276,-9.966194251603241,1199.1921366881272,1178.725,1158.2578633118726,40.93,4.0
154,1199.3,2020-04-17 09:35:00+05:30,1203.0,1196.0,1199.45,321368,64.49769056045076,1183.3857142857134,0.1464913977529534,1202.1135264165316,1180.24,1158.3664735834684,43.75,3.0
155,1201.0,2020-04-17 09:45:00+05:30,1203.0,1197.4,1199.3,283751,65.36621004528436,1188.5642857142848,0.8685194848335982,1205.102423286337,1181.615,1158.127576713663,46.97,3.0
156,1205.65,2020-04-17 09:55:00+05:30,1207.0,1198.0,1200.95,367318,67.69425537186028,1193.7642857142848,2.328045326575918,1208.6173250276736,1182.7825,1156.9476749723265,51.67,5.0
157,1201.1,2020-04-17 10:05:00+05:30,1210.0,1200.05,1205.65,547590,63.216455479475464,1198.0714285714275,-4.477799892384816,1210.8991632079762,1183.8674999999998,1156.8358367920234,54.06,2.0
158,1202.7,2020-04-17 10:15:00+05:30,1206.8,1200.05,1201.0,332245,64.11536235186136,1202.6071428571418,0.8989068723859006,1213.2381477303857,1185.0449999999998,1156.851852269614,56.39,2.0
159,1194.9,2020-04-17 10:25:00+05:30,1203.95,1192.65,1203.15,747886,56.824839944989115,1200.5214285714276,-7.290522406872249,1214.1829219376325,1185.7,1157.2170780623676,56.97,1.0
160,1198.3,2020-04-17 10:35:00+05:30,1203.0,1194.05,1195.0,514206,59.01267760418502,1200.4214285714274,2.187837659195907,1215.4921533172367,1186.5549999999998,1157.617846682763,57.87,1.0
161,1198.3,2020-04-17 10:45:00+05:30,1199.0,1194.4,1198.8,356628,59.012677604185015,1200.2785714285703,-7.105427357601002e-15,1216.689426942911,1187.4099999999999,1158.1305730570887,58.56,1.0
162,1199.0,2020-04-17 10:55:00+05:30,1202.85,1197.5,1198.15,239322,59.50267744419851,1199.9928571428559,0.48999984001349617,1217.8541148004717,1188.3825,1158.9108851995281,58.94,0.0
163,1204.4,2020-04-17 11:05:00+05:30,1205.0,1198.55,1199.2,233288,63.16140331727905,1199.8142857142846,3.6587258730805416,1219.6162197053407,1189.6325,1159.6487802946592,59.97,1.0
164,1202.45,2020-04-17 11:15:00+05:30,1205.0,1201.35,1204.4,201689,61.017603441748754,1200.0071428571416,-2.1437998755302985,1220.8929655351462,1190.77,1160.6470344648537,60.25,0.0
165,1201.2,2020-04-17 11:25:00+05:30,1203.55,1200.0,1202.45,137420,59.620626960903294,1199.792857142856,-1.39697648084546,1221.7479335207208,1191.95,1162.1520664792793,59.6,-1.0
166,1199.6,2020-04-17 11:35:00+05:30,1202.75,1199.0,1201.1,186093,57.79660146962055,1200.4642857142846,-1.8240254912827467,1221.9973254274025,1193.2099999999998,1164.422674572597,57.57,-2.0
167,1199.9,2020-04-17 11:45:00+05:30,1200.95,1198.15,1199.6,188848,58.05571679328863,1200.6928571428562,0.2591153236680839,1221.7075353316989,1194.61,1167.512464668301,54.2,-3.0
168,1196.9,2020-04-17 11:55:00+05:30,1200.8,1195.4,1200.1,345454,54.455162112063874,1200.492857142856,-3.6005546812247573,1219.3862465303912,1196.2175,1173.0487534696088,46.34,-8.0
169,1199.1,2020-04-17 12:05:00+05:30,1199.5,1195.0,1197.1,197987,56.5817477024292,1200.507142857142,2.1265855903653232,1217.1021742219039,1197.7099999999998,1178.3178257780958,38.78,-8.0
170,1197.95,2020-04-17 12:15:00+05:30,1200.5,1196.25,1199.05,381776,55.13260204713108,1199.5857142857135,-1.4491456552981177,1213.8125412619065,1199.06,1184.3074587380934,29.51,-9.0
171,1198.0,2020-04-17 12:25:00+05:30,1199.5,1196.6,1197.9,98970,55.18634269742026,1198.9499999999991,0.053740650289178404,1207.0321577268846,1200.4125,1193.7928422731152,13.24,-16.0
172,1204.0,2020-04-17 12:35:00+05:30,1204.85,1197.1,1198.05,261474,61.19318179838197,1199.349999999999,6.006839100961713,1205.5064041320363,1200.1374999999998,1194.7685958679633,10.74,-2.0
173,1205.55,2020-04-17 12:45:00+05:30,1208.6,1204.05,1204.75,456545,62.5882912662896,1200.199999999999,1.3951094679076306,1206.318932551357,1200.4649999999997,1194.6110674486424,11.71,1.0
174,1205.5,2020-04-17 12:55:00+05:30,1207.0,1202.1,1205.55,225341,62.51022304436279,1200.9999999999989,-0.07806822192681295,1207.0132099321797,1200.7749999999999,1194.53679006782,12.48,1.0
175,1201.4,2020-04-17 13:05:00+05:30,1205.7,1200.0,1205.5,181601,56.30796847650668,1201.6428571428562,-6.202254567856109,1207.038809565865,1200.7949999999998,1194.5511904341347,12.49,0.0
176,1200.8,2020-04-17 13:15:00+05:30,1205.9,1198.8,1201.2,292372,55.44104252383419,1201.885714285713,-0.8669259526724886,1206.364146654964,1200.5524999999998,1194.7408533450355,11.62,-1.0
177,1203.5,2020-04-17 13:25:00+05:30,1205.0,1200.0,1200.75,146022,58.53484535234517,1202.6785714285702,3.093802828510981,1206.629051015483,1200.6725,1194.715948984517,11.91,0.0
178,1202.65,2020-04-17 13:35:00+05:30,1205.6,1201.5,1203.75,147550,57.18865238150994,1203.3428571428558,-1.346192970835233,1206.6230089693804,1200.6699999999998,1194.7169910306193,11.91,0.0
179,1205.35,2020-04-17 13:45:00+05:30,1206.0,1200.3,1202.7,182181,60.31107511149073,1203.535714285713,3.1224227299807907,1206.8396953914773,1201.1924999999997,1195.545304608522,11.29,-1.0
180,1206.3,2020-04-17 13:55:00+05:30,1207.0,1204.15,1205.35,349125,61.37842618833836,1203.6428571428557,1.067351076847629,1207.5041544126657,1201.5924999999997,1195.6808455873338,11.82,1.0
181,1206.0,2020-04-17 14:05:00+05:30,1206.9,1205.05,1206.0,342228,60.82216067636718,1203.7142857142844,-0.5562655119711764,1207.988408942568,1201.9774999999997,1195.9665910574315,12.02,0.0
182,1205.9,2020-04-17 14:15:00+05:30,1207.0,1203.2,1206.0,365843,60.62492701184309,1204.3571428571415,-0.19723366452409152,1208.4054766778454,1202.3224999999998,1196.2395233221541,12.17,0.0
183,1213.0,2020-04-17 14:25:00+05:30,1217.65,1205.0,1206.0,757823,68.44816950195458,1206.0999999999988,7.82324249011149,1210.454275256739,1202.7524999999998,1195.0507247432606,15.4,3.0
184,1219.4,2020-04-17 14:35:00+05:30,1222.75,1213.0,1213.0,1023954,73.5497181544648,1208.3714285714273,5.101548652510218,1214.3060238823048,1203.6,1192.893976117695,21.41,6.0
185,1219.6,2020-04-17 14:45:00+05:30,1221.9,1215.0,1219.0,481918,73.69286629459727,1210.792857142856,0.14314814013246746,1217.3159862127914,1204.5199999999998,1191.7240137872082,25.59,4.0
186,1217.55,2020-04-17 14:55:00+05:30,1224.8,1217.0,1219.5,685257,69.5386400283711,1212.535714285713,-4.154226266226161,1219.2375188513868,1205.4174999999998,1191.5974811486128,27.64,2.0
187,1223.05,2020-04-17 15:05:00+05:30,1225.0,1217.5,1217.75,747624,73.805161499876,1214.9285714285702,4.266521471504888,1222.2081799640866,1206.5749999999996,1190.9418200359125,31.27,4.0
188,1227.15,2020-04-17 15:15:00+05:30,1230.0,1223.0,1223.6,889771,76.45286073343918,1217.9499999999987,2.6476992335631877,1225.5282530921431,1208.0874999999996,1190.6467469078561,34.88,4.0
189,1229.9,2020-04-17 15:25:00+05:30,1230.0,1226.25,1227.1,297526,78.05507483289709,1221.37857142857,1.6022140994579104,1229.0531064052213,1209.6274999999998,1190.2018935947783,38.85,4.0
190,1218.0,2020-04-20 09:15:00+05:30,1226.0,1212.7,1226.0,1101355,59.2633204113335,1222.0928571428558,-18.79175442156359,1229.5818336843706,1210.6299999999997,1191.6781663156287,37.9,-1.0
191,1210.3,2020-04-20 09:25:00+05:30,1220.8,1205.2,1218.0,790036,50.74946787263975,1220.7928571428558,-8.513852538693754,1229.2455526230972,1211.2449999999997,1193.2444473769021,36.0,-2.0
192,1204.5,2020-04-20 09:35:00+05:30,1210.8,1202.25,1210.5,492041,45.45258158041824,1218.6357142857128,-5.296886292221508,1229.2295275989932,1211.2699999999998,1193.3104724010063,35.92,-0.0
193,1210.0,2020-04-20 09:45:00+05:30,1210.75,1202.0,1202.95,414229,50.70666253508185,1217.5571428571416,5.254080954663607,1229.26291524261,1211.4924999999998,1193.7220847573897,35.54,-0.0
194,1209.55,2020-04-20 09:55:00+05:30,1210.9,1206.0,1210.45,255942,50.27993392166348,1215.62857142857,-0.4267286134183692,1229.2691107433945,1211.6949999999997,1194.1208892566049,35.15,-0.0
195,1214.4,2020-04-20 10:05:00+05:30,1216.0,1207.65,1209.95,422733,54.70436095613344,1213.8071428571416,4.424427034469964,1229.2653365650253,1212.3449999999998,1195.4246634349743,33.84,-1.0
196,1216.1,2020-04-20 10:15:00+05:30,1218.0,1213.0,1214.0,265766,56.176419440020894,1211.835714285713,1.4720584838874515,1229.1954494562808,1213.1099999999997,1197.0245505437185,32.17,-2.0
197,1217.5,2020-04-20 10:25:00+05:30,1218.45,1214.45,1215.6,236386,57.4041409156024,1211.7642857142844,1.2277214755815038,1229.3436171949077,1213.8099999999997,1198.2763828050918,31.07,-1.0
198,1217.4,2020-04-20 10:35:00+05:30,1221.4,1215.65,1217.1,322271,57.28070061704934,1212.7785714285703,-0.1234402985530565,1229.2272918743324,1214.5474999999997,1199.867708125667,29.36,-2.0
199,1219.85,2020-04-20 10:45:00+05:30,1221.5,1215.2,1217.8,289294,59.57432246442772,1214.9714285714274,2.2936218473783825,1229.4638047877556,1215.2724999999996,1201.0811952122435,28.38,-1.0
200,1220.75,2020-04-20 10:55:00+05:30,1224.5,1219.5,1219.5,278618,60.41511375618958,1216.5071428571416,0.8407912917618532,1229.7268262671653,1215.9949999999997,1202.263173732834,27.46,-1.0
201,1217.55,2020-04-20 11:05:00+05:30,1221.0,1217.3,1221.0,228812,55.95865095434339,1217.649999999999,-4.456462801846186,1229.4812679301208,1216.5724999999998,1203.6637320698787,25.82,-2.0
202,1213.9,2020-04-20 11:15:00+05:30,1218.0,1212.9,1217.7,279582,51.30953540780707,1217.5785714285703,-4.649115546536322,1228.9510982397564,1216.9724999999996,1204.9939017602428,23.96,-2.0
203,1210.45,2020-04-20 11:25:00+05:30,1216.6,1210.1,1214.8,200367,47.308663075912875,1216.7714285714276,-4.000872331894193,1229.0537069878762,1216.8449999999998,1204.6362930121234,24.42,0.0
204,1210.8,2020-04-20 11:35:00+05:30,1213.9,1208.0,1210.1,325605,47.753750540814586,1215.8142857142846,0.4450874649017109,1228.8485327579144,1216.4149999999995,1203.9814672420846,24.87,0.0
205,1212.85,2020-04-20 11:45:00+05:30,1213.45,1209.05,1210.8,181120,50.39669050896122,1215.1642857142847,2.642939968146635,1228.5134612245688,1216.0774999999996,1203.6415387754305,24.87,0.0
206,1211.7,2020-04-20 11:55:00+05:30,1214.0,1211.0,1213.2,130009,48.9022130967399,1213.9999999999989,-1.4944774122213218,1228.3496580366907,1215.7849999999996,1203.2203419633086,25.13,0.0
207,1215.7,2020-04-20 12:05:00+05:30,1218.95,1211.7,1211.8,187717,54.01068609902532,1213.2785714285706,5.108473002285422,1227.5084829385823,1215.4174999999998,1203.3265170614172,24.18,-1.0
208,1216.9,2020-04-20 12:15:00+05:30,1217.3,1214.0,1216.0,91156,55.44963771064195,1213.1857142857134,1.4389516116166305,1225.7017295243093,1214.9049999999997,1204.1082704756902,21.59,-3.0
209,1214.55,2020-04-20 12:25:00+05:30,1219.75,1214.55,1216.5,172915,52.01716392651066,1213.2785714285706,-3.4324737841312896,1222.30933062658,1214.1374999999996,1205.9656693734191,16.34,-5.0
210,1212.5,2020-04-20 12:35:00+05:30,1214.9,1211.0,1214.55,246322,49.158408435671504,1213.5714285714275,-2.858755490839158,1221.8552516505524,1213.8624999999997,1205.869748349447,15.99,-0.0
211,1213.8,2020-04-20 12:45:00+05:30,1215.0,1210.5,1212.5,177562,50.99757918830671,1213.9999999999989,1.839170752635205,1221.853130425462,1214.0374999999997,1206.2218695745373,15.63,-0.0
212,1215.45,2020-04-20 12:55:00+05:30,1217.5,1212.05,1214.0,180533,53.30637629201911,1214.3714285714275,2.3087971037124007,1220.9952795735105,1214.5849999999996,1208.1747204264886,12.82,-3.0
213,1215.65,2020-04-20 13:05:00+05:30,1217.5,1214.5,1215.0,124020,53.591802383201134,1214.9357142857132,0.2854260911820248,1220.9147068367436,1214.8674999999998,1208.820293163256,12.09,-1.0
214,1218.15,2020-04-20 13:15:00+05:30,1221.5,1215.5,1215.65,258721,57.120245177899015,1215.285714285713,3.528442794697881,1220.9636947687964,1215.2975,1209.6313052312034,11.33,-1.0
215,1218.05,2020-04-20 13:25:00+05:30,1219.7,1217.1,1218.15,165200,56.93377771786329,1215.4499999999987,-0.1864674600357219,1221.2584900595623,1215.4799999999998,1209.7015099404373,11.56,0.0
216,1221.9,2020-04-20 13:35:00+05:30,1221.9,1216.2,1218.05,212406,62.06789045845888,1216.4999999999986,5.13411274059559,1222.2223679863769,1215.77,1209.317632013623,12.9,1.0
217,1232.2,2020-04-20 13:45:00+05:30,1238.9,1221.65,1221.65,1398895,71.76558658524874,1219.3142857142846,9.697696126789857,1226.2804203032556,1216.5049999999999,1206.7295796967442,19.55,7.0
218,1236.0,2020-04-20 13:55:00+05:30,1236.05,1228.0,1232.35,574051,74.36908186314129,1222.4857142857131,2.6034952778925486,1230.5407279562487,1217.435,1204.3292720437512,26.21,7.0
219,1242.25,2020-04-20 14:05:00+05:30,1246.35,1233.8,1236.0,808373,77.96758034648379,1226.3142857142846,3.598498483342496,1235.7273431255344,1218.5549999999998,1201.3826568744653,34.34,8.0
220,1243.9,2020-04-20 14:15:00+05:30,1249.65,1241.5,1242.75,927592,78.81326753846508,1230.3499999999988,0.8456871919812983,1240.2908707349563,1219.7125,1199.1341292650438,41.16,7.0
221,1249.05,2020-04-20 14:25:00+05:30,1256.9,1243.5,1244.5,1061877,81.23439718851495,1234.7642857142844,2.4211296500498634,1245.6439727158495,1221.2875,1196.9310272841503,48.71,8.0
222,1248.3,2020-04-20 14:35:00+05:30,1253.9,1245.25,1249.75,550611,79.80412685132967,1239.085714285713,-1.4302703371852772,1249.8944421447432,1223.0075,1196.1205578552567,53.77,5.0
223,1241.9,2020-04-20 14:45:00+05:30,1249.0,1241.1,1247.8,674032,68.69000593135038,1241.942857142856,-11.114120919979285,1252.0470788591115,1224.58,1197.1129211408884,54.93,1.0
224,1240.9,2020-04-20 14:55:00+05:30,1246.0,1237.5,1241.3,611581,67.11715340089899,1243.185714285713,-1.5728525304513994,1253.6712112772234,1226.085,1198.4987887227767,55.17,0.0
225,1241.5,2020-04-20 15:05:00+05:30,1242.0,1236.25,1241.0,704732,67.59657903157255,1243.9714285714272,0.4794256306735605,1255.185309054834,1227.5175000000002,1199.8496909451662,55.34,0.0
226,1250.95,2020-04-20 15:15:00+05:30,1251.0,1241.5,1241.5,780056,74.02106549398655,1245.2142857142844,6.424486462414009,1257.9793887284402,1229.48,1200.9806112715598,57.0,2.0
227,1248.1,2020-04-20 15:25:00+05:30,1251.0,1248.1,1250.8,290856,69.54291987695336,1245.8142857142846,-4.478145617033192,1259.982156210512,1231.1,1202.217843789488,57.76,1.0
228,1194.75,2020-04-21 09:15:00+05:30,1212.55,1192.0,1210.0,1742375,31.331296327619782,1238.0571428571418,-38.21162354933358,1262.622810013528,1229.9924999999998,1197.3621899864718,65.26,8.0
229,1199.6,2020-04-21 09:25:00+05:30,1203.7,1190.0,1195.55,1042489,34.836696935190076,1231.099999999999,3.5054006075702944,1263.9817831737937,1229.245,1194.508216826206,69.47,4.0
230,1202.0,2020-04-21 09:35:00+05:30,1206.5,1199.75,1200.35,674338,36.56245287727132,1225.3999999999992,1.7257559420812427,1264.813276819637,1228.7199999999998,1192.6267231803627,72.19,3.0
231,1199.5,2020-04-21 09:45:00+05:30,1202.4,1197.05,1201.75,471421,35.50755479336755,1219.4857142857134,-1.0548980839037725,1265.8660186978918,1228.0049999999999,1190.143981302108,75.72,4.0
232,1196.9,2020-04-21 09:55:00+05:30,1200.9,1194.0,1199.8,577775,34.39607371567125,1213.1142857142847,-1.111481077696297,1267.08172971058,1227.0774999999999,1187.0732702894197,80.01,4.0
233,1194.7,2020-04-21 10:05:00+05:30,1196.65,1191.0,1196.65,489215,33.44215882344663,1205.0785714285705,-0.953914892224617,1268.3256436726554,1226.03,1183.7343563273446,84.59,5.0
234,1196.55,2020-04-21 10:15:00+05:30,1198.5,1193.3,1195.1,305598,35.072810102627244,1197.7142857142846,1.6306512791806114,1269.1529410786206,1224.9499999999998,1180.747058921379,88.41,4.0
235,1194.7,2020-04-21 10:25:00+05:30,1197.0,1193.0,1196.05,218929,34.17122424587703,1197.707142857142,-0.9015858567502164,1269.9428985547877,1223.7824999999998,1177.622101445212,92.32,4.0
236,1202.75,2020-04-21 10:35:00+05:30,1203.0,1193.3,1194.8,500596,41.24847387160481,1198.157142857142,7.077249625727781,1269.9345084826164,1222.8249999999998,1175.7154915173833,94.22,2.0
237,1205.5,2020-04-21 10:45:00+05:30,1206.5,1200.55,1202.0,632088,43.48381134493514,1198.657142857142,2.2353374733303326,1268.9925162768416,1221.4899999999998,1173.987483723158,95.01,1.0
238,1205.2,2020-04-21 10:55:00+05:30,1205.5,1201.1,1205.5,377457,43.29030827072666,1199.4714285714276,-0.19350307420847912,1267.468893749307,1219.9499999999998,1172.4311062506927,95.04,0.0
239,1201.15,2020-04-21 11:05:00+05:30,1205.45,1200.5,1205.25,331557,40.65977562551961,1200.0785714285705,-2.6305326452070545,1264.9054232563044,1217.895,1170.8845767436956,94.02,-1.0
240,1200.65,2020-04-21 11:15:00+05:30,1201.9,1196.5,1201.2,373028,40.33392156939319,1200.9285714285704,-0.32585405612641694,1261.6729795131132,1215.7324999999998,1169.7920204868865,91.88,-2.0
241,1198.0,2020-04-21 11:25:00+05:30,1201.2,1197.1,1201.1,230718,38.56965400598138,1201.1357142857134,-1.7642675634118135,1256.947536635707,1213.1799999999998,1169.4124633642928,87.54,-4.0
242,1195.25,2020-04-21 11:35:00+05:30,1198.45,1193.8,1198.4,344059,36.772092152743774,1201.2142857142846,-1.7975618532376032,1251.6855838769386,1210.5275,1169.3694161230612,82.32,-5.0
243,1198.05,2020-04-21 11:45:00+05:30,1200.0,1195.0,1195.45,206239,39.84614672618825,1200.542857142856,3.074054573444478,1247.0560142864115,1208.3349999999998,1169.6139857135881,77.44,-5.0
244,1196.45,2020-04-21 11:55:00+05:30,1200.65,1196.0,1198.5,200146,38.68861583872892,1199.2499999999989,-1.1575308874593304,1241.9593654579164,1206.1124999999997,1170.265634542083,71.69,-6.0
245,1195.5,2020-04-21 12:05:00+05:30,1198.9,1195.0,1196.5,215073,37.983070966839286,1197.8642857142845,-0.7055448718896358,1235.7937095324423,1203.8124999999998,1171.8312904675572,63.96,-8.0
246,1181.0,2020-04-21 12:15:00+05:30,1196.5,1181.0,1195.35,1079828,29.223190859982253,1194.9857142857131,-8.759880106857032,1225.0753481822321,1200.3149999999998,1175.5546518177675,49.52,-14.0
247,1177.15,2020-04-21 12:25:00+05:30,1181.6,1171.0,1181.6,1078084,27.41527543011442,1191.6285714285702,-1.8079154298678333,1210.6362181132718,1196.7675,1182.898781886728,27.74,-22.0
248,1179.2,2020-04-21 12:35:00+05:30,1182.15,1176.15,1177.45,402350,29.90203446935378,1188.9428571428562,2.4867590392393595,1211.924589982013,1195.99,1180.055410017987,31.87,4.0
249,1175.85,2020-04-21 12:45:00+05:30,1180.9,1172.15,1179.25,462565,28.201681423328182,1186.1714285714277,-1.7003530460255973,1212.9855596406346,1194.8025,1176.6194403593654,36.37,4.0
250,1170.35,2020-04-21 12:55:00+05:30,1176.55,1168.4,1175.5,533771,25.625301449046958,1182.2142857142849,-2.576379974281224,1214.077900181949,1193.2199999999998,1172.3620998180506,41.72,5.0
251,1176.8,2020-04-21 13:05:00+05:30,1177.55,1164.15,1169.55,714794,33.31873887640175,1179.407142857142,7.6934374273547945,1213.9501874232255,1192.0849999999998,1170.219812576774,43.73,2.0
252,1172.9,2020-04-21 13:15:00+05:30,1177.0,1171.0,1176.8,368043,31.21610573113996,1176.1785714285704,-2.102633145261791,1214.2223001640618,1190.8849999999998,1167.5476998359377,46.67,3.0
253,1172.8,2020-04-21 13:25:00+05:30,1174.5,1168.0,1173.3,395789,31.161803507695467,1175.0071428571416,-0.05430222344449476,1214.3943342352127,1189.7899999999997,1165.1856657647868,49.21,3.0
254,1177.7,2020-04-21 13:35:00+05:30,1180.0,1172.85,1172.85,530943,36.94952977330664,1175.0857142857133,5.78772626561117,1213.8031548807378,1188.8474999999999,1163.891845119262,49.91,1.0
255,1180.1,2020-04-21 13:45:00+05:30,1184.9,1174.5,1178.0,617606,39.6269790484869,1175.2142857142846,2.6774492751802654,1213.2061276396753,1188.1174999999998,1163.0288723603244,50.18,0.0
256,1178.8,2020-04-21 13:55:00+05:30,1185.7,1177.0,1180.1,463609,38.66909331494917,1175.635714285713,-0.9578857335377293,1211.3454483339808,1186.9199999999996,1162.4945516660184,48.85,-1.0
257,1183.1,2020-04-21 14:05:00+05:30,1185.4,1178.3,1178.5,316190,43.531371126349164,1177.4571428571417,4.862277811399991,1208.6410986923543,1185.7999999999997,1162.9589013076452,45.68,-3.0
258,1187.55,2020-04-21 14:15:00+05:30,1188.7,1181.25,1183.1,538829,48.115669145692316,1178.9928571428559,4.5842980193431515,1205.8900453365804,1184.9174999999996,1163.9449546634187,41.95,-4.0
259,1195.0,2020-04-21 14:25:00+05:30,1198.4,1186.15,1187.9,947532,54.7402538705524,1182.149999999999,6.624584724860085,1204.7440141630022,1184.6099999999994,1164.4759858369966,40.27,-2.0
260,1195.65,2020-04-21 14:35:00+05:30,1197.55,1188.0,1195.55,744059,55.27678780445102,1185.4142857142847,0.5365339338986175,1203.7664449413937,1184.3599999999994,1164.9535550586052,38.81,-1.0
261,1196.35,2020-04-21 14:45:00+05:30,1202.5,1194.25,1195.6,1065505,55.88332469968301,1188.0785714285703,0.6065368952319901,1203.4524418444237,1184.2774999999995,1165.1025581555753,38.35,-0.0
262,1228.55,2020-04-21 14:55:00+05:30,1229.8,1195.6,1196.75,2786303,73.61192527313403,1194.9999999999986,17.728600573451025,1213.2060726700852,1185.9424999999994,1158.6789273299137,54.53,16.0
263,1243.45,2020-04-21 15:05:00+05:30,1248.9,1227.1,1228.4,3368280,78.01463826572297,1204.2357142857131,4.402712992588931,1225.4546644885152,1188.2124999999994,1150.9703355114837,74.48,20.0
264,1244.0,2020-04-21 15:15:00+05:30,1249.4,1240.0,1242.6,1731482,78.15949425792053,1212.9357142857132,0.14485599219756295,1235.3572060423949,1190.5899999999995,1145.822793957604,89.53,15.0
265,1251.0,2020-04-21 15:25:00+05:30,1252.0,1243.75,1244.0,884757,79.96848628272414,1221.9999999999989,1.808992024803615,1245.6611918710207,1193.3649999999993,1141.068808128978,104.59,15.0
266,1328.25,2020-04-22 09:15:00+05:30,1338.85,1300.0,1320.0,10320848,89.9053618199399,1241.0357142857133,9.936875537215755,1280.1301081700756,1200.7274999999995,1121.3248918299234,158.81,54.0
267,1309.45,2020-04-22 09:25:00+05:30,1329.8,1305.0,1328.15,3621906,79.56149203195326,1257.2928571428563,-10.343869787986634,1299.4947725824231,1207.3424999999993,1115.1902274175754,184.3,25.0
268,1304.25,2020-04-22 09:35:00+05:30,1313.95,1301.0,1309.3,1808914,76.9251838804798,1272.707142857142,-2.6363081514734574,1314.2814695870038,1213.5949999999993,1112.9085304129949,201.37,17.0
269,1308.1,2020-04-22 09:45:00+05:30,1311.85,1303.0,1304.2,1038416,77.5191318490709,1284.0714285714278,0.5939479685910953,1327.6038552993248,1220.2074999999993,1112.8111447006738,214.79,13.0
270,1307.1,2020-04-22 09:55:00+05:30,1314.55,1305.0,1308.45,1052676,76.96498192506108,1293.164285714285,-0.5541499240098204,1338.415315897719,1227.0449999999994,1115.6746841022798,222.74,8.0
271,1310.25,2020-04-22 10:05:00+05:30,1313.65,1305.2,1306.85,845503,77.51035809202536,1302.6285714285707,0.5453761669642745,1348.3555724624,1233.7174999999993,1119.0794275375986,229.28,7.0
272,1316.55,2020-04-22 10:15:00+05:30,1319.95,1310.05,1311.0,1190157,78.60155826343153,1311.992857142856,1.0912001714061716,1357.4781012206417,1240.8999999999992,1124.3218987793566,233.16,4.0
273,1316.2,2020-04-22 10:25:00+05:30,1317.5,1311.25,1316.95,665278,78.37404520615605,1310.2714285714278,-0.22751305727547333,1364.651985608501,1248.0699999999993,1131.4880143914975,233.16,0.0
274,1321.35,2020-04-22 10:35:00+05:30,1325.0,1316.15,1316.4,1339027,79.32245914075055,1311.9714285714276,0.9484139345944982,1371.2790054790664,1255.2524999999991,1139.2259945209319,232.05,-1.0
275,1321.45,2020-04-22 10:45:00+05:30,1323.8,1317.35,1321.2,729008,79.34140441444325,1314.4285714285706,0.01894527369269383,1376.2732979130608,1262.3199999999993,1148.3667020869377,227.91,-4.0
276,1324.9,2020-04-22 10:55:00+05:30,1327.35,1320.35,1321.55,838160,80.02149802602037,1316.8285714285705,0.6800936115771208,1379.7004167306247,1269.6249999999995,1159.5495832693744,220.15,-8.0
277,1337.85,2020-04-22 11:05:00+05:30,1338.0,1324.25,1325.0,1649259,82.36792328371396,1321.2214285714276,2.3464252576935962,1383.5148576107256,1277.3624999999995,1171.2101423892734,212.3,-8.0
278,1332.0,2020-04-22 11:15:00+05:30,1340.8,1330.45,1337.5,1922319,77.91606242744929,1324.3285714285705,-4.451860856264673,1384.4799084630527,1284.5849999999996,1184.6900915369465,199.79,-13.0
279,1326.25,2020-04-22 11:25:00+05:30,1333.65,1325.0,1331.85,1245884,73.6996273337788,1325.7142857142849,-4.2164350936704835,1383.199415986804,1291.1474999999996,1199.095584013195,184.1,-16.0
280,1329.65,2020-04-22 11:35:00+05:30,1331.95,1322.25,1326.4,934634,74.57574495381759,1327.6357142857134,0.8761176200387837,1379.5584892435365,1297.8474999999994,1216.1365107564623,163.42,-21.0
281,1333.0,2020-04-22 11:45:00+05:30,1334.8,1329.25,1329.8,657852,75.44373239853668,1329.299999999999,0.8679874447190912,1372.2927549474093,1304.6799999999996,1237.06724505259,135.23,-28.0
282,1331.0,2020-04-22 11:55:00+05:30,1333.0,1326.0,1332.95,498271,73.82330870504724,1330.6642857142847,-1.6204236934894425,1367.9976659685296,1309.8024999999996,1251.6073340314695,116.39,-19.0
283,1331.25,2020-04-22 12:05:00+05:30,1334.0,1330.0,1331.05,471736,73.89877638214489,1331.5714285714275,0.07546767709764879,1363.9468785430986,1314.1924999999997,1264.4381214569007,99.51,-17.0
284,1335.5,2020-04-22 12:15:00+05:30,1337.6,1330.35,1331.25,652681,75.20736323761818,1331.2357142857131,1.308586855473294,1356.7897272251018,1318.7674999999995,1280.745272774897,76.04,-23.0
285,1342.5,2020-04-22 12:25:00+05:30,1345.0,1333.4,1335.4,1283098,77.23205670059491,1332.7357142857131,2.024693462976728,1345.9103456635567,1323.3424999999995,1300.7746543364424,45.14,-31.0
286,1347.5,2020-04-22 12:35:00+05:30,1349.0,1341.15,1342.0,1677545,78.57778558071817,1335.7714285714276,1.3457288801232608,1349.2689086851694,1324.3049999999996,1299.3410913148298,49.93,5.0
287,1346.3,2020-04-22 12:45:00+05:30,1349.9,1344.0,1347.9,1401727,77.39543828983307,1338.149999999999,-1.1823472908851045,1351.9214051020576,1326.1474999999996,1300.3735948979415,51.55,2.0
288,1355.35,2020-04-22 12:55:00+05:30,1358.0,1345.5,1346.05,2083326,79.85705412609781,1341.342857142856,2.461615836264741,1355.4493537254355,1328.7024999999994,1301.9556462745634,53.49,2.0
289,1361.05,2020-04-22 13:05:00+05:30,1361.05,1354.0,1355.75,3068502,81.24256101276337,1345.635714285713,1.385506886665567,1359.929841994321,1331.3499999999995,1302.770158005678,57.16,4.0
290,1382.55,2020-04-22 13:15:00+05:30,1383.4,1359.0,1361.05,3704553,85.33893433823299,1352.9642857142844,4.096373325469614,1369.5458010894365,1335.1224999999995,1300.6991989105625,68.85,12.0
291,1376.0,2020-04-22 13:25:00+05:30,1384.6,1373.0,1382.8,2443166,79.63324742623013,1358.7499999999986,-5.705686912002861,1375.30174205128,1338.4099999999994,1301.5182579487189,73.78,5.0
292,1362.9,2020-04-22 13:35:00+05:30,1376.8,1356.1,1376.8,2863329,69.60922157904379,1361.6642857142845,-10.024025847186337,1377.6605471757127,1340.7274999999995,1303.7944528242863,73.87,0.0
293,1350.2,2020-04-22 13:45:00+05:30,1363.0,1350.0,1362.65,2087283,61.5237120902116,1362.0499999999988,-8.085509488832187,1377.699577446156,1342.4274999999996,1307.1554225538432,70.54,-3.0
294,1361.4,2020-04-22 13:55:00+05:30,1368.7,1347.0,1350.7,2847061,65.34655153121373,1364.2071428571417,3.822839441002131,1379.207675840132,1344.4299999999998,1309.6523241598677,69.56,-1.0
295,1361.25,2020-04-22 14:05:00+05:30,1365.9,1358.2,1361.55,926675,65.25304292561944,1365.0499999999988,-0.09350860559429464,1380.2016268967118,1346.4199999999996,1312.6383731032874,67.56,-2.0
296,1361.35,2020-04-22 14:15:00+05:30,1365.6,1360.0,1361.15,710199,65.2887038963963,1365.092857142856,0.03566097077685981,1381.0547453874703,1348.2424999999996,1315.4302546125289,65.62,-2.0
297,1367.7,2020-04-22 14:25:00+05:30,1370.0,1360.0,1361.15,1112205,67.56509765969034,1362.9714285714276,2.2763937632940383,1383.2645486336764,1349.7349999999997,1316.205451366323,67.06,1.0
298,1366.25,2020-04-22 14:35:00+05:30,1372.45,1365.0,1367.6,1025998,66.49276408508283,1361.5785714285705,-1.0723335746075122,1384.6602349544871,1351.4474999999998,1318.2347650455124,66.43,-1.0
299,1365.4,2020-04-22 14:45:00+05:30,1368.8,1365.0,1366.0,736987,65.83315328277479,1361.9357142857134,-0.6596108023080376,1384.9370371752311,1353.4049999999997,1321.8729628247684,63.06,-3.0
300,1368.0,2020-04-22 14:55:00+05:30,1375.0,1365.3,1365.45,1229907,66.91431969944449,1364.4785714285704,1.0811664166697028,1385.4029443381082,1355.3224999999998,1325.2420556618913,60.16,-3.0
301,1361.85,2020-04-22 15:05:00+05:30,1368.25,1357.0,1367.6,1850747,61.92288619973999,1364.5428571428563,-4.991433499704499,1385.051710660645,1356.7649999999996,1328.4782893393542,56.57,-4.0
302,1361.15,2020-04-22 15:15:00+05:30,1366.3,1360.7,1361.85,1723097,61.361822616564034,1364.5285714285706,-0.5610635831759581,1383.8627834150425,1358.2724999999996,1332.6822165849567,51.18,-5.0
303,1358.5,2020-04-22 15:25:00+05:30,1361.3,1355.15,1361.1,549939,59.1758830299109,1364.1214285714275,-2.1859395866531344,1381.8459764234544,1359.6349999999998,1337.424023576545,44.42,-7.0
304,1372.2,2020-04-23 09:15:00+05:30,1377.8,1358.0,1367.35,3191792,65.93263301935768,1364.7642857142848,6.7567499894467815,1381.2122443132828,1361.4699999999998,1341.7277556867168,39.48,-5.0
305,1367.75,2020-04-23 09:25:00+05:30,1374.0,1356.05,1372.3,1913675,62.32433161899985,1364.9785714285704,-3.6083014003578313,1380.497287020782,1362.7324999999996,1344.9677129792171,35.53,-4.0
306,1369.9,2020-04-23 09:35:00+05:30,1371.75,1363.5,1368.2,835368,63.36744783356341,1365.6214285714275,1.043116214563561,1380.3532009420192,1363.8524999999997,1347.3517990579803,33.0,-3.0
307,1371.4,2020-04-23 09:45:00+05:30,1374.7,1368.1,1369.65,824579,64.11395639640469,1366.1071428571418,0.746508562841278,1379.6942378481833,1365.1074999999998,1350.5207621518164,29.17,-4.0
308,1370.2,2020-04-23 09:55:00+05:30,1374.5,1369.05,1371.4,598554,63.007749766638526,1367.299999999999,-1.106206629766163,1379.8452623562418,1365.85,1351.854737643758,27.99,-1.0
309,1370.0,2020-04-23 10:05:00+05:30,1373.0,1368.0,1370.25,548556,62.81322799113215,1368.5642857142848,-0.19452177550637373,1380.218686995634,1366.2975000000001,1352.3763130043662,27.84,-0.0
310,1369.0,2020-04-23 10:15:00+05:30,1370.6,1366.0,1369.6,538828,61.78611125665798,1370.0642857142848,-1.0271167344741698,1377.3586182276165,1365.6200000000001,1353.8813817723837,23.48,-4.0
311,1370.6,2020-04-23 10:25:00+05:30,1372.85,1369.0,1369.1,577463,62.83330561814567,1369.8357142857133,1.0471943614876906,1376.3056522301717,1365.35,1354.394347769828,21.91,-2.0
312,1366.9,2020-04-23 10:35:00+05:30,1371.0,1361.0,1370.6,913768,58.81917574671926,1369.7142857142846,-4.014129871426412,1376.4632946445604,1365.55,1354.6367053554395,21.83,-0.0
313,1363.3,2020-04-23 10:45:00+05:30,1369.0,1361.5,1367.2,647433,55.12884043469085,1368.7714285714276,-3.6903353120284095,1374.4968412658427,1366.205,1357.9131587341572,16.58,-5.0
314,1365.0,2020-04-23 10:55:00+05:30,1366.9,1360.05,1363.25,700568,56.51625094248981,1367.8571428571418,1.3874105077989611,1374.388952970681,1366.3849999999998,1358.3810470293186,16.01,-1.0
315,1359.15,2020-04-23 11:05:00+05:30,1365.3,1356.1,1365.3,1039421,50.70607469567589,1366.2785714285703,-5.810176246813924,1374.6158073519912,1366.28,1357.9441926480088,16.67,1.0
316,1361.15,2020-04-23 11:15:00+05:30,1361.65,1353.65,1359.7,829218,52.50384111296808,1365.0142857142844,1.7977664172921948,1374.6311507643534,1366.27,1357.9088492356466,16.72,0.0
317,1365.7,2020-04-23 11:25:00+05:30,1365.9,1360.0,1361.7,491816,56.39963580969512,1364.542857142856,3.8957946967270374,1374.5069437792235,1366.17,1357.8330562207766,16.67,-0.0
318,1364.85,2020-04-23 11:35:00+05:30,1367.5,1362.25,1365.5,526406,55.484052308196425,1363.7214285714274,-0.9155835014986948,1374.457599756102,1366.1,1357.742400243898,16.72,0.0
319,1364.7,2020-04-23 11:45:00+05:30,1366.55,1362.1,1364.35,363102,55.3134012288616,1363.407142857142,-0.17065107933482437,1374.4407859017929,1366.065,1357.6892140982072,16.75,0.0
320,1364.9,2020-04-23 11:55:00+05:30,1366.0,1363.1,1364.8,351774,55.509885509104265,1363.6357142857134,0.1964842802426645,1374.2496705727594,1365.91,1357.5703294272407,16.68,-0.0
321,1365.0,2020-04-23 12:05:00+05:30,1365.45,1364.0,1364.95,265732,55.61497074609016,1363.6357142857134,0.105085236985893,1374.2007504668727,1366.0675,1357.9342495331275,16.27,-0.0
322,1363.45,2020-04-23 12:15:00+05:30,1365.7,1363.4,1365.25,270669,53.505408940147625,1364.2499999999993,-2.1095618059425334,1374.084749846124,1366.1825000000001,1358.2802501538763,15.8,-0.0
323,1364.7,2020-04-23 12:25:00+05:30,1365.8,1362.5,1363.45,324478,54.9882329237261,1364.7571428571423,1.4828239835784771,1373.5690941108353,1366.4925,1359.4159058891648,14.15,-2.0
324,1373.0,2020-04-23 12:35:00+05:30,1376.0,1363.1,1364.75,1228043,63.34711340320023,1365.7999999999993,8.35888047947413,1373.7525215044898,1366.5325,1359.3124784955103,14.44,0.0
325,1378.5,2020-04-23 12:45:00+05:30,1383.35,1370.0,1372.2,1175761,67.63607815293787,1367.7499999999993,4.288964749737637,1376.0562116600365,1367.0700000000002,1358.0837883399638,17.97,4.0
326,1375.9,2020-04-23 12:55:00+05:30,1385.7,1371.35,1378.8,1476997,63.83341617132275,1369.349999999999,-3.802661981615117,1377.1219984456102,1367.3700000000001,1357.61800155439,19.5,2.0
327,1376.7,2020-04-23 13:05:00+05:30,1376.7,1370.0,1375.3,779029,64.49487328995122,1371.0357142857135,0.6614571186284621,1378.1093847953505,1367.635,1357.1606152046495,20.95,1.0
328,1372.0,2020-04-23 13:15:00+05:30,1377.7,1371.0,1376.7,637988,57.80590737446323,1372.0357142857135,-6.688965915487984,1378.3223929266148,1367.725,1357.127607073385,21.19,0.0
329,1361.3,2020-04-23 13:25:00+05:30,1372.45,1360.1,1372.0,1032069,46.08709230200962,1371.7285714285704,-11.718815072453609,1378.2037093891374,1367.29,1356.3762906108625,21.83,1.0
330,1367.4,2020-04-23 13:35:00+05:30,1367.95,1360.3,1361.6,682741,52.054553287893306,1372.1142857142845,5.967460985883683,1378.0943489759632,1367.21,1356.325651024037,21.77,-0.0
331,1367.5,2020-04-23 13:45:00+05:30,1370.0,1366.0,1367.35,416230,52.14806181459101,1371.3285714285703,0.09350852669770404,1377.8237608630377,1367.055,1356.2862391369624,21.54,-0.0
332,1370.85,2020-04-23 13:55:00+05:30,1374.0,1362.05,1367.7,750855,55.2936546305981,1370.2357142857131,3.1455928160070883,1378.1533679035938,1367.2525,1356.3516320964063,21.8,0.0
333,1372.5,2020-04-23 14:05:00+05:30,1374.8,1370.1,1370.45,575919,56.79995301726135,1369.7499999999989,1.5062983866632536,1378.687297684217,1367.7125,1356.7377023157833,21.95,0.0
