,close,date,high,low,open,volume,RSI_14,sma_7,RSI_Trend,ub,mb,lb,band_diff,band_diff_trend
0,510.55,2020-04-13 09:15:00+05:30,517.0,491.0,491.0,2461496,0.0,0.0,,,,,,
1,498.3,2020-04-13 09:25:00+05:30,512.9,498.2,510.55,1594915,0.0,0.0,0.0,,,,,
2,498.7,2020-04-13 09:35:00+05:30,501.05,492.4,497.8,1392300,0.25054807391167344,0.0,0.25054807391167344,,,,,
3,500.05,2020-04-13 09:45:00+05:30,501.85,498.3,498.8,1089447,1.1507150189796391,0.0,0.9001669450679657,,,,,
4,495.0,2020-04-13 09:55:00+05:30,500.5,494.1,500.0,1342533,1.1103491415438214,0.0,-0.040365877435817765,,,,,
5,498.3,2020-04-13 10:05:00+05:30,498.95,494.25,495.0,553847,3.492744455995492,0.0,2.3823953144516707,,,,,
6,498.2,2020-04-13 10:15:00+05:30,500.2,497.1,498.15,367983,3.4900006131748427,499.87142857142857,-0.0027438428206494336,,,,,
7,499.55,2020-04-13 10:25:00+05:30,500.2,498.25,498.4,357252,4.579811493725785,498.3,1.0898108805509423,,,,,
8,500.5,2020-04-13 10:35:00+05:30,502.95,499.55,499.7,556268,5.3894532515223545,498.6142857142857,0.8096417577965696,,,,,
9,499.15,2020-04-13 10:45:00+05:30,500.95,496.2,500.95,342186,5.320367402466189,498.67857142857144,-0.06908584905616522,,,,,
10,497.95,2020-04-13 10:55:00+05:30,500.4,496.5,499.2,290855,5.255873089439362,498.3785714285714,-0.0644943130268274,,,,,
11,498.2,2020-04-13 11:05:00+05:30,498.7,497.15,497.95,268000,5.512851114866137,498.83571428571423,0.2569780254267755,,,,,
12,499.75,2020-04-13 11:15:00+05:30,500.2,498.15,498.25,315918,7.19358159184479,499.04285714285703,1.6807304769786526,,,,,
13,500.3,2020-04-13 11:25:00+05:30,501.2,498.5,499.65,395557,7.8201621930582235,499.3428571428571,0.6265806012134334,,,,,
14,506.65,2020-04-13 11:35:00+05:30,506.9,500.1,500.35,954061,14.958931683715505,500.3571428571428,7.138769490657282,,,,,
15,504.5,2020-04-13 11:45:00+05:30,508.5,503.65,506.65,718056,14.54811914880662,500.9285714285714,-0.41081253490888514,,,,,
16,503.7,2020-04-13 11:55:00+05:30,505.45,502.1,504.5,388795,14.389763711187967,501.5785714285713,-0.15835543761865267,,,,,
17,506.55,2020-04-13 12:05:00+05:30,507.0,503.3,503.6,279505,17.82157578057422,502.8071428571428,3.431812069386254,,,,,
18,510.5,2020-04-13 12:15:00+05:30,515.1,506.2,506.55,1056498,22.460907580639358,504.5642857142857,4.639331800065136,,,,,
19,516.05,2020-04-13 12:25:00+05:30,516.8,509.7,510.45,669769,28.563292851142023,506.89285714285717,6.1023852705026655,512.9279798475976,502.12249999999983,491.317020152402,21.61,
20,515.75,2020-04-13 12:35:00+05:30,520.6,514.5,516.65,1235575,28.433031663532134,509.09999999999997,-0.13026118760988936,514.2407538432319,502.3824999999999,490.52424615676784,23.72,2.0
21,515.8,2020-04-13 12:45:00+05:30,517.3,512.95,515.5,465099,28.491564217187815,510.40714285714284,0.058532553655680886,516.364238925574,503.2574999999999,490.15076107442576,26.21,2.0
22,516.4,2020-04-13 12:55:00+05:30,516.5,514.5,515.75,237002,29.239461423114548,512.1071428571429,0.7478972059267335,518.3015690669303,504.1424999999998,489.98343093306937,28.32,2.0
23,514.5,2020-04-13 13:05:00+05:30,519.0,514.5,516.2,755315,28.232481708246382,513.65,-1.0069797148681658,519.6074592678141,504.8649999999999,490.1225407321857,29.48,1.0
24,514.4,2020-04-13 13:15:00+05:30,516.45,512.95,513.55,962204,28.177478937262848,514.7714285714285,-0.05500277098353479,520.3962716333068,505.83499999999987,491.2737283666929,29.12,-0.0
25,511.15,2020-04-13 13:25:00+05:30,514.9,510.85,513.85,630747,26.37878082944816,514.8642857142856,-1.7986981078146869,520.7703938913529,506.47749999999985,492.1846061086468,28.59,-1.0
26,514.1,2020-04-13 13:35:00+05:30,514.75,510.5,511.0,270602,30.702870837244063,514.5857142857142,4.324090007795903,521.3945795769939,507.27249999999987,493.15042042300587,28.24,-0.0
27,515.8,2020-04-13 13:45:00+05:30,516.0,514.05,514.45,249050,33.139952001425286,514.592857142857,2.4370811641812224,522.2061711158888,508.08499999999987,493.96382888411097,28.24,0.0
28,514.0,2020-04-13 13:55:00+05:30,518.5,513.2,515.8,431041,31.86222204489603,514.3357142857142,-1.2777299565292566,522.6431817982085,508.7599999999999,494.8768182017913,27.77,-0.0
29,510.4,2020-04-13 14:05:00+05:30,515.7,508.2,513.9,507117,29.41917219251114,513.4785714285713,-2.4430498523848883,522.4577268427511,509.3224999999999,496.1872731572487,26.27,-2.0
30,510.3,2020-04-13 14:15:00+05:30,512.2,509.0,510.0,472991,29.35184757490154,512.8785714285713,-0.06732461760960007,521.9359028093148,509.93999999999977,497.9440971906848,23.99,-2.0
31,511.1,2020-04-13 14:25:00+05:30,512.25,509.4,510.3,342629,30.717812997453194,512.4071428571427,1.3659654225516533,521.2347393098809,510.58499999999975,499.9352606901187,21.3,-3.0
32,511.3,2020-04-13 14:35:00+05:30,511.75,509.6,511.0,304756,31.0765947240898,512.4285714285712,0.35878172663660735,520.5115711612945,511.16249999999974,501.813428838705,18.7,-3.0
33,511.5,2020-04-13 14:45:00+05:30,512.7,511.0,511.3,289646,31.45884239298158,512.0571428571426,0.38224766889177886,519.5498794095505,511.72249999999974,503.895120590449,15.65,-3.0
34,514.45,2020-04-13 14:55:00+05:30,514.8,511.0,511.5,403703,37.00815454550532,511.8642857142855,5.54931215252374,519.6475322180014,512.1124999999998,504.5774677819982,15.07,-1.0
35,512.9,2020-04-13 15:05:00+05:30,514.3,512.0,514.3,351709,35.386994956222864,511.7071428571426,-1.6211595892824562,519.1630731275662,512.5324999999998,505.90192687243336,13.26,-2.0
36,510.25,2020-04-13 15:15:00+05:30,513.3,510.0,512.8,502009,32.74589935267697,511.685714285714,-2.6410956035458923,518.1690389654669,512.8599999999998,507.55096103453263,10.62,-3.0
37,510.5,2020-04-13 15:25:00+05:30,511.0,510.0,510.3,132334,33.2520238498557,511.71428571428544,0.5061244971787318,517.6195026765728,513.0574999999998,508.4954973234267,9.12,-2.0
38,516.8,2020-04-15 09:15:00+05:30,533.95,516.5,533.95,1884697,44.572162540720676,512.5285714285712,11.320138690864972,518.0592646791682,513.3724999999997,508.6857353208312,9.37,0.0
39,517.0,2020-04-15 09:25:00+05:30,518.55,513.35,516.45,1202677,44.891687572796364,513.3428571428569,0.3195250320756884,518.2384295323166,513.4199999999998,508.60157046768313,9.64,0.0
40,520.5,2020-04-15 09:35:00+05:30,520.8,515.5,516.9,961559,50.29207950142215,514.6285714285713,5.400391928625787,519.3487005023457,513.6574999999998,507.96629949765395,11.38,2.0
41,523.05,2020-04-15 09:45:00+05:30,524.2,517.9,520.7,1515761,53.84119053150982,515.8571428571428,3.5491110300876656,521.0515379765592,514.0199999999998,506.9884620234404,14.06,3.0
42,528.4,2020-04-15 09:55:00+05:30,529.55,520.4,523.1,1387753,60.253203691945025,518.0714285714283,6.412013160435208,524.1209362419547,514.6199999999998,505.1190637580449,19.0,5.0
43,528.3,2020-04-15 10:05:00+05:30,529.35,525.95,528.75,821820,60.08519251872453,520.6499999999997,-0.16801117322049208,526.608607273279,515.3099999999997,504.01139272672054,22.6,4.0
44,529.4,2020-04-15 10:15:00+05:30,529.8,527.65,528.5,607611,61.36150094663069,523.3499999999997,1.2763084279061587,528.9794101217794,516.0599999999997,503.14058987821994,25.84,3.0
45,531.15,2020-04-15 10:25:00+05:30,532.1,528.15,529.65,739332,63.36832116550442,525.3999999999996,2.0068202188737274,531.3974959275909,517.0599999999997,502.7225040724086,28.67,3.0
46,530.1,2020-04-15 10:35:00+05:30,531.65,528.15,531.15,433483,61.31072287323581,527.2714285714283,-2.057598292268608,533.2490460016893,517.8599999999998,502.47095399831034,30.78,2.0
47,528.15,2020-04-15 10:45:00+05:30,531.75,528.0,530.65,445770,57.57194804679596,528.3642857142853,-3.738774826439851,534.4967146137726,518.4774999999997,502.4582853862268,32.04,1.0
48,530.05,2020-04-15 10:55:00+05:30,530.45,528.0,528.15,584011,60.123550599635394,529.3642857142853,2.5516025528394337,535.9496509608899,519.2799999999997,502.6103490391096,33.34,1.0
49,530.0,2020-04-15 11:05:00+05:30,530.15,529.1,530.05,292018,60.02125285022596,529.5928571428568,-0.1022977494094306,537.0357531794208,520.2599999999998,503.48424682057873,33.55,0.0
50,531.3,2020-04-15 11:15:00+05:30,531.9,529.65,530.1,325279,61.839262763047266,530.0214285714281,1.818009912821303,538.0897057875218,521.3099999999997,504.5302942124776,33.56,0.0
51,529.2,2020-04-15 11:25:00+05:30,531.5,528.25,531.4,379091,57.30583657056695,529.9928571428567,-4.533426192480313,538.6244356681568,522.2149999999998,505.8055643318428,32.82,-1.0
52,529.1,2020-04-15 11:35:00+05:30,530.1,527.65,529.35,284240,57.09120340435979,529.6999999999995,-0.21463316620716455,538.9426932132113,523.1049999999998,507.26730678678825,31.68,-1.0
53,527.7,2020-04-15 11:45:00+05:30,529.15,527.45,529.15,423836,54.0396350548019,529.3571428571424,-3.05156834955789,538.8870476397295,523.9149999999998,508.94295236027017,29.94,-2.0
54,528.6,2020-04-15 11:55:00+05:30,529.4,527.55,527.6,356751,55.679680724390174,529.4214285714281,1.6400456695882752,539.0382981687494,524.6224999999998,510.2067018312502,28.83,-1.0
55,529.1,2020-04-15 12:05:00+05:30,529.1,528.2,528.7,254490,56.60611201507608,529.2857142857138,0.9264312906859047,538.8617012930197,525.4324999999999,512.0032987069801,26.86,-2.0
56,531.45,2020-04-15 12:15:00+05:30,531.5,529.0,529.1,386162,60.75798600790428,529.4928571428566,4.1518739928282,538.098862819366,526.4925,514.8861371806339,23.21,-4.0
57,532.2,2020-04-15 12:25:00+05:30,532.8,530.9,531.5,728164,62.00736194051364,529.6214285714279,1.249375932609361,536.6750112270524,527.5775,518.4799887729475,18.2,-5.0
58,535.15,2020-04-15 12:35:00+05:30,535.95,532.1,532.2,983669,66.52221847105452,530.471428571428,4.514856530540875,536.6705025598,528.495,520.3194974402,16.35,-2.0
59,530.3,2020-04-15 12:45:00+05:30,535.2,530.2,535.15,426363,54.95880200764245,530.6428571428565,-11.563416463412068,535.3118161631584,529.16,523.0081838368416,12.3,-4.0
60,528.55,2020-04-15 12:55:00+05:30,530.75,528.05,530.5,860872,51.481430865907136,530.7642857142852,-3.4773711417353113,534.194184358852,529.5624999999999,524.9308156411478,9.26,-3.0
61,523.7,2020-04-15 13:05:00+05:30,528.6,523.5,528.5,1158824,43.303789435786754,530.0642857142851,-8.177641430120381,534.0396182714585,529.595,525.1503817285416,8.89,-0.0
62,524.95,2020-04-15 13:15:00+05:30,525.5,522.45,523.95,401382,45.697914966929034,529.471428571428,2.3941255311422793,534.3082984317637,529.4225,524.5367015682364,9.77,1.0
63,525.95,2020-04-15 13:25:00+05:30,526.45,523.65,524.9,367985,47.604099174397156,528.6857142857137,1.9061842074681223,534.412466155184,529.3050000000001,524.1975338448161,10.21,0.0
64,525.4,2020-04-15 13:35:00+05:30,526.95,525.0,526.0,281082,46.6344763302286,527.7142857142852,-0.9696228441685548,534.5018704381661,529.1050000000001,523.7081295618342,10.79,1.0
65,521.75,2020-04-15 13:45:00+05:30,525.3,521.4,525.3,412385,40.70851746768045,525.7999999999995,-5.92595886254815,534.8562792727466,528.6350000000001,522.4137207272536,12.44,2.0
66,516.25,2020-04-15 13:55:00+05:30,522.0,515.6,521.85,599945,33.749161863798705,523.7928571428566,-6.959355603881747,536.220516225619,527.9425000000001,519.6644837743812,16.56,4.0
67,511.15,2020-04-15 14:05:00+05:30,518.0,509.15,516.0,942492,28.82777955027663,521.3071428571423,-4.921382313522074,538.2656951327144,527.0925000000001,515.9193048672857,22.35,6.0
68,509.5,2020-04-15 14:15:00+05:30,511.5,505.1,511.0,1052909,27.433946216283843,519.2785714285709,-1.393833333992788,539.6189895078526,526.0650000000002,512.5110104921478,27.11,5.0
69,515.35,2020-04-15 14:25:00+05:30,516.4,509.25,509.55,684637,38.74268596893399,517.9071428571424,11.308739752650148,539.5579136929957,525.3325000000002,511.1070863070047,28.45,1.0
70,515.0,2020-04-15 14:35:00+05:30,517.3,513.5,515.15,516028,38.35753740550951,516.3428571428567,-0.38514856342447956,539.1648376420435,524.5175000000002,509.8701623579568,29.29,1.0
71,510.55,2020-04-15 14:45:00+05:30,515.6,509.0,515.4,413533,33.76193418721731,514.2214285714282,-4.595603218292204,539.3120166475273,523.5850000000002,507.85798335247296,31.45,2.0
72,509.1,2020-04-15 14:55:00+05:30,511.85,508.0,510.55,595476,32.39977917575507,512.4142857142853,-1.3621550114622352,539.3449805300735,522.5850000000002,505.8250194699269,33.52,2.0
73,510.6,2020-04-15 15:05:00+05:30,511.6,508.85,509.15,733385,35.307553703183984,511.6071428571425,2.907774527428913,539.1239917031266,521.7300000000001,504.3360082968736,34.79,1.0
74,510.4,2020-04-15 15:15:00+05:30,513.1,510.0,510.6,972911,35.09081846321324,511.4999999999996,-0.2167352399707454,538.6006932550897,520.82,503.03930674491045,35.56,1.0
75,510.5,2020-04-15 15:25:00+05:30,510.85,510.0,510.4,276692,35.30465878441903,511.64285714285677,0.21384032120579377,537.7925020303694,519.8900000000001,501.9874979696308,35.81,0.0
76,502.05,2020-04-16 09:15:00+05:30,504.7,497.7,500.0,1345180,27.16170621803755,509.7428571428568,-8.142952566381481,537.135526905979,518.42,499.7044730940209,37.43,2.0
77,502.15,2020-04-16 09:25:00+05:30,504.45,499.3,502.05,539134,27.375189011052186,507.9071428571425,0.21348279301463435,535.7991891249306,516.9174999999999,498.0358108750692,37.76,0.0
78,508.7,2020-04-16 09:35:00+05:30,509.5,501.3,502.1,793718,39.81745887668794,507.64285714285677,12.442269865635751,532.7235203834515,515.595,498.46647961654855,34.26,-4.0
79,502.9,2020-04-16 09:45:00+05:30,509.1,501.65,509.1,474987,34.22581197861284,506.75714285714247,-5.591646898075098,530.7745905498721,514.225,497.675409450128,33.1,-1.0
80,505.75,2020-04-16 09:55:00+05:30,507.45,502.8,502.85,404271,38.77561095210853,506.06428571428535,4.54979897349569,528.587804500103,513.085,497.5821954998971,31.01,-2.0
81,509.85,2020-04-16 10:05:00+05:30,512.15,505.75,505.75,825022,44.701749300987004,505.9857142857139,5.9261383488784745,527.1166039402095,512.3925,497.6683960597905,29.45,-2.0
82,508.7,2020-04-16 10:15:00+05:30,511.95,508.45,509.85,431168,43.431892507065285,505.728571428571,-1.2698567939217185,525.1333021806491,511.58000000000004,498.026697819351,27.11,-2.0
83,507.95,2020-04-16 10:25:00+05:30,509.4,506.4,508.65,361362,42.582306182704066,506.5714285714281,-0.8495863243612192,522.4945049120043,510.68,498.86549508799567,23.63,-3.0
84,506.4,2020-04-16 10:35:00+05:30,508.0,505.3,507.75,267463,40.80576452157389,507.178571428571,-1.7765416611301745,519.4265213512771,509.73,500.03347864872296,19.39,-4.0
85,507.95,2020-04-16 10:45:00+05:30,508.05,505.6,506.4,165859,43.3509729722337,507.0714285714281,2.545208450659807,516.931007540231,509.0400000000001,501.14899245976915,15.78,-4.0
86,508.25,2020-04-16 10:55:00+05:30,509.65,507.05,508.05,269186,43.85416726666882,507.83571428571383,0.5031942944351186,515.7661268730291,508.64000000000004,501.51387312697096,14.25,-2.0
87,508.5,2020-04-16 11:05:00+05:30,509.5,506.55,508.2,364236,44.29820094663578,508.22857142857094,0.44403367996696375,515.534985512725,508.50750000000005,501.48001448727507,14.05,-0.0
88,510.15,2020-04-16 11:15:00+05:30,510.85,508.65,508.65,457984,47.26265850571333,508.27142857142815,2.9644575590775517,515.5927784745097,508.5400000000001,501.48722152549044,14.11,0.0
89,510.85,2020-04-16 11:25:00+05:30,511.95,509.8,510.15,619942,48.51452922694026,508.578571428571,1.251870721226929,514.7094136803753,508.31500000000005,501.9205863196249,12.79,-1.0
90,510.1,2020-04-16 11:35:00+05:30,512.75,509.65,510.85,399690,47.221150481329644,508.88571428571385,-1.2933787456106174,513.7178593988743,508.07000000000005,502.42214060112576,11.3,-1.0
91,509.7,2020-04-16 11:45:00+05:30,510.1,507.5,510.1,304090,46.50899589893354,509.3571428571424,-0.7121545823961029,513.6091876338689,508.02750000000015,502.4458123661313,11.16,-0.0
92,510.65,2020-04-16 11:55:00+05:30,511.0,509.3,509.6,222167,48.49568373501703,509.74285714285674,1.9866878360834903,513.7914474156108,508.10500000000013,502.41855258438943,11.37,0.0
93,511.2,2020-04-16 12:05:00+05:30,511.5,510.0,510.6,219067,49.661349964289094,510.16428571428526,1.1656662292720625,513.8828691703952,508.1350000000001,502.3871308296049,11.5,0.0
94,510.1,2020-04-16 12:15:00+05:30,512.45,508.65,511.2,568701,47.35304503481449,510.3928571428567,-2.308304929474602,513.8444995184578,508.1200000000002,502.39550048154257,11.45,-0.0
95,510.0,2020-04-16 12:25:00+05:30,510.8,509.35,510.1,280847,47.13853739745455,510.3714285714281,-0.21450763735994371,513.7799663240203,508.09500000000014,502.41003367598006,11.37,-0.0
96,505.65,2020-04-16 12:35:00+05:30,510.05,504.2,510.05,549527,38.88639879102482,509.628571428571,-8.252138606429732,513.3492383405614,508.2750000000002,503.20076165943897,10.15,-1.0
97,505.8,2020-04-16 12:45:00+05:30,506.0,502.9,505.25,355692,39.281129378754294,509.01428571428534,0.39473058772947667,512.8163114024452,508.45750000000015,504.09868859755505,8.72,-1.0
98,506.9,2020-04-16 12:55:00+05:30,507.75,505.0,505.75,263375,42.22803452920476,508.61428571428536,2.946905150450469,512.7792397212893,508.3675000000001,503.9557602787109,8.82,0.0
99,506.35,2020-04-16 13:05:00+05:30,507.6,505.5,506.9,177741,41.152574750122305,507.9999999999996,-1.0754597790824576,512.2684962398408,508.54000000000013,504.8115037601594,7.46,-1.0
100,506.1,2020-04-16 13:15:00+05:30,506.8,504.45,506.4,156529,40.64585069100295,507.2714285714282,-0.5067240591193567,512.2337788680636,508.5575000000002,504.88122113193674,7.35,-0.0
101,507.15,2020-04-16 13:25:00+05:30,507.4,505.9,506.15,162104,43.77712787752511,506.8499999999996,3.131277186522162,512.0972323568823,508.4225000000001,504.747767643118,7.35,0.0
102,507.1,2020-04-16 13:35:00+05:30,508.6,506.1,507.2,873499,43.659011609345555,506.4357142857139,-0.11811626817955556,512.061197423332,508.3425000000001,504.62380257666814,7.44,0.0
103,507.05,2020-04-16 13:45:00+05:30,507.75,506.15,507.1,175371,43.532520224885495,506.63571428571396,-0.12649138446005992,512.057745652667,508.2975,504.5372543473331,7.52,0.0
104,508.0,2020-04-16 13:55:00+05:30,508.45,506.8,507.05,292404,46.69270156384696,506.94999999999965,3.160181338961465,512.03442925539,508.37750000000005,504.7205707446101,7.31,-0.0
105,507.0,2020-04-16 14:05:00+05:30,508.4,507.0,508.05,178023,43.9071577005615,506.9642857142853,-2.7855438632854614,512.0346769871242,508.33000000000004,504.6253230128759,7.41,0.0
106,507.35,2020-04-16 14:15:00+05:30,508.3,506.75,507.0,253750,45.1407276188329,507.1071428571425,1.2335699182713995,512.0155425032293,508.285,504.5544574967707,7.46,0.0
107,507.1,2020-04-16 14:25:00+05:30,508.65,506.65,507.35,353939,44.389803262035606,507.2499999999996,-0.7509243567972916,511.9809275784719,508.21500000000003,504.4490724215282,7.53,0.0
108,505.7,2020-04-16 14:35:00+05:30,507.5,505.4,507.1,347582,40.34252196076086,507.0428571428567,-4.047281301274744,511.8026353754069,507.9925000000001,504.18236462459333,7.62,0.0
109,506.6,2020-04-16 14:45:00+05:30,506.9,505.65,505.8,182476,43.88462504885113,506.97142857142813,3.542103088090265,511.3877985706376,507.7800000000001,504.1722014293626,7.22,-0.0
110,500.7,2020-04-16 14:55:00+05:30,506.65,499.4,506.55,834387,30.922733788321352,506.06428571428523,-12.961891260529775,511.9474448500031,507.3100000000001,502.67255514999715,9.27,2.0
111,500.15,2020-04-16 15:05:00+05:30,501.25,499.45,500.7,926319,30.03222372133905,504.94285714285667,-0.8905100669823014,512.322133771696,506.8325000000001,501.3428662283042,10.98,2.0
112,500.0,2020-04-16 15:15:00+05:30,500.55,499.15,500.15,1181712,29.78033784013489,503.94285714285667,-0.25188588120416,512.2751238701078,506.30000000000007,500.3248761298923,11.95,1.0
113,500.0,2020-04-16 15:25:00+05:30,500.5,499.35,500.0,442192,29.78033784013489,502.8928571428567,0.0,511.8786266250749,505.74000000000007,499.60137337492523,12.28,0.0
114,509.9,2020-04-17 09:15:00+05:30,512.0,505.75,511.0,1261211,57.235077353332294,503.2928571428567,27.454739513197403,511.8393026563873,505.73,499.62069734361273,12.22,-0.0
115,507.15,2020-04-17 09:25:00+05:30,510.35,506.95,509.9,460798,51.24179042057174,503.4999999999996,-5.9932869327605545,511.4033472252407,505.5875,499.7716527747593,11.63,-1.0
116,504.35,2020-04-17 09:35:00+05:30,507.2,504.05,507.15,353209,45.9642344451815,503.17857142857105,-5.277555975390236,511.3644062317898,505.52250000000004,499.68059376821026,11.68,0.0
117,504.5,2020-04-17 09:45:00+05:30,505.05,504.0,504.0,251873,46.28341385518213,503.7214285714282,0.3191794100006291,511.3153130461959,505.4575000000001,499.5996869538043,11.72,0.0
118,503.05,2020-04-17 09:55:00+05:30,504.5,501.5,504.5,316817,43.60224691716535,504.13571428571396,-2.68116693801678,511.17601558643935,505.26500000000004,499.35398441356074,11.82,0.0
119,501.8,2020-04-17 10:05:00+05:30,503.1,501.25,503.1,321266,41.376971040208,504.3928571428568,-2.2252758769573546,511.12042476397505,505.0375,498.954575236025,12.17,0.0
120,501.9,2020-04-17 10:15:00+05:30,503.3,501.5,501.6,310088,41.63360406177493,504.6642857142854,0.2566330215669339,511.04449495864026,504.8275,498.6105050413597,12.43,0.0
121,499.65,2020-04-17 10:25:00+05:30,502.05,498.35,501.85,440523,37.64086374228242,503.1999999999997,-3.992740319492512,510.9768249297871,504.4525,497.9281750702129,13.05,1.0
122,501.2,2020-04-17 10:35:00+05:30,501.9,498.5,499.55,315703,41.782878566442,502.3499999999996,4.142014824159581,510.7112674982425,504.15749999999997,497.60373250175746,13.11,0.0
123,501.4,2020-04-17 10:45:00+05:30,503.3,500.65,501.2,509603,42.315299570654595,501.9285714285711,0.5324210042125941,510.3907703426272,503.875,497.3592296573728,13.03,-0.0
124,504.85,2020-04-17 10:55:00+05:30,504.85,501.25,501.6,395846,50.69237324626687,501.9785714285711,8.377073675612273,509.9599923328973,503.71750000000003,497.4750076671028,12.48,-1.0
125,505.9,2020-04-17 11:05:00+05:30,507.0,504.35,504.9,452935,52.93267292460331,502.38571428571396,2.2402996783364415,509.80175033996886,503.6625,497.5232496600312,12.28,-0.0
126,504.8,2020-04-17 11:15:00+05:30,506.9,504.5,505.9,267531,50.35163908384137,502.81428571428535,-2.5810338407619398,509.45375698187473,503.53499999999997,497.6162430181252,11.84,-0.0
127,505.2,2020-04-17 11:25:00+05:30,505.45,502.1,504.85,353560,51.28191561888286,503.2857142857139,0.930276535041493,509.175998972323,503.43999999999994,497.7040010276769,11.47,-0.0
128,505.0,2020-04-17 11:35:00+05:30,505.3,504.05,505.2,182234,50.76968409772951,504.0499999999996,-0.5122315211533532,509.09126230025765,503.4049999999999,497.7187376997422,11.37,-0.0
129,502.35,2020-04-17 11:45:00+05:30,505.1,500.55,505.05,313491,44.43624020243003,504.2142857142853,-6.333443895299482,508.690564252651,503.19249999999994,497.6944357473489,11.0,-0.0
130,501.4,2020-04-17 11:55:00+05:30,502.6,499.1,502.4,318649,42.3944689678134,504.2142857142853,-2.0417712346166255,508.6673601955685,503.22749999999985,497.7876398044312,10.88,-0.0
131,503.4,2020-04-17 12:05:00+05:30,504.55,501.0,501.25,312464,47.829316619825406,504.00714285714247,5.434847652012003,508.6334018688117,503.3899999999999,498.14659813118806,10.49,-0.0
132,502.75,2020-04-17 12:15:00+05:30,504.8,502.1,503.4,292325,46.30042666392277,503.5571428571425,-1.5288899559026348,508.5355435301586,503.52749999999986,498.51945646984115,10.02,-0.0
133,502.35,2020-04-17 12:25:00+05:30,503.25,501.6,502.8,242334,45.33993356402518,503.20714285714246,-0.9604930998975902,508.4088882836304,503.64499999999987,498.88111171636933,9.53,-0.0
134,502.7,2020-04-17 12:35:00+05:30,503.55,502.3,502.3,171324,46.3879412728675,502.84999999999957,1.04800770884232,507.04001068748437,503.28499999999997,499.52998931251557,7.51,-2.0
135,504.9,2020-04-17 12:45:00+05:30,505.15,502.75,503.05,308327,52.54678624135084,502.8357142857139,6.158844968483336,506.5564365117793,503.17249999999996,499.78856348822063,6.77,-1.0
136,503.85,2020-04-17 12:55:00+05:30,505.5,503.8,504.65,237809,49.617110479646634,503.0499999999996,-2.9296757617042033,506.5020687619887,503.1474999999999,499.79293123801114,6.71,-0.0
137,504.0,2020-04-17 13:05:00+05:30,505.3,503.0,503.85,1114679,50.045593723530786,503.4214285714282,0.42848324388415193,506.4418967429046,503.12249999999995,499.8031032570953,6.64,-0.0
138,501.8,2020-04-17 13:15:00+05:30,504.0,501.0,503.85,544408,44.119151815118826,503.1928571428567,-5.9264419084119595,506.43180257896904,503.05999999999995,499.68819742103085,6.74,0.0
139,501.9,2020-04-17 13:25:00+05:30,503.65,501.6,501.6,191096,44.441216360123676,503.07142857142816,0.3220645450048494,506.42922353596833,503.06499999999994,499.70077646403155,6.73,-0.0
140,502.0,2020-04-17 13:35:00+05:30,502.5,500.9,501.9,425335,44.78392899175131,503.0214285714282,0.3427126316276343,506.42722316332777,503.07,499.7127768366722,6.71,-0.0
141,502.5,2020-04-17 13:45:00+05:30,503.0,501.8,502.0,405821,46.55896406461333,502.9928571428568,1.7750350728620177,506.1775374986473,503.2125,500.24746250135263,5.93,-1.0
142,503.4,2020-04-17 13:55:00+05:30,503.4,502.3,502.5,313491,49.69383617062178,502.77857142857107,3.1348721060084515,506.132346408982,503.32249999999993,500.51265359101785,5.62,-0.0
143,504.65,2020-04-17 14:05:00+05:30,505.1,502.95,503.4,1285078,53.75166092111386,502.8928571428568,4.057824750492081,506.2010536387166,503.48499999999996,500.7689463612833,5.43,-0.0
144,503.4,2020-04-17 14:15:00+05:30,504.7,503.1,504.3,449996,49.455583497952446,502.80714285714254,-4.296077423161414,506.0514541389218,503.4124999999999,500.773545861078,5.28,-0.0
145,504.05,2020-04-17 14:25:00+05:30,504.15,503.1,503.45,310846,51.62092213031298,503.1285714285711,2.1653386323605304,505.709758851513,503.3199999999999,500.93024114848674,4.78,-0.0
146,503.9,2020-04-17 14:35:00+05:30,505.5,503.5,504.05,328865,51.07711910835128,503.4142857142854,-0.5438030219616934,505.5798004822808,503.2749999999999,500.97019951771904,4.61,-0.0
147,504.95,2020-04-17 14:45:00+05:30,506.0,503.9,503.95,319248,54.6764555812539,503.83571428571395,3.599336472902614,505.52567778448235,503.26249999999993,500.9993222155175,4.53,-0.0
148,503.7,2020-04-17 14:55:00+05:30,505.0,502.6,504.75,454870,49.96374465240278,504.00714285714247,-4.712710928851116,505.3209220147195,503.19749999999993,501.0740779852804,4.25,-0.0
149,503.25,2020-04-17 15:05:00+05:30,504.25,502.55,503.65,504235,48.34813169151104,503.9857142857139,-1.6156129608917382,505.32810858213105,503.24249999999995,501.15689141786885,4.17,-0.0
150,502.6,2020-04-17 15:15:00+05:30,503.5,500.4,503.3,798441,46.03268807036381,503.6928571428567,-2.3154436211472316,505.22780927111404,503.30249999999995,501.37719072888586,3.85,-0.0
151,502.0,2020-04-17 15:25:00+05:30,503.0,501.25,502.6,270487,43.94076961777099,503.49285714285674,-2.0919184525928216,505.2428089576548,503.23249999999996,501.2221910423451,4.02,0.0
152,497.6,2020-04-20 09:15:00+05:30,507.7,494.95,507.7,908850,32.3357188589101,502.5714285714281,-11.60505075886089,506.19867883994687,502.975,499.7513211600532,6.45,2.0
153,495.5,2020-04-20 09:25:00+05:30,500.45,495.25,497.25,408462,28.470878539078015,501.3714285714281,-3.8648403198320835,507.27784571825043,502.6325,497.98715428174955,9.29,3.0
154,492.4,2020-04-20 09:35:00+05:30,495.95,489.1,495.45,783026,23.92490996109055,499.578571428571,-4.545968577987466,508.6370475303092,502.11749999999995,495.5979524696907,13.04,4.0
155,493.05,2020-04-20 09:45:00+05:30,495.05,491.05,492.45,307923,26.572322955705175,498.0571428571425,2.6474129946146263,509.0553246592457,501.5249999999999,493.99467534075416,15.06,2.0
156,491.15,2020-04-20 09:55:00+05:30,493.1,490.2,493.0,317032,23.948783462904643,496.3285714285711,-2.623539492800532,509.63820883922494,500.8899999999999,492.1417911607748,17.5,2.0
157,488.85,2020-04-20 10:05:00+05:30,491.35,487.1,491.15,450744,21.217809563050366,494.36428571428536,-2.730973899854277,510.2615242165226,500.1324999999999,490.00347578347714,20.26,3.0
158,492.35,2020-04-20 10:15:00+05:30,492.6,487.25,488.85,335203,33.62235427509775,492.9857142857139,12.404544712047382,510.3287739146568,499.65999999999997,488.99122608534316,21.34,1.0
159,492.25,2020-04-20 10:25:00+05:30,494.15,491.05,492.45,482056,33.46024846612967,492.2214285714282,-0.1621058089680787,510.2836137738567,499.17749999999995,488.0713862261432,22.21,1.0
160,492.85,2020-04-20 10:35:00+05:30,493.5,492.2,492.6,186842,35.47056414555762,491.84285714285676,2.010315679427947,510.08733084440973,498.71999999999997,487.3526691555902,22.73,1.0
161,492.75,2020-04-20 10:45:00+05:30,493.2,492.1,492.75,194284,35.27925491608501,491.89285714285677,-0.19130922947260842,509.7525180464019,498.23249999999996,486.712481953598,23.04,0.0
162,492.85,2020-04-20 10:55:00+05:30,493.1,490.05,492.75,187621,35.653004556303955,491.8642857142853,0.3737496402189464,509.19485364754735,497.70500000000004,486.21514635245273,22.98,-0.0
163,491.8,2020-04-20 11:05:00+05:30,493.15,491.5,492.8,207866,33.467581186268504,491.95714285714246,-2.1854233700354513,508.3525456854212,497.0625,485.7724543145788,22.58,-0.0
164,490.2,2020-04-20 11:15:00+05:30,492.1,490.0,491.75,278569,30.408763605387392,492.1499999999996,-3.0588175808811116,507.67591889952473,496.40250000000003,485.12908110047533,22.55,-0.0
165,490.1,2020-04-20 11:25:00+05:30,491.75,490.0,490.1,213522,30.22284225835581,491.828571428571,-0.1859213470315808,506.7091571092093,495.7050000000001,484.7008428907909,22.01,-1.0
166,489.4,2020-04-20 11:35:00+05:30,490.7,487.15,490.1,395789,28.89122570486998,491.4214285714282,-1.33161655348583,505.6152640825328,494.98000000000013,484.34473591746746,21.27,-1.0
167,490.85,2020-04-20 11:45:00+05:30,491.6,489.25,489.35,186091,35.25486649777639,491.13571428571385,6.363640792906409,503.95387009499234,494.2750000000001,484.59612990500784,19.36,-2.0
168,490.05,2020-04-20 11:55:00+05:30,491.45,489.45,490.9,132136,33.47491325996155,490.7499999999996,-1.779953237814837,502.35469601169206,493.59250000000003,484.830303988308,17.52,-2.0
169,490.65,2020-04-20 12:05:00+05:30,491.85,490.0,490.0,125784,36.08144151579947,490.4357142857139,2.6065282558379153,500.531680933228,492.9625,485.39331906677194,15.14,-2.0
170,490.95,2020-04-20 12:15:00+05:30,491.0,489.55,490.6,122964,37.402102721117984,490.3142857142853,1.3206612053185154,498.47610747245574,492.38,486.28389252754425,12.19,-3.0
171,492.25,2020-04-20 12:25:00+05:30,492.6,490.85,490.9,159319,42.90705634725234,490.6071428571425,5.504953626134359,495.9769087377223,491.89250000000004,487.8080912622778,8.17,-4.0
172,491.75,2020-04-20 12:35:00+05:30,492.5,491.0,492.25,163658,41.399075257768764,490.84285714285676,-1.5079810894835788,494.67707995550506,491.6,488.522920044495,6.15,-2.0
173,491.8,2020-04-20 12:45:00+05:30,492.15,490.5,491.7,132986,41.62003628429331,491.1857142857139,0.22096102652454874,493.89101122349757,491.41499999999996,488.93898877650236,4.95,-1.0
174,492.25,2020-04-20 12:55:00+05:30,493.0,491.5,491.8,164519,43.67836007606148,491.38571428571396,2.058323791768167,493.8718297369813,491.40749999999997,488.94317026301866,4.93,-0.0
175,493.35,2020-04-20 13:05:00+05:30,493.65,492.0,492.25,250840,48.46183679368844,491.8571428571425,4.783476717626961,493.93216028314214,491.4225,488.9128397168579,5.02,0.0
176,494.5,2020-04-20 13:15:00+05:30,495.35,492.8,493.35,278360,52.959908449667,492.40714285714245,4.498071655978556,494.4463134134281,491.59000000000003,488.733686586572,5.71,1.0
177,493.55,2020-04-20 13:25:00+05:30,494.5,492.6,494.5,146342,49.14415950024876,492.77857142857107,-3.8157489494182357,494.4997355993174,491.825,489.1502644006826,5.35,-0.0
178,489.95,2020-04-20 13:35:00+05:30,493.4,489.35,493.4,320836,37.977514995749374,492.44999999999965,-11.166644504499388,494.4934913861201,491.70500000000004,488.91650861387996,5.58,0.0
179,490.6,2020-04-20 13:45:00+05:30,491.0,489.9,489.95,152412,40.60184978770174,492.2857142857139,2.6243347919523643,494.4405760514079,491.62250000000006,488.8044239485922,5.64,0.0
180,490.35,2020-04-20 13:55:00+05:30,490.6,488.5,490.45,475363,39.902520463004684,492.078571428571,-0.6993293246970538,494.3080955540349,491.49750000000006,488.68690444596524,5.62,-0.0
181,490.9,2020-04-20 14:05:00+05:30,491.0,490.25,490.25,123521,42.258811871873064,491.88571428571385,2.3562914088683797,494.1633175650046,491.40500000000003,488.64668243499545,5.52,-0.0
182,492.0,2020-04-20 14:15:00+05:30,492.25,490.8,490.9,343560,46.75520790661521,491.6928571428567,4.496396034742148,494.052417823034,491.3625,488.67258217696605,5.38,-0.0
183,493.3,2020-04-20 14:25:00+05:30,494.4,491.5,492.05,400879,51.55641526758842,491.5214285714282,4.801207360973208,494.2591969511536,491.4375,488.6158030488464,5.64,0.0
184,493.4,2020-04-20 14:35:00+05:30,494.15,492.0,493.3,271362,51.915600814236065,491.4999999999996,0.35918554664764457,494.4858568448336,491.59749999999997,488.7091431551663,5.78,0.0
185,490.2,2020-04-20 14:45:00+05:30,493.5,489.35,493.4,494769,41.3500279547023,491.5357142857139,-10.565572859533766,494.4802686897175,491.60249999999996,488.72473131028244,5.76,-0.0
186,490.25,2020-04-20 14:55:00+05:30,490.7,489.6,489.95,326848,41.55019057316922,491.4857142857139,0.20016261846691918,494.4086550931011,491.645,488.88134490689885,5.53,-0.0
187,490.55,2020-04-20 15:05:00+05:30,491.4,489.8,490.25,397760,42.8113242930295,491.5142857142854,1.2611337198602826,494.41499740148083,491.62999999999994,488.84500259851905,5.57,0.0
188,490.4,2020-04-20 15:15:00+05:30,491.0,489.15,490.6,458095,42.319653031273475,491.4428571428568,-0.49167126175602505,494.39483842491086,491.6474999999999,488.900161575089,5.49,-0.0
189,491.0,2020-04-20 15:25:00+05:30,491.55,490.0,490.4,172920,45.03870670480873,491.29999999999967,2.7190536735352566,494.3899529208762,491.66499999999996,488.9400470791237,5.45,-0.0
190,480.5,2020-04-21 09:15:00+05:30,485.55,479.3,484.0,610639,23.850088298144897,489.4714285714282,-21.188618406663835,496.8356422273636,491.1424999999999,485.44935777263623,11.39,6.0
191,483.0,2020-04-21 09:25:00+05:30,486.5,479.45,480.25,410031,32.04717683786579,487.9857142857139,8.197088539720895,497.4039086377165,490.67999999999995,483.9560913622834,13.45,2.0
192,481.9,2020-04-21 09:35:00+05:30,483.9,481.15,482.7,317862,30.49188512889819,486.79999999999967,-1.5552917089676015,497.9449327685021,490.1874999999999,482.4300672314977,15.51,2.0
193,482.75,2020-04-21 09:45:00+05:30,483.55,481.15,481.85,215126,33.190083841234795,485.7285714285711,2.6981987123366054,498.12629247932756,489.73499999999996,481.34370752067235,16.78,1.0
194,485.25,2020-04-21 09:55:00+05:30,486.0,482.7,482.7,346866,40.50522953352616,484.9714285714282,7.315145692291367,497.91735945648514,489.38499999999993,480.8526405435147,17.06,0.0
195,484.0,2020-04-21 10:05:00+05:30,485.2,482.5,485.2,283641,38.250110672741876,484.0571428571425,-2.255118860784286,497.55903221062687,488.9174999999999,480.27596778937294,17.28,0.0
196,482.25,2020-04-21 10:15:00+05:30,484.1,482.1,484.1,159404,35.28801999357161,482.8071428571425,-2.9620906791702666,497.01675249756784,488.30499999999995,479.59324750243206,17.42,0.0
197,486.45,2020-04-21 10:25:00+05:30,487.8,482.25,482.25,346462,46.08021388773953,483.65714285714245,10.792193894167923,496.33432120718163,487.95,479.56567879281835,16.77,-1.0
198,486.2,2020-04-21 10:35:00+05:30,486.5,484.95,486.45,235123,45.59280131260608,484.1142857142853,-0.4874125751334546,496.12619818730644,487.7625,479.39880181269353,16.73,-0.0
199,489.85,2020-04-21 10:45:00+05:30,492.0,485.85,486.0,651182,53.35101873610631,485.24999999999955,7.758217423500234,496.04172379827384,487.725,479.4082762017262,16.63,-0.0
200,490.2,2020-04-21 10:55:00+05:30,490.3,486.25,489.65,454896,54.02797264553981,486.31428571428523,0.6769539094335002,496.02452144351935,487.71750000000003,479.4104785564807,16.61,-0.0
201,485.7,2020-04-21 11:05:00+05:30,490.75,485.5,490.05,408297,44.988421870497625,486.3785714285709,-9.039550775042187,495.6700882195013,487.4575000000001,479.2449117804989,16.43,-0.0
202,485.75,2020-04-21 11:15:00+05:30,487.6,485.25,486.0,542883,45.09833658952361,486.6285714285709,0.10991471902598704,495.1014538517275,487.1450000000001,479.1885461482727,15.91,-1.0
203,485.8,2020-04-21 11:25:00+05:30,486.4,484.85,485.75,273608,45.21621613669368,487.1357142857138,0.11787954717006954,494.19417105065645,486.7700000000001,479.34582894934374,14.85,-1.0
204,485.55,2020-04-21 11:35:00+05:30,485.8,483.8,485.8,260165,44.69943144217861,487.0071428571424,-0.5167846945150742,493.1250122121091,486.37750000000005,479.629987787891,13.5,-1.0
205,487.1,2020-04-21 11:45:00+05:30,489.0,485.3,485.55,316111,48.620309061577416,487.13571428571385,3.9208776193988086,492.7387529594475,486.2225,479.70624704055257,13.03,-0.0
206,487.75,2020-04-21 11:55:00+05:30,488.5,485.75,487.1,216441,50.21443800298617,486.8357142857139,1.594128941408755,492.38018087262896,486.0975,479.8148191273711,12.57,-0.0
207,487.3,2020-04-21 12:05:00+05:30,488.0,485.6,487.75,202358,49.079132668089635,486.42142857142824,-1.135305334896536,491.892489757478,485.93500000000006,479.9775102425221,11.91,-1.0
208,488.0,2020-04-21 12:15:00+05:30,488.95,486.8,487.3,299132,50.93738618477108,486.74999999999966,1.8582535166814438,491.4834816494768,485.81500000000005,480.1465183505233,11.34,-1.0
209,486.95,2020-04-21 12:25:00+05:30,488.0,485.5,488.0,281218,48.10177786547159,486.92142857142824,-2.8356083192994888,490.7671478770883,485.61250000000007,480.45785212291185,10.31,-1.0
210,486.35,2020-04-21 12:35:00+05:30,488.0,486.25,486.75,215502,46.50851053189199,486.9999999999996,-1.5932673335795968,490.4681129725144,485.9050000000001,481.34188702748577,9.13,-1.0
211,486.15,2020-04-21 12:45:00+05:30,487.35,485.8,486.35,232959,45.96201077580288,487.0857142857139,-0.546499756089112,490.41606780485944,486.0625000000001,481.7089321951408,8.71,-0.0
212,486.2,2020-04-21 12:55:00+05:30,486.65,485.65,486.0,166368,46.13242649287568,486.95714285714246,0.17041571707279957,490.1653318947757,486.27750000000015,482.3896681052246,7.78,-1.0
213,490.7,2020-04-21 13:05:00+05:30,490.7,486.0,486.25,433614,58.743010360381966,487.378571428571,12.610583867506286,490.6684815307915,486.6750000000002,482.68151846920887,7.99,0.0
214,490.1,2020-04-21 13:15:00+05:30,493.55,489.55,490.7,837001,56.83259122495242,487.77857142857096,-1.9104191354295494,491.12967221119624,486.9175000000002,482.70532778880414,8.42,0.0
215,490.4,2020-04-21 13:25:00+05:30,490.7,489.5,490.3,298534,57.575514110066884,488.1214285714281,0.7429228851144671,491.488676307792,487.2375000000002,482.9863236922084,8.5,0.0
216,488.7,2020-04-21 13:35:00+05:30,492.15,488.15,490.35,496514,52.10327427889532,488.3714285714281,-5.472239831171564,491.1444106907458,487.56000000000023,483.97558930925464,7.17,-1.0
217,488.45,2020-04-21 13:45:00+05:30,489.85,487.65,488.8,484453,51.33062987673576,488.67142857142807,-0.7726444021595569,491.2255663165657,487.6600000000002,484.0944336834347,7.13,-0.0
218,486.65,2020-04-21 13:55:00+05:30,488.45,486.65,488.35,264587,46.037161042954665,488.7428571428567,-5.293468833781098,491.21479834228086,487.6825000000002,484.1502016577195,7.06,-0.0
219,487.05,2020-04-21 14:05:00+05:30,488.0,486.55,486.9,247146,47.336859755005314,488.8642857142853,1.299698712050649,490.9321553154896,487.54250000000013,484.1528446845107,6.78,-0.0
220,491.0,2020-04-21 14:15:00+05:30,491.4,486.65,487.05,467014,58.075269399487084,488.90714285714245,10.73840964448177,491.1198607467381,487.5825000000001,484.0451392532621,7.07,0.0
221,495.1,2020-04-21 14:25:00+05:30,496.0,490.85,491.25,789404,65.85743990915003,489.62142857142817,7.782170509662947,492.8205377735982,488.05250000000007,483.28446222640196,9.54,2.0
222,495.15,2020-04-21 14:35:00+05:30,498.75,494.5,495.15,711287,65.94047084489591,490.2999999999996,0.0830309357458816,494.11652641921546,488.52250000000004,482.9284735807846,11.19,2.0
223,495.3,2020-04-21 14:45:00+05:30,496.6,493.9,495.15,347917,66.2059861533846,491.2428571428568,0.26551530848868765,495.1985589078706,488.99750000000006,482.7964410921295,12.4,1.0
224,496.4,2020-04-21 14:55:00+05:30,497.95,495.0,495.3,437316,68.16586867062091,492.3785714285711,1.9598825172363092,496.3405882098489,489.5400000000001,482.7394117901513,13.6,1.0
225,503.3,2020-04-21 15:05:00+05:30,503.4,496.4,496.45,970724,77.12687602953221,494.7571428571426,8.961007358911303,499.41049841779596,490.35,481.2895015822041,18.12,5.0
226,500.45,2020-04-21 15:15:00+05:30,503.75,500.3,503.0,939485,68.54433566551309,496.67142857142824,-8.582540364019124,501.0073487109633,490.985,480.9626512890367,20.04,2.0
227,501.0,2020-04-21 15:25:00+05:30,501.65,499.8,500.3,303888,69.25535611815654,498.0999999999996,0.7110204526434529,502.4741122775174,491.6700000000001,480.86588772248274,21.61,2.0
228,503.3,2020-04-22 09:15:00+05:30,516.55,502.95,516.0,1987232,72.09589749725343,499.27142857142826,2.8405413790968908,504.2631154792052,492.43500000000006,480.6068845207949,23.66,2.0
229,498.75,2020-04-22 09:25:00+05:30,506.5,496.0,503.4,1126509,60.238849772644954,499.78571428571394,-11.857047724608478,504.87829179239793,493.025,481.171708207602,23.71,0.0
230,496.45,2020-04-22 09:35:00+05:30,499.9,492.2,498.7,803640,55.2888550649149,499.94999999999965,-4.949994707730056,505.04156855195055,493.53000000000003,482.0184314480495,23.02,-1.0
231,498.25,2020-04-22 09:45:00+05:30,499.05,496.0,496.9,440768,58.18480807612708,500.2142857142853,2.8959530112121783,505.279462868686,494.13500000000005,482.9905371313141,22.29,-1.0
232,498.75,2020-04-22 09:55:00+05:30,501.3,496.55,498.2,440259,58.97960780564005,499.5642857142853,0.7947997295129738,505.4287712371852,494.7625,484.0962287628148,21.33,-1.0
233,498.3,2020-04-22 10:05:00+05:30,499.6,496.55,498.65,237980,57.91270547681676,499.25714285714247,-1.0669023288232893,505.7406763575251,495.1424999999999,484.54432364247475,21.2,-0.0
234,500.0,2020-04-22 10:15:00+05:30,500.5,497.3,498.3,253355,60.79776452829847,499.11428571428536,2.8850590514817114,506.1686005572689,495.63749999999993,485.10639944273095,21.06,-0.0
235,503.8,2020-04-22 10:25:00+05:30,503.85,499.3,500.0,595407,66.3504416935923,499.1857142857139,5.552677165293829,507.13642204383797,496.3074999999999,485.4785779561618,21.66,1.0
236,504.05,2020-04-22 10:35:00+05:30,504.25,500.65,504.0,415655,66.68477179426885,499.9428571428568,0.3343301006765529,507.8091314947838,497.0749999999998,486.34086850521584,21.47,-0.0
237,505.0,2020-04-22 10:45:00+05:30,506.35,503.75,504.05,532383,67.98643442931855,501.1642857142854,1.301662635049695,508.3857937270861,497.9024999999998,487.4192062729135,20.97,-0.0
238,504.4,2020-04-22 10:55:00+05:30,506.0,503.55,505.1,444734,66.2264870103647,502.04285714285686,-1.7599474189538427,508.21413475017295,498.7899999999998,489.36586524982664,18.85,-2.0
239,505.2,2020-04-22 11:05:00+05:30,505.65,504.4,504.4,283770,67.43688122999414,502.9642857142854,1.2103942196294355,507.758548318919,499.6974999999999,491.63645168108076,16.12,-3.0
240,502.85,2020-04-22 11:15:00+05:30,506.7,501.55,505.0,529860,60.56984092939266,503.61428571428536,-6.867040300601481,507.3376274469872,500.28999999999985,493.2423725530125,14.1,-2.0
241,503.4,2020-04-22 11:25:00+05:30,504.3,502.3,502.65,343121,61.55651647300057,504.0999999999996,0.9866755436079089,507.4362233970506,500.7049999999998,493.97377660294904,13.46,-1.0
242,506.7,2020-04-22 11:35:00+05:30,507.0,503.4,503.4,356704,66.90726382524807,504.51428571428534,5.350747352247495,507.9888422456463,501.2824999999999,494.5761577543535,13.41,-0.0
243,508.2,2020-04-22 11:45:00+05:30,508.5,506.5,506.8,466428,69.0181329141007,505.1071428571424,2.1108690888526382,508.6923063729208,501.92749999999995,495.1626936270791,13.53,0.0
244,508.0,2020-04-22 11:55:00+05:30,508.95,507.0,508.2,440179,68.39172733685275,505.5357142857138,-0.6264055772479509,509.2659858939634,502.5075,495.7490141060366,13.52,-0.0
245,505.3,2020-04-22 12:05:00+05:30,508.5,505.15,507.75,500480,60.419365178812704,505.66428571428526,-7.972362158040049,509.4736852582023,502.60749999999996,495.7413147417976,13.73,0.0
246,508.0,2020-04-22 12:15:00+05:30,508.4,504.1,505.2,345527,64.83396673779083,506.0642857142853,4.414601558978127,510.17432688452726,502.98499999999996,495.79567311547265,14.38,1.0
247,508.4,2020-04-22 12:25:00+05:30,508.6,507.75,508.0,337998,65.44879366882888,506.8571428571425,0.6148269310380527,510.8685596721743,503.3549999999999,495.8414403278255,15.03,1.0
248,506.45,2020-04-22 12:35:00+05:30,508.6,506.15,508.45,269079,59.94639707769016,507.2928571428567,-5.5023965911387265,511.1522075584674,503.5125,495.87279244153257,15.28,0.0
249,503.0,2020-04-22 12:45:00+05:30,507.3,502.75,506.5,406265,51.669728093447475,506.76428571428534,-8.276668984242683,511.0363106320175,503.725,496.41368936798256,14.62,-1.0
250,504.0,2020-04-22 12:55:00+05:30,504.2,501.3,502.95,393035,53.66660904534067,506.1642857142853,1.9968809518931963,510.5622926478014,504.10249999999996,497.6427073521985,12.92,-2.0
251,503.4,2020-04-22 13:05:00+05:30,504.1,502.35,503.85,228151,52.271106718610106,505.50714285714247,-1.3955023267305648,510.22026764252826,504.35999999999996,498.49973235747166,11.72,-1.0
252,505.0,2020-04-22 13:15:00+05:30,505.85,502.9,503.5,486736,55.58763514835158,505.4642857142853,3.3165284297414743,509.90624425696626,504.67249999999996,499.43875574303365,10.47,-1.0
253,500.2,2020-04-22 13:25:00+05:30,505.5,498.0,505.4,655819,45.39634461701937,504.34999999999957,-10.191290531332207,509.5650075765786,504.76750000000004,499.9699924234215,9.6,-1.0
254,502.1,2020-04-22 13:35:00+05:30,502.5,499.0,500.5,302068,49.354466653342044,503.44999999999953,3.9581220363226706,509.309008228677,504.87250000000006,500.43599177132313,8.87,-1.0
255,503.2,2020-04-22 13:45:00+05:30,503.85,501.0,502.0,323973,51.54442079133315,502.98571428571387,2.1899541379911085,509.3174919141312,504.8425000000001,500.36750808586896,8.95,0.0
256,504.2,2020-04-22 13:55:00+05:30,504.45,503.0,503.2,234794,53.512410819939724,503.1571428571424,1.9679900286065717,509.31989932772115,504.8500000000002,500.38010067227924,8.94,-0.0
257,504.95,2020-04-22 14:05:00+05:30,507.25,503.6,504.5,434099,54.98894743160372,503.29285714285663,1.4765366116639953,509.31710200747506,504.8475000000002,500.37789799252533,8.94,0.0
258,507.35,2020-04-22 14:15:00+05:30,507.45,504.6,504.95,472607,59.42964010033093,503.8571428571423,4.440692668727209,509.59521738616365,504.99500000000023,500.3947826138368,9.2,0.0
259,506.05,2020-04-22 14:25:00+05:30,507.45,504.6,507.25,298358,56.1955630001317,504.00714285714236,-3.2340771001992294,509.6613369803676,505.0375000000002,500.4136630196328,9.25,0.0
260,503.55,2020-04-22 14:35:00+05:30,506.3,503.0,506.05,365607,50.503731012940044,504.48571428571387,-5.691831987191655,509.636832544733,505.0725000000001,500.5081674552672,9.13,-0.0
261,505.45,2020-04-22 14:45:00+05:30,505.65,503.0,503.45,429160,54.292803432305455,504.96428571428527,3.789072419365411,509.6727772288056,505.1750000000002,500.67722277119475,9.0,-0.0
262,502.3,2020-04-22 14:55:00+05:30,505.5,501.2,505.3,444093,47.764407655416534,504.8357142857139,-6.528395776888921,509.5676713347112,504.9550000000001,500.342328665289,9.23,0.0
263,498.9,2020-04-22 15:05:00+05:30,502.3,498.9,502.1,691854,41.9070192151281,504.0785714285711,-5.857388440288432,509.5760593783361,504.49000000000007,499.40394062166405,10.17,1.0
264,502.55,2020-04-22 15:15:00+05:30,502.55,498.65,498.95,520063,49.12044495101753,503.735714285714,7.21342573588943,509.09130484674654,504.21750000000003,499.3436951532535,9.75,-0.0
265,501.35,2020-04-22 15:25:00+05:30,504.5,501.2,502.55,185438,47.05188553046123,502.8785714285711,-2.068559420556305,509.0274050428458,504.0200000000001,499.01259495715436,10.01,0.0
266,500.5,2020-04-23 09:15:00+05:30,501.9,496.4,501.85,603719,45.58743982522827,502.08571428571395,-1.4644457052329543,508.51898032520506,503.6450000000001,498.7710196747951,9.75,-0.0
267,499.65,2020-04-23 09:25:00+05:30,503.5,498.85,500.35,454142,44.108985225483934,501.52857142857107,-1.4784545997443388,507.84967224560376,503.2075000000001,498.56532775439644,9.28,-0.0
268,499.8,2020-04-23 09:35:00+05:30,500.15,497.9,499.65,267669,44.451353322734896,500.72142857142825,0.3423680972509615,507.49184558522944,502.875,498.25815441477056,9.23,-0.0
269,499.9,2020-04-23 09:45:00+05:30,500.9,498.45,499.7,193647,44.69458067274962,500.3785714285711,0.2432273500147275,507.5235513178393,502.71999999999997,497.91644868216065,9.61,0.0
270,501.4,2020-04-23 09:55:00+05:30,502.95,499.8,499.9,409124,48.348019549108955,500.735714285714,3.6534388763593313,507.38842079284643,502.59,497.7915792071535,9.6,-0.0
271,500.0,2020-04-23 10:05:00+05:30,501.25,499.05,501.15,159137,45.33768373860253,500.3714285714282,-3.010335810506426,507.3370380472244,502.41999999999996,497.50296195277554,9.83,0.0
272,499.35,2020-04-23 10:15:00+05:30,501.0,499.35,500.0,156509,43.96884796407288,500.08571428571395,-1.36883577452965,507.07957233327534,502.1375,497.19542766672464,9.88,0.0
273,500.45,2020-04-23 10:25:00+05:30,501.15,498.5,499.35,817844,46.89113614112445,500.0785714285711,2.92228817705157,507.0726650890452,502.15,497.22733491095477,9.85,-0.0
274,500.55,2020-04-23 10:35:00+05:30,500.85,499.65,500.35,160391,47.160935310820705,500.2071428571425,0.26979916969625606,507.04701134865036,502.07249999999993,497.0979886513495,9.95,0.0
275,499.65,2020-04-23 10:45:00+05:30,501.2,499.1,500.55,526215,44.947793865253715,500.1857142857139,-2.2131414455669898,506.9527611023433,501.89499999999987,496.83723889765645,10.12,0.0
276,500.5,2020-04-23 10:55:00+05:30,500.8,499.6,499.65,148366,47.45571209396201,500.2714285714282,2.5079182287082986,506.68272561076475,501.70999999999987,496.737274389235,9.95,-0.0
277,500.35,2020-04-23 11:05:00+05:30,501.0,499.85,500.75,140574,47.04838771242432,500.12142857142817,-0.40732438153769124,506.24283860517056,501.47999999999985,496.71716139482913,9.53,-0.0
278,501.8,2020-04-23 11:15:00+05:30,502.8,499.75,500.4,383519,51.39172492267845,500.37857142857104,4.343337210254127,505.09195605721516,501.20249999999976,497.31304394278436,7.78,-2.0
279,505.0,2020-04-23 11:25:00+05:30,505.35,501.5,501.5,663282,59.321730445302954,501.1857142857139,7.930005522624505,504.783904670991,501.1499999999998,497.51609532900864,7.27,-1.0
280,506.45,2020-04-23 11:35:00+05:30,507.3,503.25,505.0,440628,62.32131893975122,502.0428571428568,2.9995884944482682,505.5161123502745,501.2949999999999,497.0738876497253,8.44,1.0
281,504.35,2020-04-23 11:45:00+05:30,506.75,504.2,506.45,285060,55.89306385733409,502.5857142857139,-6.428255082417131,505.2568854129796,501.2399999999999,497.2231145870202,8.03,-0.0
282,504.75,2020-04-23 11:55:00+05:30,506.4,504.1,504.2,193394,56.806957471684946,503.3142857142853,0.9138936143508545,505.6554409622331,501.3624999999999,497.0695590377667,8.59,1.0
283,505.85,2020-04-23 12:05:00+05:30,506.5,504.4,504.6,203539,59.304172895588735,504.078571428571,2.497215423903789,506.2798784965949,501.7099999999999,497.14012150340494,9.14,1.0
284,504.5,2020-04-23 12:15:00+05:30,506.3,504.3,505.9,171572,55.094248991618095,504.6714285714282,-4.20992390397064,506.53338337606505,501.8075,497.08161662393496,9.45,0.0
285,504.05,2020-04-23 12:25:00+05:30,505.0,503.6,504.55,164533,53.72516473305397,504.99285714285674,-1.369084258564122,506.76659249714487,501.94249999999994,497.118407502855,9.65,0.0
286,504.0,2020-04-23 12:35:00+05:30,505.4,503.2,504.25,190293,53.56588724920582,504.84999999999957,-0.15927748384815033,506.9750795358723,502.11749999999995,497.2599204641276,9.72,0.0
287,503.1,2020-04-23 12:45:00+05:30,504.3,502.1,504.2,159839,50.65480505821562,504.37142857142817,-2.9110821909902,507.0220408415686,502.28999999999996,497.55795915843134,9.46,-0.0
288,499.25,2020-04-23 12:55:00+05:30,503.5,498.5,503.1,656429,40.51209949009296,503.64285714285677,-10.142705568122665,507.06138967420804,502.2625,497.46361032579193,9.6,0.0
289,500.0,2020-04-23 13:05:00+05:30,500.4,499.2,499.35,198035,42.91025048958517,502.9642857142853,2.3981509994922092,507.0562230470148,502.26750000000004,497.4787769529853,9.58,-0.0
290,499.95,2020-04-23 13:15:00+05:30,500.2,498.15,500.0,222399,42.78641440825693,502.12142857142817,-0.12383608132823554,507.08192132123673,502.19500000000005,497.30807867876337,9.77,0.0
291,500.5,2020-04-23 13:25:00+05:30,501.6,499.4,500.0,300876,44.67772793067813,501.5499999999996,1.8913135224211999,507.0645737414968,502.2200000000001,497.37542625850335,9.69,-0.0
292,500.6,2020-04-23 13:35:00+05:30,501.0,499.25,500.7,216175,45.03351024734113,501.0571428571424,0.35578231666299587,507.0018080447255,502.2825000000001,497.56319195527465,9.44,-0.0
293,500.5,2020-04-23 13:45:00+05:30,501.65,500.05,500.6,146078,44.72376305969769,500.5571428571424,-0.30974718764343834,507.0002719405822,502.285,497.56972805941786,9.43,-0.0
294,500.9,2020-04-23 13:55:00+05:30,501.15,500.2,500.4,113424,46.31441064761854,500.24285714285674,1.5906475879208486,506.99319347358323,502.30250000000007,497.6118065264169,9.38,-0.0
295,501.65,2020-04-23 14:05:00+05:30,501.9,500.9,501.05,145258,49.26256337903511,500.5857142857139,2.9481527314165703,506.93779723971755,502.40250000000003,497.8672027602825,9.07,-0.0
296,502.25,2020-04-23 14:15:00+05:30,502.45,501.65,501.65,226793,51.554589507598926,500.90714285714245,2.292026128563819,506.93742385514656,502.49000000000007,498.04257614485357,8.89,-0.0
297,500.1,2020-04-23 14:25:00+05:30,502.45,499.2,502.25,509427,43.90141744021101,500.92857142857105,-7.653172067387914,506.9515744411801,502.4775000000001,498.00342555882,8.95,0.0
298,502.9,2020-04-23 14:35:00+05:30,503.5,499.9,500.1,423278,53.56842051689821,501.2714285714282,9.667003076687195,506.99854440545965,502.5325000000001,498.0664555945405,8.93,-0.0
299,500.2,2020-04-23 14:45:00+05:30,502.95,500.0,502.95,571351,45.43741905050317,501.2142857142853,-8.131001466395034,506.71591556527494,502.29250000000013,497.8690844347253,8.85,-0.0
300,499.85,2020-04-23 14:55:00+05:30,500.6,498.9,500.1,557321,44.494593368652396,501.12142857142817,-0.9428256818507776,506.0521370962355,501.9625000000001,497.87286290376466,8.18,-1.0
301,495.15,2020-04-23 15:05:00+05:30,500.1,494.1,499.9,553089,34.22459155679357,500.2999999999996,-10.270001811858826,506.442612400166,501.50250000000005,496.5623875998341,9.88,2.0
302,494.45,2020-04-23 15:15:00+05:30,495.25,491.15,495.05,636103,33.00279508581008,499.27142857142815,-1.2217964709834916,506.6034430009066,500.98750000000007,495.3715569990935,11.23,1.0
303,495.0,2020-04-23 15:25:00+05:30,496.0,494.3,494.45,152079,34.96724990623818,498.23571428571387,1.9644548204281023,506.17818135253117,500.44500000000005,494.71181864746893,11.47,0.0
304,492.6,2020-04-24 09:15:00+05:30,496.0,487.85,494.9,511207,30.73259667376435,497.16428571428526,-4.234653232473832,506.24325302256096,499.8500000000001,493.4567469774392,12.79,1.0
305,494.15,2020-04-24 09:25:00+05:30,494.65,490.75,492.55,374292,36.11367623285805,495.91428571428526,5.381079559093699,505.91002218069724,499.35500000000013,492.799977819303,13.11,0.0
306,496.95,2020-04-24 09:35:00+05:30,497.8,493.3,494.15,353964,44.50122267431498,495.44999999999953,8.387546441456934,505.25713827890627,499.00250000000017,492.74786172109407,12.51,-1.0
307,496.6,2020-04-24 09:45:00+05:30,499.0,495.2,496.95,387166,43.72839043948398,494.98571428571387,-0.7728322348310002,504.70711768884587,498.6775000000001,492.6478823111544,12.06,-0.0
308,494.25,2020-04-24 09:55:00+05:30,497.45,493.85,496.65,255813,38.84987771361359,494.8571428571424,-4.878512725870394,504.76398375013684,498.4275000000001,492.0910162498634,12.67,1.0
309,494.5,2020-04-24 10:05:00+05:30,496.0,493.55,494.25,147793,39.62160234726123,494.8642857142853,0.7717246336476435,504.67626021695924,498.15250000000015,491.62873978304106,13.05,0.0
310,491.5,2020-04-24 10:15:00+05:30,494.5,491.0,494.5,365078,34.06576955223568,494.3642857142853,-5.555832795025552,504.83243842485854,497.73000000000013,490.6275615751417,14.2,1.0
311,489.95,2020-04-24 10:25:00+05:30,491.5,487.45,491.45,632718,31.600279878212177,493.98571428571387,-2.4654896740235017,504.97427585883435,497.20250000000016,489.43072414116597,15.54,1.0
312,489.5,2020-04-24 10:35:00+05:30,491.2,488.2,489.9,232877,30.901044108524005,493.3214285714281,-0.6992357696881726,504.9639690761583,496.64750000000015,488.331030923842,16.63,1.0
313,487.65,2020-04-24 10:45:00+05:30,490.2,487.2,489.5,340649,28.143891798150946,491.99285714285674,-2.7571523103730584,505.0240966988451,496.0050000000001,486.98590330115513,18.04,1.0
314,486.2,2020-04-24 10:55:00+05:30,489.9,485.0,487.65,547275,26.172749785379835,490.5071428571424,-1.9711420127711108,504.97899745488223,495.27000000000015,485.5610025451181,19.42,1.0
315,485.55,2020-04-24 11:05:00+05:30,487.05,485.1,486.4,180661,25.316753627894826,489.26428571428534,-0.8559961574850092,504.6068414190118,494.46500000000015,484.3231585809885,20.28,1.0
316,488.7,2020-04-24 11:15:00+05:30,490.5,485.4,485.55,535573,36.205707707196574,488.43571428571386,10.888954079301747,503.5425998807892,493.7875000000002,484.03240011921116,19.51,-1.0
317,487.45,2020-04-24 11:25:00+05:30,489.05,486.75,488.7,256339,34.082103799369506,487.8571428571424,-2.123603907827068,502.8268201628815,493.1550000000002,483.4831798371189,19.34,-0.0
318,488.4,2020-04-24 11:35:00+05:30,488.65,486.85,487.5,243085,37.10159907856535,487.63571428571385,3.0194952791958443,501.1534348618785,492.4300000000002,483.70656513812185,17.45,-2.0
319,493.35,2020-04-24 11:45:00+05:30,493.4,487.7,488.35,600384,49.96300661290093,488.18571428571386,12.861407534335576,500.0293196907235,492.0875000000002,484.1456803092769,15.88,-2.0
320,489.0,2020-04-24 11:55:00+05:30,493.4,488.5,493.05,221837,41.86202151458615,488.378571428571,-8.10098509831478,498.69724661060496,491.5450000000002,484.3927533893954,14.3,-2.0
321,490.65,2020-04-24 12:05:00+05:30,491.0,488.4,488.85,191101,45.473431591467296,489.01428571428534,3.6114100768811497,498.27514955001834,491.32000000000016,484.364850449982,13.91,-0.0
322,491.95,2020-04-24 12:15:00+05:30,492.0,490.0,490.6,235068,48.203427478427486,489.928571428571,2.7299958869601895,498.0015680354357,491.19500000000016,484.38843196456463,13.61,-0.0
323,490.4,2020-04-24 12:25:00+05:30,492.5,490.0,491.65,310399,45.29173305681266,490.1714285714282,-2.9116944216148255,497.53703805607427,490.96500000000015,484.392961943926,13.14,-0.0
324,491.8,2020-04-24 12:35:00+05:30,492.0,490.15,490.15,194247,48.32776371731259,490.7928571428568,3.0360306604999323,497.46479719627314,490.92500000000007,484.385202803727,13.08,-0.0
325,491.15,2020-04-24 12:45:00+05:30,492.0,491.0,491.8,353728,47.02299514231046,491.1857142857139,-1.3047685750021358,497.13858885832957,490.7750000000001,484.4114111416706,12.73,-0.0
326,491.5,2020-04-24 12:55:00+05:30,491.85,490.0,491.1,282315,47.839609467916944,490.92142857142824,0.8166143256064871,496.1827960449132,490.50250000000005,484.82220395508693,11.36,-1.0
327,492.35,2020-04-24 13:05:00+05:30,492.4,491.05,491.5,228248,49.86095793847135,491.39999999999964,2.0213484705544076,495.286693643639,490.2900000000001,485.29330635636114,9.99,-1.0
328,490.65,2020-04-24 13:15:00+05:30,494.2,490.65,492.4,339583,46.019819614576754,491.39999999999964,-3.8411383238945973,494.7528893000579,490.11,485.4671106999421,9.29,-1.0
329,491.0,2020-04-24 13:25:00+05:30,491.85,490.65,490.65,76581,46.92634943733327,491.2642857142854,0.906529822756518,494.12271385942046,489.93500000000006,485.74728614057966,8.38,-1.0
330,490.9,2020-04-24 13:35:00+05:30,491.45,489.55,491.0,185698,46.68511304874498,491.33571428571395,-0.2412363885882911,494.05392503515424,489.90500000000003,485.7560749648458,8.3,-0.0
331,488.95,2020-04-24 13:45:00+05:30,490.95,488.6,490.85,140894,42.13626547567805,490.92857142857105,-4.548847573066929,494.02568718305605,489.855,485.684312816944,8.34,0.0
332,490.0,2020-04-24 13:55:00+05:30,490.65,488.95,488.95,143024,45.230822969245345,490.76428571428534,3.0945574935672937,494.04772056846457,489.88,485.7122794315354,8.34,0.0
333,490.0,2020-04-24 14:05:00+05:30,490.65,488.5,490.0,209263,45.23082296924534,490.5499999999996,-7.105427357601002e-15,494.0308445700825,489.99750000000006,485.96415542991764,8.07,-0.0
334,489.95,2020-04-24 14:15:00+05:30,490.75,488.7,489.8,209489,45.09762553951703,490.20714285714246,-0.1331974297283054,493.8022248740485,490.18500000000006,486.56777512595164,7.23,-1.0
335,489.85,2020-04-24 14:25:00+05:30,490.8,488.6,489.7,184037,44.81338645374137,490.0928571428567,-0.2842390857756598,493.29664052235535,490.4000000000001,487.50335947764484,5.79,-1.0
336,492.3,2020-04-24 14:35:00+05:30,493.0,489.55,490.0,198569,52.682140636298094,490.278571428571,7.868754182556721,493.47925580287216,490.58000000000004,487.6807441971279,5.8,0.0
337,493.85,2020-04-24 14:45:00+05:30,496.2,492.3,492.3,466492,56.87184527290827,490.69999999999953,4.189704636610173,493.75712406008176,490.9,488.0428759399182,5.71,-0.0
338,493.5,2020-04-24 14:55:00+05:30,495.0,492.35,493.85,381391,55.6731058237698,491.34999999999957,-1.1987394491384649,493.98285021563504,491.15500000000003,488.327149784365,5.66,-0.0
339,494.0,2020-04-24 15:05:00+05:30,494.4,492.1,493.45,552818,57.06537061283025,491.9214285714282,1.392264789060448,494.13401890952224,491.1875,488.24098109047776,5.89,0.0
340,494.5,2020-04-24 15:15:00+05:30,494.55,493.5,493.95,179076,58.47012326999489,492.5642857142853,1.404752657164643,494.57154876296397,491.4625,488.353451237036,6.22,0.0
