,close,date,high,low,open,volume,RSI_14,sma_7,RSI_Trend,ub,mb,lb,band_diff,band_diff_trend
0,475.45,2020-04-09 09:15:00+05:30,476.5,471.0,471.0,472402,0.0,0.0,,,,,,
1,479.2,2020-04-09 09:25:00+05:30,479.45,471.05,475.75,501647,100.0,0.0,100.0,,,,,
2,484.35,2020-04-09 09:35:00+05:30,485.55,478.95,479.45,1295780,100.0,0.0,0.0,,,,,
3,480.0,2020-04-09 09:45:00+05:30,486.3,479.85,484.35,311615,92.0036764705882,0.0,-7.9963235294117965,,,,,
4,479.5,2020-04-09 09:55:00+05:30,481.35,476.05,480.0,364880,91.10193223186779,0.0,-0.9017442387204113,,,,,
5,476.35,2020-04-09 10:05:00+05:30,480.1,475.25,479.6,211193,85.42163199353668,0.0,-5.680300238331114,,,,,
6,475.15,2020-04-09 10:15:00+05:30,477.75,475.0,476.35,229116,83.29105400139974,478.57142857142856,-2.130577992136935,,,,,
7,477.5,2020-04-09 10:25:00+05:30,478.9,475.3,475.65,206078,84.126052713446,478.86428571428576,0.8349987120462572,,,,,
8,477.95,2020-04-09 10:35:00+05:30,478.6,477.2,477.5,110884,84.28797190694867,478.6857142857143,0.16191919350266915,,,,,
9,472.1,2020-04-09 10:45:00+05:30,478.0,471.75,477.95,356316,73.75538251788728,476.9357142857143,-10.532589389061386,,,,,
10,473.5,2020-04-09 10:55:00+05:30,474.5,471.5,472.05,213163,74.57422543072501,476.00714285714287,0.8188429128377237,,,,,
11,474.0,2020-04-09 11:05:00+05:30,474.3,472.1,473.3,142217,74.87572077539673,475.2214285714286,0.30149534467172145,,,,,
12,473.3,2020-04-09 11:15:00+05:30,475.95,473.2,473.95,202995,73.56060368298984,474.78571428571433,-1.3151170924068936,,,,,
13,476.75,2020-04-09 11:25:00+05:30,477.0,473.05,473.2,173429,75.81521354187092,475.0142857142858,2.254609858881082,,,,,
14,476.9,2020-04-09 11:35:00+05:30,478.5,476.0,476.75,159906,75.91139433994981,474.9285714285715,0.09618079807889046,,,,,
15,477.7,2020-04-09 11:45:00+05:30,478.45,475.5,477.0,142295,76.44933298237058,474.8928571428572,0.5379386424207695,,,,,
16,477.85,2020-04-09 11:55:00+05:30,480.0,476.05,477.7,163809,76.55505277326229,475.7142857142858,0.1057197908917118,,,,,
17,479.0,2020-04-09 12:05:00+05:30,479.0,477.0,477.85,97786,77.3929453303554,476.50000000000006,0.837892557093113,,,,,
18,482.15,2020-04-09 12:15:00+05:30,484.0,478.95,479.0,440796,79.54896070334988,477.66428571428577,2.1560153729944744,,,,,
19,488.0,2020-04-09 12:25:00+05:30,488.7,482.0,482.15,466984,82.82490819090343,479.7642857142858,3.2759474875535517,485.50346584533384,477.8349999999999,470.166534154666,15.34,
20,486.9,2020-04-09 12:35:00+05:30,488.5,485.55,488.3,232019,80.22270994810799,481.2142857142858,-2.6021982427954384,486.98232698920134,478.4074999999999,469.8326730107985,17.15,2.0
21,486.55,2020-04-09 12:45:00+05:30,488.0,486.05,486.9,175260,79.36826060291219,482.5928571428572,-0.8544493451958033,488.0908325898495,478.7749999999998,469.4591674101501,18.63,1.0
22,486.7,2020-04-09 12:55:00+05:30,486.7,483.05,486.55,171996,79.4691865995401,483.8785714285715,0.10092599662790747,488.55715481181693,478.8924999999998,469.2278451881827,19.33,1.0
23,485.5,2020-04-09 13:05:00+05:30,487.5,485.15,486.7,127362,76.25543236858948,484.97142857142865,-3.213754230950613,489.2680093670409,479.16749999999985,469.0669906329588,20.2,1.0
24,486.45,2020-04-09 13:15:00+05:30,487.0,485.3,485.5,80699,77.04681038263834,486.03571428571433,0.7913780140488598,490.12884894718604,479.5149999999999,468.9011510528137,21.23,1.0
25,486.75,2020-04-09 13:25:00+05:30,487.25,485.25,486.45,167188,77.30405735543064,486.6928571428572,0.25724697279230213,491.00889725907024,480.03499999999985,469.06110274092947,21.95,1.0
26,485.85,2020-04-09 13:35:00+05:30,489.4,485.6,486.75,375181,74.60278600337436,486.3857142857143,-2.701271352056281,491.5843638275805,480.5699999999999,469.55563617241927,22.03,0.0
27,483.65,2020-04-09 13:45:00+05:30,485.7,483.05,485.7,268181,68.31832562215371,485.92142857142863,-6.284460381220654,491.8743643856232,480.8774999999999,469.88063561437656,21.99,-0.0
28,483.3,2020-04-09 13:55:00+05:30,484.0,480.4,483.55,284891,67.34634628539781,485.4571428571429,-0.9719793367558935,492.1022326510126,481.1449999999998,470.187767348987,21.91,-0.0
29,482.2,2020-04-09 14:05:00+05:30,483.95,480.5,483.2,194006,64.25236107139594,484.81428571428575,-3.0939852140018758,491.74940071176695,481.6499999999998,471.55059928823266,20.2,-2.0
30,480.1,2020-04-09 14:15:00+05:30,482.8,479.65,482.15,227955,58.70728528526064,484.04285714285714,-5.5450757861353,491.3641075060023,481.97999999999985,472.5958924939974,18.77,-1.0
31,479.5,2020-04-09 14:25:00+05:30,480.75,477.05,480.0,357382,57.188679320831184,483.05000000000007,-1.5186059644294545,490.9516357681697,482.2549999999998,473.55836423182996,17.39,-1.0
32,480.2,2020-04-09 14:35:00+05:30,480.4,478.25,479.5,186615,58.53625480921586,482.11428571428576,1.3475754883846776,490.2900482511661,482.5999999999999,474.9099517488337,15.38,-2.0
33,483.2,2020-04-09 14:45:00+05:30,484.95,480.2,480.35,391639,63.79593894618539,481.7357142857143,5.2596841369695255,490.1037236898882,482.92249999999996,475.7412763101117,14.36,-1.0
34,487.5,2020-04-09 14:55:00+05:30,488.5,483.45,483.45,507701,69.72410102182081,482.2857142857143,5.928162075635427,490.32000356848545,483.4525,476.5849964315145,13.74,-1.0
35,487.8,2020-04-09 15:05:00+05:30,488.3,486.05,487.5,591582,70.0920494202966,482.92857142857144,0.3679483984757894,490.5226612398527,483.95749999999987,477.392338760147,13.13,-1.0
36,490.0,2020-04-09 15:15:00+05:30,492.0,487.7,487.75,922271,72.71119972406704,484.04285714285714,2.6191503037704393,490.9978188140767,484.5649999999999,478.13218118592306,12.87,-0.0
37,490.0,2020-04-09 15:25:00+05:30,490.5,488.65,489.95,209748,72.71119972406704,485.4571428571429,0.0,491.4242330003444,485.1149999999999,478.8057669996554,12.62,-0.0
38,510.55,2020-04-13 09:15:00+05:30,517.0,491.0,491.0,2461496,85.99646076256657,489.8928571428572,13.285261038499527,499.4060241689578,486.53499999999985,473.6639758310419,25.74,13.0
39,498.3,2020-04-13 09:25:00+05:30,512.9,498.2,510.55,1594915,65.51951179464152,492.47857142857157,-20.476948967925054,500.95088978598517,487.04999999999984,473.1491102140145,27.8,2.0
40,498.7,2020-04-13 09:35:00+05:30,501.05,492.4,497.8,1392300,65.8058276197083,494.69285714285724,0.28631582506677944,502.48376885040364,487.6399999999999,472.7962311495961,29.69,2.0
41,500.05,2020-04-13 09:45:00+05:30,501.85,498.3,498.8,1089447,66.80760001972646,496.48571428571444,1.0017724000181687,504.14508794070736,488.3149999999999,472.4849120592924,31.66,2.0
42,495.0,2020-04-13 09:55:00+05:30,500.5,494.1,500.0,1342533,59.75522868877877,497.51428571428585,-7.052371330947693,504.8149521047011,488.72999999999985,472.6450478952986,32.17,1.0
43,498.3,2020-04-13 10:05:00+05:30,498.95,494.25,495.0,553847,62.53817886913317,498.70000000000016,2.7829501803543977,505.92553334116803,489.3699999999998,472.8144666588315,33.11,1.0
44,498.2,2020-04-13 10:15:00+05:30,500.2,497.1,498.15,367983,62.397369034139395,499.8714285714287,-0.14080983499377453,506.9060063772904,489.9574999999998,473.0089936227092,33.9,1.0
45,499.55,2020-04-13 10:25:00+05:30,500.2,498.25,498.4,357252,63.589257843846426,498.3000000000001,1.1918888097070308,507.99672790180495,490.59749999999974,473.19827209819454,34.8,1.0
46,500.5,2020-04-13 10:35:00+05:30,502.95,499.55,499.7,556268,64.44336562018587,498.6142857142858,0.8541077763394469,509.11687866466684,491.32999999999976,473.54312133533267,35.57,1.0
47,499.15,2020-04-13 10:45:00+05:30,500.95,496.2,500.95,342186,62.21010739379505,498.67857142857156,-2.2332582263908236,509.83353483422763,492.10499999999973,474.37646516577183,35.46,-0.0
48,497.95,2020-04-13 10:55:00+05:30,500.4,496.5,499.2,290855,60.212636171936055,498.3785714285715,-1.9974712218589943,510.24188163222135,492.8374999999998,475.43311836777826,34.81,-1.0
49,498.2,2020-04-13 11:05:00+05:30,498.7,497.15,497.95,268000,60.49720729362773,498.83571428571435,0.28457112169167686,510.44372926492645,493.6374999999998,476.8312707350732,33.61,-1.0
50,499.75,2020-04-13 11:15:00+05:30,500.2,498.15,498.25,315918,62.29769411119385,499.04285714285714,1.8004868175661173,510.35749796204175,494.6199999999998,478.8825020379578,31.47,-2.0
51,500.3,2020-04-13 11:25:00+05:30,501.2,498.5,499.65,395557,62.94312042442487,499.3428571428572,0.6454263132310203,509.8648397979075,495.65999999999974,481.455160202092,28.41,-3.0
52,506.65,2020-04-13 11:35:00+05:30,506.9,500.1,500.35,954061,69.4464547880988,500.35714285714295,6.503334363673936,510.0025766025723,496.98249999999973,483.9624233974272,26.04,-2.0
53,504.5,2020-04-13 11:45:00+05:30,508.5,503.65,506.65,718056,65.26979678122088,500.9285714285715,-4.176658006877929,509.7373730351939,498.0474999999997,486.35762696480543,23.38,-3.0
54,503.7,2020-04-13 11:55:00+05:30,505.45,502.1,504.5,388795,63.733818808654625,501.5785714285715,-1.5359779725662506,509.68321378466004,498.85749999999973,488.0317862153394,21.65,-2.0
55,506.55,2020-04-13 12:05:00+05:30,507.0,503.3,503.6,279505,66.73695030011643,502.80714285714294,3.003131491461808,509.80562067585225,499.79499999999973,489.7843793241472,20.02,-2.0
56,510.5,2020-04-13 12:15:00+05:30,515.1,506.2,506.55,1056498,70.3959364673397,504.5642857142858,3.6589861672232615,510.8058004449482,500.8199999999997,490.8341995550512,19.97,-0.0
57,516.05,2020-04-13 12:25:00+05:30,516.8,509.7,510.45,669769,74.62033730172163,506.8928571428573,4.224400834381939,512.9279798475983,502.12249999999966,491.317020152401,21.61,2.0
58,515.75,2020-04-13 12:35:00+05:30,520.6,514.5,516.65,1235575,74.0055975227856,509.1000000000001,-0.6147397789360269,514.2407538432325,502.3824999999997,490.52424615676694,23.72,2.0
59,515.8,2020-04-13 12:45:00+05:30,517.3,512.95,515.5,465099,74.04397758569797,510.40714285714296,0.03838006291236695,516.3642389255745,503.2574999999997,490.15076107442496,26.21,2.0
60,516.4,2020-04-13 12:55:00+05:30,516.5,514.5,515.75,237002,74.52996092849017,512.107142857143,0.48598334279219557,518.3015690669307,504.14249999999964,489.9834309330686,28.32,2.0
61,514.5,2020-04-13 13:05:00+05:30,519.0,514.5,516.2,755315,70.05674141966236,513.6500000000002,-4.47321950882781,519.6074592678145,504.86499999999967,490.12254073218486,29.48,1.0
62,514.4,2020-04-13 13:15:00+05:30,516.45,512.95,513.55,962204,69.81922402714247,514.7714285714286,-0.2375173925198908,520.3962716333073,505.8349999999997,491.27372836669207,29.12,-0.0
63,511.15,2020-04-13 13:25:00+05:30,514.9,510.85,513.85,630747,62.41312588882923,514.8642857142858,-7.40609813831324,520.7703938913534,506.4774999999997,492.184606108646,28.59,-1.0
64,514.1,2020-04-13 13:35:00+05:30,514.75,510.5,511.0,270602,65.94436234612121,514.5857142857143,3.531236457291982,521.3945795769944,507.2724999999997,493.150420423005,28.24,-0.0
65,515.8,2020-04-13 13:45:00+05:30,516.0,514.05,514.45,249050,67.82056846008882,514.5928571428573,1.876206113967612,522.2061711158892,508.0849999999997,493.9638288841101,28.24,0.0
66,514.0,2020-04-13 13:55:00+05:30,518.5,513.2,515.8,431041,63.811888410823556,514.3357142857143,-4.008680049265266,522.643181798209,508.75999999999965,494.8768182017904,27.77,-0.0
67,510.4,2020-04-13 14:05:00+05:30,515.7,508.2,513.9,507117,56.60556457579659,513.4785714285714,-7.206323835026964,522.4577268427515,509.32249999999965,496.1872731572478,26.27,-2.0
68,510.3,2020-04-13 14:15:00+05:30,512.2,509.0,510.0,472991,56.41497954138049,512.8785714285714,-0.19058503441610242,521.9359028093154,509.9399999999996,497.9440971906838,23.99,-2.0
69,511.1,2020-04-13 14:25:00+05:30,512.25,509.4,510.3,342629,57.643615498011954,512.4071428571428,1.2286359566314644,521.2347393098815,510.5849999999996,499.9352606901176,21.3,-3.0
70,511.3,2020-04-13 14:35:00+05:30,511.75,509.6,511.0,304756,57.962656078432055,512.4285714285713,0.31904058042010064,520.5115711612954,511.16249999999957,501.8134288387038,18.7,-3.0
71,511.5,2020-04-13 14:45:00+05:30,512.7,511.0,511.3,289646,58.30090649644145,512.0571428571428,0.3382504180093946,519.5498794095515,511.72249999999957,503.8951205904476,15.65,-3.0
72,514.45,2020-04-13 14:55:00+05:30,514.8,511.0,511.5,403703,63.02663488866823,511.86428571428576,4.725728392226777,519.6475322180024,512.1124999999996,504.57746778199675,15.07,-1.0
73,512.9,2020-04-13 15:05:00+05:30,514.3,512.0,514.3,351709,59.22852581868794,511.7071428571429,-3.798109069980285,519.1630731275675,512.5324999999996,505.9019268724317,13.26,-2.0
74,510.25,2020-04-13 15:15:00+05:30,513.3,510.0,512.8,502009,53.31322143765125,511.6857142857143,-5.915304381036691,518.1690389654685,512.8599999999996,507.55096103453064,10.62,-3.0
75,510.5,2020-04-13 15:25:00+05:30,511.0,510.0,510.3,132334,53.78217997729102,511.7142857142857,0.46895853963977174,517.6195026765747,513.0574999999997,508.49549732342456,9.12,-2.0
76,516.8,2020-04-15 09:15:00+05:30,533.95,516.5,533.95,1884697,63.682365234618246,512.5285714285715,9.900185257327223,518.0592646791702,513.3724999999996,508.68573532082905,9.37,0.0
77,517.0,2020-04-15 09:25:00+05:30,518.55,513.35,516.45,1202677,63.94639729371521,513.3428571428573,0.26403205909696226,518.2384295323183,513.4199999999996,508.601570467681,9.64,0.0
78,520.5,2020-04-15 09:35:00+05:30,520.8,515.5,516.9,961559,68.2909499865572,514.6285714285715,4.344552692841987,519.3487005023471,513.6574999999996,507.9662994976521,11.38,2.0
79,523.05,2020-04-15 09:45:00+05:30,524.2,517.9,520.7,1515761,71.03001009863496,515.857142857143,2.739060112077766,521.0515379765603,514.0199999999996,506.9884620234389,14.06,3.0
80,528.4,2020-04-15 09:55:00+05:30,529.55,520.4,523.1,1387753,75.76081128797715,518.0714285714287,4.730801189342188,524.1209362419555,514.6199999999997,505.11906375804375,19.0,5.0
81,528.3,2020-04-15 10:05:00+05:30,529.35,525.95,528.75,821820,75.51259136924628,520.65,-0.24821991873086802,526.6086072732796,515.3099999999996,504.0113927267196,22.6,4.0
82,529.4,2020-04-15 10:15:00+05:30,529.8,527.65,528.5,607611,76.42749452624938,523.35,0.9149031570030957,528.9794101217801,516.0599999999996,503.1405898782191,25.84,3.0
83,531.15,2020-04-15 10:25:00+05:30,532.1,528.15,529.65,739332,77.84564236289016,525.3999999999999,1.4181478366407845,531.3974959275914,517.0599999999996,502.7225040724078,28.67,3.0
84,530.1,2020-04-15 10:35:00+05:30,531.65,528.15,531.15,433483,74.9327569099651,527.2714285714285,-2.9128854529250674,533.2490460016896,517.8599999999996,502.4709539983095,30.78,2.0
85,528.15,2020-04-15 10:45:00+05:30,531.75,528.0,530.65,445770,69.71543048930174,528.3642857142856,-5.217326420663355,534.4967146137731,518.4774999999996,502.4582853862261,32.04,1.0
86,530.05,2020-04-15 10:55:00+05:30,530.45,528.0,528.15,584011,71.77737677950782,529.3642857142856,2.0619462902060803,535.9496509608903,519.2799999999995,502.6103490391088,33.34,1.0
87,530.0,2020-04-15 11:05:00+05:30,530.15,529.1,530.05,292018,71.6391451506533,529.592857142857,-0.13823162885451268,537.0357531794211,520.2599999999995,503.48424682057794,33.55,0.0
88,531.3,2020-04-15 11:15:00+05:30,531.9,529.65,530.1,325279,73.09021431584378,530.0214285714284,1.451069165190475,538.0897057875222,521.3099999999996,504.5302942124769,33.56,0.0
89,529.2,2020-04-15 11:25:00+05:30,531.5,528.25,531.4,379091,67.11631970940134,529.9928571428569,-5.9738946064424425,538.6244356681572,522.2149999999996,505.805564331842,32.82,-1.0
90,529.1,2020-04-15 11:35:00+05:30,530.1,527.65,529.35,284240,66.83617957872261,529.6999999999997,-0.2801401306787312,538.9426932132118,523.1049999999997,507.2673067867876,31.68,-1.0
91,527.7,2020-04-15 11:45:00+05:30,529.15,527.45,529.15,423836,62.879173337403024,529.3571428571427,-3.957006241319583,538.88704763973,523.9149999999997,508.94295236026943,29.94,-2.0
92,528.6,2020-04-15 11:55:00+05:30,529.4,527.55,527.6,356751,64.34076577644751,529.4214285714284,1.4615924390444874,539.03829816875,524.6224999999997,510.20670183124946,28.83,-1.0
93,529.1,2020-04-15 12:05:00+05:30,529.1,528.2,528.7,254490,65.16145888600269,529.285714285714,0.8206931095551795,538.8617012930201,525.4324999999997,512.0032987069792,26.86,-2.0
94,531.45,2020-04-15 12:15:00+05:30,531.5,529.0,529.1,386162,68.79638979180781,529.4928571428569,3.6349309058051205,538.0988628193666,526.4924999999997,514.8861371806329,23.21,-4.0
95,532.2,2020-04-15 12:25:00+05:30,532.8,530.9,531.5,728164,69.87662400174514,529.6214285714283,1.0802342099373305,536.6750112270532,527.5774999999998,518.4799887729463,18.2,-5.0
96,535.15,2020-04-15 12:35:00+05:30,535.95,532.1,532.2,983669,73.72904993418867,530.4714285714282,3.8524259324435235,536.6705025598009,528.4949999999998,520.3194974401987,16.35,-2.0
97,530.3,2020-04-15 12:45:00+05:30,535.2,530.2,535.15,426363,60.11677440375805,530.6428571428568,-13.612275530430615,535.3118161631597,529.1599999999997,523.0081838368397,12.3,-4.0
98,528.55,2020-04-15 12:55:00+05:30,530.75,528.05,530.5,860872,56.092583888520956,530.7642857142854,-4.024190515237095,534.1941843588539,529.5624999999998,524.9308156411456,9.26,-3.0
99,523.7,2020-04-15 13:05:00+05:30,528.6,523.5,528.5,1158824,46.75204651463819,530.0642857142853,-9.340537373882768,534.0396182714604,529.5949999999998,525.1503817285392,8.89,-0.0
100,524.95,2020-04-15 13:15:00+05:30,525.5,522.45,523.95,401382,49.10438462113803,529.4714285714283,2.352338106499843,534.3082984317655,529.4224999999999,524.5367015682343,9.77,1.0
101,525.95,2020-04-15 13:25:00+05:30,526.45,523.65,524.9,367985,50.97046053515387,528.6857142857141,1.8660759140158376,534.4124661551858,529.305,524.1975338448141,10.21,0.0
102,525.4,2020-04-15 13:35:00+05:30,526.95,525.0,526.0,281082,49.88707178060721,527.7142857142854,-1.083388754546661,534.5018704381677,529.1049999999999,523.7081295618322,10.79,1.0
103,521.75,2020-04-15 13:45:00+05:30,525.3,521.4,525.3,412385,43.3082087383421,525.7999999999997,-6.578863042265105,534.8562792727481,528.635,522.4137207272519,12.44,2.0
104,516.25,2020-04-15 13:55:00+05:30,522.0,515.6,521.85,599945,35.67392588634738,523.7928571428569,-7.634282851994726,536.2205162256199,527.9424999999999,519.6644837743798,16.56,4.0
105,511.15,2020-04-15 14:05:00+05:30,518.0,509.15,516.0,942492,30.334160502538097,521.3071428571426,-5.339765383809279,538.2656951327152,527.0925,515.9193048672847,22.35,6.0
106,509.5,2020-04-15 14:15:00+05:30,511.5,505.1,511.0,1052909,28.83059179526434,519.2785714285711,-1.5035687072737574,539.618989507853,526.0649999999999,512.5110104921469,27.11,5.0
107,515.35,2020-04-15 14:25:00+05:30,516.4,509.25,509.55,684637,40.15632131876586,517.9071428571426,11.325729523501522,539.5579136929962,525.3325,511.1070863070038,28.45,1.0
108,515.0,2020-04-15 14:35:00+05:30,517.3,513.5,515.15,516028,39.74875970367713,516.3428571428569,-0.40756161508873134,539.1648376420441,524.5175,509.8701623579561,29.29,1.0
109,510.55,2020-04-15 14:45:00+05:30,515.6,509.0,515.4,413533,34.89891405242288,514.2214285714284,-4.849845651254249,539.3120166475277,523.5849999999999,507.85798335247216,31.45,2.0
110,509.1,2020-04-15 14:55:00+05:30,511.85,508.0,510.55,595476,33.46606114177378,512.4142857142855,-1.4328529106491033,539.3449805300738,522.5849999999999,505.8250194699261,33.52,2.0
111,510.6,2020-04-15 15:05:00+05:30,511.6,508.85,509.15,733385,36.37622261588843,511.6071428571427,2.910161474114652,539.123991703127,521.7299999999999,504.3360082968729,34.79,1.0
112,510.4,2020-04-15 15:15:00+05:30,513.1,510.0,510.6,972911,36.14918605719538,511.4999999999999,-0.22703655869305095,538.60069325509,520.8199999999999,503.0393067449098,35.56,1.0
113,510.5,2020-04-15 15:25:00+05:30,510.85,510.0,510.4,276692,36.363052292672116,511.642857142857,0.21386623547673622,537.7925020303696,519.8899999999999,501.98749796963006,35.81,0.0
114,502.05,2020-04-16 09:15:00+05:30,504.7,497.7,500.0,1345180,27.868645719531486,509.7428571428571,-8.49440657314063,537.1355269059794,518.4199999999998,499.7044730940203,37.43,2.0
115,502.15,2020-04-16 09:25:00+05:30,504.45,499.3,502.05,539134,28.08275413396285,507.9071428571428,0.2141084144313652,535.799189124931,516.9174999999998,498.0358108750686,37.76,0.0
116,508.7,2020-04-16 09:35:00+05:30,509.5,501.3,502.1,793718,40.53379968476314,507.642857142857,12.451045550800288,532.7235203834518,515.5949999999998,498.46647961654776,34.26,-4.0
117,502.9,2020-04-16 09:45:00+05:30,509.1,501.65,509.1,474987,34.790008004859715,506.75714285714275,-5.743791679903424,530.7745905498724,514.2249999999998,497.6754094501272,33.1,-1.0
118,505.75,2020-04-16 09:55:00+05:30,507.45,502.8,502.85,404271,39.33877887936383,506.06428571428563,4.548770874504115,528.5878045001033,513.0849999999998,497.5821954998963,31.01,-2.0
119,509.85,2020-04-16 10:05:00+05:30,512.15,505.75,505.75,825022,45.25504496381088,505.98571428571415,5.916266084447052,527.11660394021,512.3924999999998,497.66839605978964,29.45,-2.0
120,508.7,2020-04-16 10:15:00+05:30,511.95,508.45,509.85,431168,43.959976672966654,505.7285714285713,-1.2950682908442275,525.1333021806496,511.5799999999998,498.02669781935003,27.11,-2.0
121,507.95,2020-04-16 10:25:00+05:30,509.4,506.4,508.65,361362,43.09383502795853,506.5714285714284,-0.8661416450081276,522.4945049120049,510.67999999999984,498.8654950879947,23.63,-3.0
122,506.4,2020-04-16 10:35:00+05:30,508.0,505.3,507.75,267463,41.28348346674112,507.1785714285712,-1.8103515612174093,519.4265213512779,509.72999999999985,500.0334786487218,19.39,-4.0
123,507.95,2020-04-16 10:45:00+05:30,508.05,505.6,506.4,165859,43.824902590885046,507.0714285714284,2.5414191241439283,516.9310075402319,509.03999999999985,501.1489924597677,15.78,-4.0
124,508.25,2020-04-16 10:55:00+05:30,509.65,507.05,508.05,269186,44.32716833883133,507.83571428571406,0.5022657479462822,515.7661268730302,508.6399999999999,501.5138731269695,14.25,-2.0
125,508.5,2020-04-16 11:05:00+05:30,509.5,506.55,508.2,364236,44.770333474456045,508.22857142857123,0.44316513562471727,515.5349855127262,508.5074999999999,501.4800144872736,14.05,-0.0
126,510.15,2020-04-16 11:15:00+05:30,510.85,508.65,508.65,457984,47.727811829287226,508.2714285714284,2.9574783548311814,515.5927784745109,508.53999999999985,501.48722152548885,14.11,0.0
127,510.85,2020-04-16 11:25:00+05:30,511.95,509.8,510.15,619942,48.9761188786665,508.57857142857125,1.248307049379271,514.7094136803765,508.3149999999999,501.9205863196232,12.79,-1.0
128,510.1,2020-04-16 11:35:00+05:30,512.75,509.65,510.85,399690,47.66277641533838,508.88571428571413,-1.3133424633281194,513.7178593988758,508.0699999999999,502.4221406011239,11.3,-1.0
129,509.7,2020-04-16 11:45:00+05:30,510.1,507.5,510.1,304090,46.939809614061566,509.35714285714266,-0.7229668012768116,513.6091876338705,508.0275,502.4458123661294,11.16,-0.0
130,510.65,2020-04-16 11:55:00+05:30,511.0,509.3,509.6,222167,48.92145452798947,509.74285714285696,1.9816449139279015,513.7914474156123,508.1049999999999,502.41855258438756,11.37,0.0
131,511.2,2020-04-16 12:05:00+05:30,511.5,510.0,510.6,219067,50.083766230780974,510.16428571428554,1.1623117027915058,513.8828691703967,508.13499999999993,502.3871308296031,11.5,0.0
132,510.1,2020-04-16 12:15:00+05:30,512.45,508.65,511.2,568701,47.7437683597227,510.39285714285694,-2.339997871058273,513.8444995184593,508.12,502.39550048154075,11.45,-0.0
133,510.0,2020-04-16 12:25:00+05:30,510.8,509.35,510.1,280847,47.526375549755066,510.37142857142834,-0.21739280996763455,513.7799663240218,508.09499999999997,502.41003367597824,11.37,-0.0
134,505.65,2020-04-16 12:35:00+05:30,510.05,504.2,510.05,549527,39.1709824623827,509.62857142857126,-8.355393087372363,513.3492383405631,508.275,503.20076165943686,10.15,-1.0
135,505.8,2020-04-16 12:45:00+05:30,506.0,502.9,505.25,355692,39.5655338423474,509.01428571428556,0.394551379964696,512.8163114024472,508.4575,504.0986885975527,8.72,-1.0
136,506.9,2020-04-16 12:55:00+05:30,507.75,505.0,505.75,263375,42.51041676977046,508.6142857142856,2.944882927423059,512.7792397212913,508.36749999999995,503.9557602787086,8.82,0.0
137,506.35,2020-04-16 13:05:00+05:30,507.6,505.5,506.9,177741,41.42352796360236,507.9999999999999,-1.0868888061680977,512.2684962398432,508.53999999999996,504.8115037601567,7.46,-1.0
138,506.1,2020-04-16 13:15:00+05:30,506.8,504.45,506.4,156529,40.911495949212956,507.27142857142843,-0.5120320143894048,512.233778868066,508.5575,504.881221131934,7.35,-0.0
139,507.15,2020-04-16 13:25:00+05:30,507.4,505.9,506.15,162104,44.040170488905865,506.8499999999999,3.128674539692909,512.0972323568847,508.42249999999996,504.74776764311525,7.35,0.0
140,507.1,2020-04-16 13:35:00+05:30,508.6,506.1,507.2,873499,43.920910677556826,506.4357142857142,-0.11925981134903907,512.0611974233344,508.3424999999999,504.62380257666547,7.44,0.0
141,507.05,2020-04-16 13:45:00+05:30,507.75,506.15,507.1,175371,43.79319727857835,506.6357142857142,-0.12771339897847866,512.0577456526693,508.29749999999984,504.5372543473304,7.52,0.0
142,508.0,2020-04-16 13:55:00+05:30,508.45,506.8,507.05,292404,46.949597702001874,506.9499999999999,3.156400423423527,512.0344292553924,508.3774999999999,504.7205707446073,7.31,-0.0
143,507.0,2020-04-16 14:05:00+05:30,508.4,507.0,508.05,178023,44.13968079335991,506.9642857142856,-2.8099169086419664,512.0346769871264,508.3299999999998,504.62532301287314,7.41,0.0
144,507.35,2020-04-16 14:15:00+05:30,508.3,506.75,507.0,253750,45.37201779715035,507.1071428571427,1.232337003790441,512.0155425032317,508.28499999999985,504.554457496768,7.46,0.0
145,507.1,2020-04-16 14:25:00+05:30,508.65,506.65,507.35,353939,44.614901383644586,507.2499999999999,-0.7571164135057629,511.9809275784742,508.21499999999986,504.4490724215255,7.53,0.0
146,505.7,2020-04-16 14:35:00+05:30,507.5,505.4,507.1,347582,40.535616291527276,507.042857142857,-4.07928509211731,511.80263537540924,507.99249999999995,504.18236462459066,7.62,0.0
147,506.6,2020-04-16 14:45:00+05:30,506.9,505.65,505.8,182476,44.07562566559379,506.9714285714284,3.540009374066514,511.38779857064003,507.7799999999999,504.1722014293598,7.22,-0.0
148,500.7,2020-04-16 14:55:00+05:30,506.65,499.4,506.55,834387,31.032991393721304,506.0642857142855,-13.042634271872487,511.94744485000496,507.30999999999995,502.67255514999493,9.27,2.0
149,500.15,2020-04-16 15:05:00+05:30,501.25,499.45,500.7,926319,30.137684209126533,504.94285714285695,-0.8953071845947704,512.3221337716975,506.83249999999987,501.3428662283023,10.98,2.0
150,500.0,2020-04-16 15:15:00+05:30,500.55,499.15,500.15,1181712,29.884458918320547,503.94285714285695,-0.253225290805986,512.2751238701093,506.2999999999999,500.3248761298906,11.95,1.0
151,500.0,2020-04-16 15:25:00+05:30,500.5,499.35,500.0,442192,29.884458918320547,502.89285714285694,0.0,511.87862662507627,505.7399999999999,499.6013733749235,12.28,0.0
152,509.9,2020-04-17 09:15:00+05:30,512.0,505.75,511.0,1261211,57.3285135268163,503.292857142857,27.444054608495755,511.83930265638867,505.72999999999985,499.620697343611,12.22,-0.0
153,507.15,2020-04-17 09:25:00+05:30,510.35,506.95,509.9,460798,51.31955694580199,503.4999999999999,-6.00895658101431,511.40334722524216,505.5874999999998,499.77165277475746,11.63,-1.0
154,504.35,2020-04-17 09:35:00+05:30,507.2,504.05,507.15,353209,46.02934359292877,503.1785714285713,-5.290213352873224,511.36440623179124,505.52249999999987,499.6805937682085,11.68,0.0
155,504.5,2020-04-17 09:45:00+05:30,505.05,504.0,504.0,251873,46.348417095510115,503.7214285714285,0.3190735025813467,511.3153130461973,505.45749999999987,499.59968695380246,11.72,0.0
156,503.05,2020-04-17 09:55:00+05:30,504.5,501.5,504.5,316817,43.66127355673976,504.1357142857142,-2.687143538770357,511.17601558644077,505.2649999999999,499.353984413559,11.82,0.0
157,501.8,2020-04-17 10:05:00+05:30,503.1,501.25,503.1,321266,41.43124396336911,504.39285714285705,-2.230029593370645,511.12042476397636,505.0374999999998,498.95457523602323,12.17,0.0
158,501.9,2020-04-17 10:15:00+05:30,503.3,501.5,501.6,310088,41.687838871786084,504.66428571428565,0.25659490841697163,511.04449495864156,504.82749999999976,498.61050504135795,12.43,0.0
159,499.65,2020-04-17 10:25:00+05:30,502.05,498.35,501.85,440523,37.68708542523821,503.19999999999993,-4.000753446547876,510.97682492978834,504.45249999999976,497.9281750702112,13.05,1.0
160,501.2,2020-04-17 10:35:00+05:30,501.9,498.5,499.55,315703,41.82874770951958,502.3499999999999,4.141662284281374,510.7112674982437,504.1574999999998,497.60373250175587,13.11,0.0
161,501.4,2020-04-17 10:45:00+05:30,503.3,500.65,501.2,509603,42.36109533115995,501.9285714285714,0.5323476216403691,510.3907703426285,503.87499999999983,497.35922965737115,13.03,-0.0
162,504.85,2020-04-17 10:55:00+05:30,504.85,501.25,501.6,395846,50.73617284864807,501.97857142857134,8.375077517488116,509.95999233289865,503.71749999999986,497.47500766710107,12.48,-1.0
163,505.9,2020-04-17 11:05:00+05:30,507.0,504.35,504.9,452935,52.97567052046107,502.3857142857142,2.2394976718130053,509.80175033997017,503.6624999999998,497.5232496600294,12.28,-0.0
164,504.8,2020-04-17 11:15:00+05:30,506.9,504.5,505.9,267531,50.39123591762707,502.81428571428563,-2.5844346028340013,509.4537569818761,503.53499999999974,497.6162430181234,11.84,-0.0
165,505.2,2020-04-17 11:25:00+05:30,505.45,502.1,504.85,353560,51.32123101976364,503.28571428571416,0.9299951021365658,509.1759989723244,503.43999999999977,497.70400102767513,11.47,-0.0
166,505.0,2020-04-17 11:35:00+05:30,505.3,504.05,505.2,182234,50.808355371494166,504.04999999999984,-0.5128756482694712,509.0912623002592,503.40499999999975,497.7187376997403,11.37,-0.0
167,502.35,2020-04-17 11:45:00+05:30,505.1,500.55,505.05,313491,44.46736657145712,504.2142857142856,-6.340988800037046,508.6905642526525,503.19249999999977,497.69443574734703,11.0,-0.0
168,501.4,2020-04-17 11:55:00+05:30,502.6,499.1,502.4,318649,42.42332839740611,504.2142857142856,-2.0440381740510105,508.66736019557004,503.2274999999997,497.7876398044293,10.88,-0.0
169,503.4,2020-04-17 12:05:00+05:30,504.55,501.0,501.25,312464,47.857467893609815,504.00714285714275,5.434139496203706,508.6334018688133,503.3899999999997,498.1465981311861,10.49,-0.0
170,502.75,2020-04-17 12:15:00+05:30,504.8,502.1,503.4,292325,46.32712885561928,503.55714285714276,-1.5303390379905366,508.5355435301603,503.5274999999997,498.5194564698391,10.02,-0.0
171,502.35,2020-04-17 12:25:00+05:30,503.25,501.6,502.8,242334,45.3657439576365,503.2071428571427,-0.9613848979827821,508.4088882836322,503.6449999999997,498.8811117163672,9.53,-0.0
172,502.7,2020-04-17 12:35:00+05:30,503.55,502.3,502.3,171324,46.41361800016395,502.84999999999985,1.0478740425274538,507.04001068748664,503.28499999999974,499.52998931251284,7.51,-2.0
173,504.9,2020-04-17 12:45:00+05:30,505.15,502.75,503.05,308327,52.57139201947743,502.8357142857141,6.157774019313479,506.5564365117819,503.1724999999998,499.7885634882177,6.77,-1.0
174,503.85,2020-04-17 12:55:00+05:30,505.5,503.8,504.65,237809,49.63949974595398,503.04999999999984,-2.9318922735234523,506.5020687619914,503.14749999999975,499.7929312380081,6.71,-0.0
175,504.0,2020-04-17 13:05:00+05:30,505.3,503.0,503.85,1114679,50.06791495204686,503.4214285714284,0.4284152060928861,506.44189674290726,503.1224999999998,499.8031032570923,6.64,-0.0
176,501.8,2020-04-17 13:15:00+05:30,504.0,501.0,503.85,544408,44.13733633947821,503.192857142857,-5.930578612568652,506.43180257897166,503.0599999999998,499.6881974210279,6.74,0.0
177,501.9,2020-04-17 13:25:00+05:30,503.65,501.6,501.6,191096,44.45937670654244,503.07142857142844,0.32204036706423267,506.42922353597095,503.06499999999977,499.7007764640286,6.73,-0.0
178,502.0,2020-04-17 13:35:00+05:30,502.5,500.9,501.9,425335,44.80206258331023,503.02142857142843,0.3426858767677885,506.42722316333044,503.0699999999998,499.7127768366692,6.71,-0.0
179,502.5,2020-04-17 13:45:00+05:30,503.0,501.8,502.0,405821,46.576942140702265,502.9928571428571,1.7748795573920333,506.17753749865034,503.2124999999998,500.2474625013493,5.93,-1.0
180,503.4,2020-04-17 13:55:00+05:30,503.4,502.3,502.5,313491,49.711470222447765,502.77857142857135,3.1345280817455006,506.1323464089852,503.32249999999976,500.5126535910143,5.62,-0.0
181,504.65,2020-04-17 14:05:00+05:30,505.1,502.95,503.4,1285078,53.76871812658621,502.89285714285705,4.057247904138443,506.2010536387199,503.4849999999998,500.7689463612797,5.43,-0.0
182,503.4,2020-04-17 14:15:00+05:30,504.7,503.1,504.3,449996,49.470453218164735,502.8071428571428,-4.298264908421473,506.0514541389252,503.41249999999974,500.7735458610743,5.28,-0.0
183,504.05,2020-04-17 14:25:00+05:30,504.15,503.1,503.45,310846,51.63555220096382,503.1285714285714,2.165098982799087,505.70975885151677,503.3199999999997,500.93024114848265,4.78,-0.0
184,503.9,2020-04-17 14:35:00+05:30,505.5,503.5,504.05,328865,51.09149625582556,503.41428571428565,-0.5440559451382612,505.5798004822847,503.27499999999975,500.9701995177148,4.61,-0.0
185,504.95,2020-04-17 14:45:00+05:30,506.0,503.9,503.95,319248,54.690380461427964,503.83571428571423,3.5988842056024026,505.5256777844863,503.2624999999997,500.99932221551313,4.53,-0.0
186,503.7,2020-04-17 14:55:00+05:30,505.0,502.6,504.75,454870,49.97574447848562,504.00714285714275,-4.71463598294234,505.32092201472375,503.19749999999976,501.0740779852758,4.25,-0.0
187,503.25,2020-04-17 15:05:00+05:30,504.25,502.55,503.65,504235,48.359503047586436,503.98571428571415,-1.616241430899187,505.3281085821353,503.2424999999997,501.15689141786413,4.17,-0.0
188,502.6,2020-04-17 15:15:00+05:30,503.5,500.4,503.3,798441,46.043186746342364,503.692857142857,-2.316316301244072,505.22780927111876,503.3024999999998,501.3771907288808,3.85,-0.0
189,502.0,2020-04-17 15:25:00+05:30,503.0,501.25,502.6,270487,43.950508243655676,503.49285714285696,-2.092678502686688,505.2428089576593,503.2324999999998,501.2221910423403,4.02,0.0
190,497.6,2020-04-20 09:15:00+05:30,507.7,494.95,507.7,908850,32.34173039345373,502.5714285714284,-11.608777850201946,506.1986788399496,502.9749999999998,499.75132116005,6.45,2.0
191,495.5,2020-04-20 09:25:00+05:30,500.45,495.25,497.25,408462,28.47583288464226,501.37142857142834,-3.8658975088114715,507.2778457182523,502.6324999999998,497.98715428174734,9.29,3.0
192,492.4,2020-04-20 09:35:00+05:30,495.95,489.1,495.45,783026,23.928738494220198,499.57857142857125,-4.54709439042206,508.63704753031044,502.1174999999997,495.597952469689,13.04,4.0
193,493.05,2020-04-20 09:45:00+05:30,495.05,491.05,492.45,307923,26.576206374621094,498.05714285714276,2.647467880400896,509.05532465924676,501.52499999999975,493.99467534075274,15.06,2.0
194,491.15,2020-04-20 09:55:00+05:30,493.1,490.2,493.0,317032,23.952115415656763,496.3285714285713,-2.624090958964331,509.63820883922585,500.8899999999997,492.14179116077355,17.5,2.0
195,488.85,2020-04-20 10:05:00+05:30,491.35,487.1,491.15,450744,21.220606580377336,494.3642857142856,-2.7315088352794277,510.2615242165234,500.1324999999997,490.003475783476,20.26,3.0
196,492.35,2020-04-20 10:15:00+05:30,492.6,487.25,488.85,335203,33.62530388856929,492.98571428571415,12.404697308191956,510.32877391465746,499.65999999999974,488.991226085342,21.34,1.0
197,492.25,2020-04-20 10:25:00+05:30,494.15,491.05,492.45,482056,33.463176145401945,492.2214285714285,-0.16212774316734624,510.2836137738573,499.1774999999998,488.07138622614224,22.21,1.0
198,492.85,2020-04-20 10:35:00+05:30,493.5,492.2,492.6,186842,35.473496122016456,491.84285714285704,2.010319976614511,510.0873308444104,498.7199999999998,487.3526691555892,22.73,1.0
199,492.75,2020-04-20 10:45:00+05:30,493.2,492.1,492.75,194284,35.2821622991857,491.892857142857,-0.19133382283075662,509.75251804640254,498.2324999999998,486.71248195359703,23.04,0.0
200,492.85,2020-04-20 10:55:00+05:30,493.1,490.05,492.75,187621,35.655912201275925,491.86428571428553,0.37374990209022485,509.194853647548,497.7049999999998,486.21514635245165,22.98,-0.0
201,491.8,2020-04-20 11:05:00+05:30,493.15,491.5,492.8,207866,33.470216996510274,491.9571428571427,-2.1856952047656506,508.35254568542183,497.06249999999983,485.77245431457783,22.58,-0.0
202,490.2,2020-04-20 11:15:00+05:30,492.1,490.0,491.75,278569,30.411039473517974,492.1499999999998,-3.0591775229923,507.67591889952536,496.40249999999986,485.12908110047437,22.55,-0.0
203,490.1,2020-04-20 11:25:00+05:30,491.75,490.0,490.1,213522,30.2250970205273,491.82857142857125,-0.18594245299067325,506.70915710920997,495.7049999999999,484.7008428907899,22.01,-1.0
204,489.4,2020-04-20 11:35:00+05:30,490.7,487.15,490.1,395789,28.89333188696328,491.4214285714284,-1.3317651335640193,505.6152640825335,494.9799999999999,484.3447359174663,21.27,-1.0
205,490.85,2020-04-20 11:45:00+05:30,491.6,489.25,489.35,186091,35.25699840487762,491.13571428571413,6.363666517914339,503.95387009499314,494.2749999999999,484.5961299050067,19.36,-2.0
206,490.05,2020-04-20 11:55:00+05:30,491.45,489.45,490.9,132136,33.47688063485451,490.7499999999999,-1.7801177700231108,502.35469601169297,493.59249999999986,484.83030398830675,17.52,-2.0
207,490.65,2020-04-20 12:05:00+05:30,491.85,490.0,490.0,125784,36.08341185252113,490.4357142857142,2.606531217666621,500.53168093322904,492.9624999999998,485.3933190667706,15.14,-2.0
208,490.95,2020-04-20 12:15:00+05:30,491.0,489.55,490.6,122964,37.404072066594395,490.3142857142856,1.3206602140732642,498.4761074724571,492.3799999999998,486.28389252754255,12.19,-3.0
209,492.25,2020-04-20 12:25:00+05:30,492.6,490.85,490.9,159319,42.90900350762716,490.6071428571427,5.504931441032767,495.9769087377244,491.8924999999998,487.80809126227524,8.17,-4.0
210,491.75,2020-04-20 12:35:00+05:30,492.5,491.0,492.25,163658,41.400914071091506,490.84285714285704,-1.5080894365356556,494.6770799555079,491.5999999999998,488.5229200444917,6.15,-2.0
211,491.8,2020-04-20 12:45:00+05:30,492.15,490.5,491.7,132986,41.62187399011299,491.1857142857142,0.2209599190214817,493.8910112235012,491.4149999999998,488.9389887764984,4.95,-1.0
212,492.25,2020-04-20 12:55:00+05:30,493.0,491.5,491.8,164519,43.680185346233635,491.3857142857142,2.0583113561206474,493.871829736985,491.4074999999998,488.9431702630146,4.93,-0.0
213,493.35,2020-04-20 13:05:00+05:30,493.65,492.0,492.25,250840,48.46361838261074,491.8571428571427,4.7834330363771045,493.9321602831457,491.42249999999984,488.91283971685397,5.02,0.0
214,494.5,2020-04-20 13:15:00+05:30,495.35,492.8,493.35,278360,52.96163010795969,492.40714285714273,4.498011725348952,494.4463134134312,491.58999999999986,488.7336865865685,5.71,1.0
215,493.55,2020-04-20 13:25:00+05:30,494.5,492.6,494.5,146342,49.14568188471033,492.77857142857135,-3.8159482232493644,494.49973559932073,491.8249999999998,489.1502644006789,5.35,-0.0
216,489.95,2020-04-20 13:35:00+05:30,493.4,489.35,493.4,320836,37.97852133147366,492.4499999999999,-11.16716055323667,494.49349138612325,491.7049999999998,488.9165086138764,5.58,0.0
217,490.6,2020-04-20 13:45:00+05:30,491.0,489.9,489.95,152412,40.60285183208864,492.28571428571416,2.624330500614981,494.440576051411,491.62249999999983,488.80442394858864,5.64,0.0
218,490.35,2020-04-20 13:55:00+05:30,490.6,488.5,490.45,475363,39.90349522013426,492.07857142857125,-0.6993566119543786,494.308095554038,491.49749999999983,488.68690444596166,5.62,-0.0
219,490.9,2020-04-20 14:05:00+05:30,491.0,490.25,490.25,123521,42.25978087262957,491.88571428571413,2.356285652495309,494.16331756500784,491.40499999999986,488.6466824349919,5.52,-0.0
220,492.0,2020-04-20 14:15:00+05:30,492.25,490.8,490.9,343560,46.756158571062116,491.692857142857,4.496377698432546,494.05241782303733,491.36249999999984,488.67258217696235,5.38,-0.0
221,493.3,2020-04-20 14:25:00+05:30,494.4,491.5,492.05,400879,51.55733570189128,491.52142857142843,4.801177130829167,494.2591969511568,491.43749999999983,488.61580304884285,5.64,0.0
222,493.4,2020-04-20 14:35:00+05:30,494.15,492.0,493.3,271362,51.91651854473239,491.4999999999999,0.3591828428411077,494.48585684483663,491.59749999999974,488.70914315516285,5.78,0.0
223,490.2,2020-04-20 14:45:00+05:30,493.5,489.35,493.4,494769,41.35066236546767,491.53571428571416,-10.56585617926472,494.48026868972056,491.6024999999998,488.724731310279,5.76,-0.0
224,490.25,2020-04-20 14:55:00+05:30,490.7,489.6,489.95,326848,41.550824641590346,491.48571428571415,0.20016227612267556,494.40865509310436,491.6449999999998,488.88134490689527,5.53,-0.0
225,490.55,2020-04-20 15:05:00+05:30,491.4,489.8,490.25,397760,42.81195591736759,491.5142857142856,1.2611312757772453,494.414997401484,491.62999999999977,488.8450025985155,5.57,0.0
226,490.4,2020-04-20 15:15:00+05:30,491.0,489.15,490.6,458095,42.3202730710258,491.44285714285706,-0.4916828463417886,494.39483842491416,491.64749999999975,488.90016157508535,5.49,-0.0
227,491.0,2020-04-20 15:25:00+05:30,491.55,490.0,490.4,172920,45.03932033565561,491.2999999999999,2.7190472646298076,494.3899529208795,491.6649999999998,488.94004707912006,5.45,-0.0
228,480.5,2020-04-21 09:15:00+05:30,485.55,479.3,484.0,610639,23.850319074866505,489.4714285714285,-21.189001260789105,496.8356422273651,491.14249999999976,485.4493577726344,11.39,6.0
229,483.0,2020-04-21 09:25:00+05:30,486.5,479.45,480.25,410031,32.047415281349814,487.98571428571415,8.197096206483309,497.4039086377177,490.6799999999997,483.95609136228177,13.45,2.0
230,481.9,2020-04-21 09:35:00+05:30,483.9,481.15,482.7,317862,30.492106131619252,486.7999999999999,-1.5553091497305616,497.9449327685031,490.1874999999997,482.4300672314963,15.51,2.0
231,482.75,2020-04-21 09:45:00+05:30,483.55,481.15,481.85,215126,33.190306051101615,485.72857142857134,2.698199919482363,498.1262924793285,489.7349999999998,481.34370752067105,16.78,1.0
232,485.25,2020-04-21 09:55:00+05:30,486.0,482.7,482.7,346866,40.50545103962306,484.9714285714285,7.315144988521446,497.91735945648605,489.38499999999976,480.8526405435135,17.06,0.0
233,484.0,2020-04-21 10:05:00+05:30,485.2,482.5,485.2,283641,38.25031296842261,484.05714285714276,-2.2551380712004487,497.5590322106278,488.91749999999973,480.2759677893717,17.28,0.0
234,482.25,2020-04-21 10:15:00+05:30,484.1,482.1,484.1,159404,35.28819828870684,482.80714285714276,-2.962114679715775,497.0167524975687,488.3049999999997,479.59324750243076,17.42,0.0
235,486.45,2020-04-21 10:25:00+05:30,487.8,482.25,482.25,346462,46.080387750646196,483.65714285714273,10.792189461939358,496.3343212071826,487.9499999999998,479.56567879281704,16.77,-1.0
236,486.2,2020-04-21 10:35:00+05:30,486.5,484.95,486.45,235123,45.59297220581162,484.11428571428553,-0.48741554483457605,496.1261981873074,487.7624999999998,479.3988018126922,16.73,-0.0
237,489.85,2020-04-21 10:45:00+05:30,492.0,485.85,486.0,651182,53.35118069135018,485.24999999999983,7.75820848553856,496.04172379827475,487.7249999999998,479.40827620172485,16.63,-0.0
238,490.2,2020-04-21 10:55:00+05:30,490.3,486.25,489.65,454896,54.02813357742638,486.3142857142855,0.6769528860762009,496.0245214435203,487.71749999999986,479.4104785564794,16.61,-0.0
239,485.7,2020-04-21 11:05:00+05:30,490.75,485.5,490.05,408297,44.98854112265838,486.3785714285712,-9.039592454767998,495.6700882195022,487.45749999999987,479.24491178049755,16.43,-0.0
240,485.75,2020-04-21 11:15:00+05:30,487.6,485.25,486.0,542883,45.098455782452085,486.6285714285712,0.10991465979370219,495.1014538517285,487.14499999999987,479.18854614827126,15.91,-1.0
241,485.8,2020-04-21 11:25:00+05:30,486.4,484.85,485.75,273608,45.216335265301005,487.1357142857141,0.11787948284892025,494.1941710506575,486.76999999999987,479.34582894934226,14.85,-1.0
242,485.55,2020-04-21 11:35:00+05:30,485.8,483.8,485.8,260165,44.69954837887015,487.0071428571427,-0.5167868864308574,493.12501221211033,486.3774999999999,479.62998778788943,13.5,-1.0
243,487.1,2020-04-21 11:45:00+05:30,489.0,485.3,485.55,316111,48.62042356068981,487.13571428571413,3.9208751818196603,492.7387529594488,486.22249999999985,479.7062470405509,13.03,-0.0
244,487.75,2020-04-21 11:55:00+05:30,488.5,485.75,487.1,216441,50.214551255593506,486.8357142857141,1.5941276949036975,492.38018087263026,486.09749999999985,479.81481912736945,12.57,-0.0
245,487.3,2020-04-21 12:05:00+05:30,488.0,485.6,487.75,202358,49.07924175499478,486.42142857142846,-1.1353095005987228,491.8924897574794,485.93499999999983,479.9775102425203,11.91,-1.0
246,488.0,2020-04-21 12:15:00+05:30,488.95,486.8,487.3,299132,50.93749382218448,486.74999999999994,1.8582520671896958,491.4834816494783,485.8149999999999,480.1465183505215,11.34,-1.0
247,486.95,2020-04-21 12:25:00+05:30,488.0,485.5,488.0,281218,48.10187586307439,486.92142857142846,-2.8356179591100883,490.76714787708994,485.6124999999999,480.45785212290986,10.31,-1.0
248,486.35,2020-04-21 12:35:00+05:30,488.0,486.25,486.75,215502,46.5086033018073,486.9999999999999,-1.5932725612670922,490.4681129725163,485.9049999999999,481.34188702748355,9.13,-1.0
249,486.15,2020-04-21 12:45:00+05:30,487.35,485.8,486.35,232959,45.96210178386542,487.0857142857141,-0.5465015179418771,490.41606780486137,486.0624999999999,481.7089321951384,8.71,-0.0
250,486.2,2020-04-21 12:55:00+05:30,486.65,485.65,486.0,166368,46.132517422746076,486.9571428571427,0.17041563888065525,490.1653318947779,486.2775,482.38966810522203,7.78,-1.0
251,490.7,2020-04-21 13:05:00+05:30,490.7,486.0,486.25,433614,58.743091837868384,487.37857142857126,12.610574415122308,490.6684815307937,486.675,482.6815184692063,7.99,0.0
252,490.1,2020-04-21 13:15:00+05:30,493.55,489.55,490.7,837001,56.83266831809442,487.7785714285712,-1.910423519773964,491.1296722111983,486.9175,482.70532778880175,8.42,0.0
253,490.4,2020-04-21 13:25:00+05:30,490.7,489.5,490.3,298534,57.57559053933977,488.12142857142834,0.742922221245351,491.48867630779404,487.2375,482.986323692206,8.5,0.0
254,488.7,2020-04-21 13:35:00+05:30,492.15,488.15,490.35,496514,52.10333902508055,488.37142857142834,-5.47225151425922,491.14441069074826,487.56000000000006,483.97558930925186,7.17,-1.0
255,488.45,2020-04-21 13:45:00+05:30,489.85,487.65,488.8,484453,51.33069304812611,488.67142857142835,-0.7726459769544434,491.2255663165681,487.66,484.09443368343193,7.13,-0.0
256,486.65,2020-04-21 13:55:00+05:30,488.45,486.65,488.35,264587,46.03721392292085,488.7428571428569,-5.293479125205259,491.21479834228336,487.6825,484.15020165771665,7.06,-0.0
257,487.05,2020-04-21 14:05:00+05:30,488.0,486.55,486.9,247146,47.33691226634893,488.86428571428553,1.2996983434280835,490.93215531549214,487.5424999999999,484.15284468450767,6.78,-0.0
258,491.0,2020-04-21 14:15:00+05:30,491.4,486.65,487.05,467014,58.07531715597701,488.90714285714273,10.738404889628079,491.1198607467405,487.58249999999987,484.0451392532592,7.07,0.0
259,495.1,2020-04-21 14:25:00+05:30,496.0,490.85,491.25,789404,65.85748231408765,489.62142857142845,7.782165158110637,492.8205377736,488.0524999999999,483.2844622263998,9.54,2.0
260,495.15,2020-04-21 14:35:00+05:30,498.75,494.5,495.15,711287,65.94051318410112,490.29999999999984,0.08303087001347365,494.116526419217,488.52249999999987,482.92847358078274,11.19,2.0
261,495.3,2020-04-21 14:45:00+05:30,496.6,493.9,495.15,347917,66.2060282811678,491.2428571428571,0.2655150970666824,495.1985589078719,488.99749999999983,482.79644109212774,12.4,1.0
262,496.4,2020-04-21 14:55:00+05:30,497.95,495.0,495.3,437316,68.16590918013969,492.3785714285714,1.959880898971889,496.34058820985,489.53999999999985,482.7394117901497,13.6,1.0
263,503.3,2020-04-21 15:05:00+05:30,503.4,496.4,496.45,970724,77.1269078460633,494.7571428571428,8.960998665923611,499.4104984177968,490.3499999999998,481.2895015822028,18.12,5.0
264,500.45,2020-04-21 15:15:00+05:30,503.75,500.3,503.0,939485,68.54436163478732,496.67142857142846,-8.582546211275982,501.00734871096404,490.98499999999984,480.96265128903565,20.04,2.0
265,501.0,2020-04-21 15:25:00+05:30,501.65,499.8,500.3,303888,69.25538168720851,498.0999999999999,0.7110200524211905,502.4741122775181,491.6699999999999,480.8658877224817,21.61,2.0
266,503.3,2020-04-22 09:15:00+05:30,516.55,502.95,516.0,1987232,72.09592138120875,499.27142857142854,2.840539694000242,504.2631154792058,492.43499999999983,480.60688452079387,23.66,2.0
267,498.75,2020-04-22 09:25:00+05:30,506.5,496.0,503.4,1126509,60.23886736648205,499.7857142857142,-11.857054014726707,504.87829179239856,493.0249999999998,481.17170820760106,23.71,0.0
268,496.45,2020-04-22 09:35:00+05:30,499.9,492.2,498.7,803640,55.28887030793215,499.9499999999999,-4.949997058549897,505.0415685519512,493.52999999999986,482.01843144804855,23.02,-1.0
269,498.25,2020-04-22 09:45:00+05:30,499.05,496.0,496.9,440768,58.18482282706542,500.2142857142856,2.8959525191332673,505.27946286868666,494.1349999999999,482.9905371313131,22.29,-1.0
270,498.75,2020-04-22 09:55:00+05:30,501.3,496.55,498.2,440259,58.97962240953027,499.5642857142856,0.7947995824648544,505.4287712371859,494.7624999999998,484.0962287628137,21.33,-1.0
271,498.3,2020-04-22 10:05:00+05:30,499.6,496.55,498.65,237980,57.91271964079437,499.25714285714275,-1.0669027687359005,505.7406763575258,495.14249999999976,484.5443236424737,21.2,-0.0
272,500.0,2020-04-22 10:15:00+05:30,500.5,497.3,498.3,253355,60.79777816398814,499.1142857142856,2.88505852319377,506.1686005572696,495.6374999999997,485.1063994427298,21.06,-0.0
273,503.8,2020-04-22 10:25:00+05:30,503.85,499.3,500.0,595407,66.3504541291565,499.1857142857142,5.552675965168362,507.13642204383865,496.3074999999997,485.4785779561608,21.66,1.0
274,504.05,2020-04-22 10:35:00+05:30,504.25,500.65,504.0,415655,66.68478414986978,499.94285714285706,0.33433002071328133,507.8091314947845,497.07499999999965,486.3408685052148,21.47,-0.0
275,505.0,2020-04-22 10:45:00+05:30,506.35,503.75,504.05,532383,67.98644646526049,501.16428571428565,1.3016623153907005,508.38579372708676,497.9024999999996,487.4192062729124,20.97,-0.0
276,504.4,2020-04-22 10:55:00+05:30,506.0,503.55,505.1,444734,66.22649851993604,502.0428571428571,-1.7599479453244413,508.21413475017374,498.7899999999996,489.3658652498255,18.85,-2.0
277,505.2,2020-04-22 11:05:00+05:30,505.65,504.4,504.4,283770,67.43689246951158,502.96428571428567,1.2103939495755327,507.75854831891996,499.69749999999965,491.63645168107934,16.12,-3.0
278,502.85,2020-04-22 11:15:00+05:30,506.7,501.55,505.0,529860,60.56985029860895,503.6142857142856,-6.867042170902629,507.33762744698834,500.2899999999997,493.242372553011,14.1,-2.0
279,503.4,2020-04-22 11:25:00+05:30,504.3,502.3,502.65,343121,61.55652570944153,504.0999999999999,0.9866754108325821,507.4362233970518,500.70499999999964,493.9737766029475,13.46,-1.0
280,506.7,2020-04-22 11:35:00+05:30,507.0,503.4,503.4,356704,66.90727225075258,504.51428571428556,5.350746541311054,507.98884224564745,501.2824999999997,494.5761577543519,13.41,-0.0
281,508.2,2020-04-22 11:45:00+05:30,508.5,506.5,506.8,466428,69.01814097747197,505.10714285714266,2.1108687267193886,508.6923063729221,501.9274999999998,495.1626936270775,13.53,0.0
282,508.0,2020-04-22 11:55:00+05:30,508.95,507.0,508.2,440179,68.39173527549262,505.5357142857141,-0.6264057019793512,509.2659858939646,502.5074999999998,495.749014106035,13.52,-0.0
283,505.3,2020-04-22 12:05:00+05:30,508.5,505.15,507.75,500480,60.41937161246263,505.66428571428554,-7.972363663029988,509.4736852582035,502.6074999999998,495.7413147417961,13.73,0.0
284,508.0,2020-04-22 12:15:00+05:30,508.4,504.1,505.2,345527,64.8339727390126,506.0642857142856,4.414601126549961,510.1743268845284,502.9849999999998,495.7956731154712,14.38,1.0
285,508.4,2020-04-22 12:25:00+05:30,508.6,507.75,508.0,337998,65.44879960414619,506.8571428571427,0.614826865133594,510.86855967217537,503.35499999999973,495.8414403278241,15.03,1.0
286,506.45,2020-04-22 12:35:00+05:30,508.6,506.15,508.45,269079,59.94640219417865,507.292857142857,-5.502397409967536,511.1522075584685,503.5124999999998,495.87279244153115,15.28,0.0
287,503.0,2020-04-22 12:45:00+05:30,507.3,502.75,506.5,406265,51.6697320888419,506.76428571428556,-8.276670105336756,511.03631063201857,503.7249999999998,496.413689367981,14.62,-1.0
288,504.0,2020-04-22 12:55:00+05:30,504.2,501.3,502.95,393035,53.6666129715684,506.1642857142856,1.9968808827265008,510.5622926478027,504.1024999999998,497.6427073521969,12.92,-2.0
289,503.4,2020-04-22 13:05:00+05:30,504.1,502.35,503.85,228151,52.271110477458706,505.50714285714275,-1.3955024941096923,510.2202676425297,504.3599999999998,498.4997323574699,11.72,-1.0
290,505.0,2020-04-22 13:15:00+05:30,505.85,502.9,503.5,486736,55.58763879038321,505.4642857142856,3.316528312924504,509.9062442569679,504.6724999999998,499.43875574303166,10.47,-1.0
291,500.2,2020-04-22 13:25:00+05:30,505.5,498.0,505.4,655819,45.396347229024556,504.34999999999985,-10.191291561358653,509.5650075765803,504.7674999999998,499.96999242341934,9.6,-1.0
292,502.1,2020-04-22 13:35:00+05:30,502.5,499.0,500.5,302068,49.354469206520946,503.4499999999998,3.95812197749639,509.30900822867886,504.87249999999983,500.4359917713208,8.87,-1.0
293,503.2,2020-04-22 13:45:00+05:30,503.85,501.0,502.0,323973,51.54442330319863,502.9857142857141,2.189954096677681,509.31749191413314,504.8424999999999,500.3675080858667,8.95,0.0
294,504.2,2020-04-22 13:55:00+05:30,504.45,503.0,503.2,234794,53.5124132893516,503.1571428571427,1.967989986152972,509.3198993277231,504.85,500.38010067227697,8.94,-0.0
295,504.95,2020-04-22 14:05:00+05:30,507.25,503.6,504.5,434099,54.98894986585234,503.2928571428569,1.4765365765007417,509.317102007477,504.8475,500.37789799252306,8.94,0.0
296,507.35,2020-04-22 14:15:00+05:30,507.45,504.6,504.95,472607,59.42964241171811,503.8571428571426,4.4406925458657724,509.59521738616553,504.99500000000006,500.3947826138346,9.2,0.0
297,506.05,2020-04-22 14:25:00+05:30,507.45,504.6,507.25,298358,56.19556510496038,504.00714285714264,-3.234077306757733,509.66133698036947,505.0375,500.4136630196306,9.25,0.0
298,503.55,2020-04-22 14:35:00+05:30,506.3,503.0,506.05,365607,50.503732776815525,504.4857142857141,-5.691832328144855,509.6368325447349,505.07249999999993,500.508167455265,9.13,-0.0
299,505.45,2020-04-22 14:45:00+05:30,505.65,503.0,503.45,429160,54.29280513969296,504.9642857142855,3.789072362877434,509.67277722880755,505.175,500.6772227711925,9.0,-0.0
300,502.3,2020-04-22 14:55:00+05:30,505.5,501.2,505.3,444093,47.764409038449145,504.8357142857141,-6.528396101243814,509.56767133471305,504.9549999999999,500.3423286652868,9.23,0.0
301,498.9,2020-04-22 15:05:00+05:30,502.3,498.9,502.1,691854,41.907020334842144,504.0785714285713,-5.8573887036070005,509.5760593783378,504.4899999999999,499.403940621662,10.17,1.0
302,502.55,2020-04-22 15:15:00+05:30,502.55,498.65,498.95,520063,49.12044603277778,503.7357142857142,7.213425697935634,509.0913048467483,504.21749999999986,499.3436951532514,9.75,-0.0
303,501.35,2020-04-22 15:25:00+05:30,504.5,501.2,502.55,185438,47.05188653890043,502.8785714285714,-2.068559493877345,509.0274050428475,504.01999999999987,499.01259495715226,10.01,0.0
304,500.5,2020-04-23 09:15:00+05:30,501.9,496.4,501.85,603719,45.587440783235536,502.08571428571423,-1.4644457556648973,508.51898032520677,503.64499999999987,498.77101967479297,9.75,-0.0
305,499.65,2020-04-23 09:25:00+05:30,503.5,498.85,500.35,454142,44.10898613381803,501.52857142857135,-1.4784546494175075,507.8496722456056,503.20749999999987,498.56532775439416,9.28,-0.0
306,499.8,2020-04-23 09:35:00+05:30,500.15,497.9,499.65,267669,44.45135422978661,500.72142857142853,0.3423680959685811,507.4918455852313,502.87499999999983,498.25815441476834,9.23,-0.0
307,499.9,2020-04-23 09:45:00+05:30,500.9,498.45,499.7,193647,44.69458157885822,500.3785714285714,0.24322734907160992,507.52355131784105,502.7199999999998,497.91644868215855,9.61,0.0
308,501.4,2020-04-23 09:55:00+05:30,502.95,499.8,499.9,409124,48.34802043784621,500.7357142857142,3.6534388589879896,507.3884207928482,502.5899999999998,497.7915792071514,9.6,-0.0
309,500.0,2020-04-23 10:05:00+05:30,501.25,499.05,501.15,159137,45.33768453917623,500.3714285714285,-3.010335898669979,507.3370380472261,502.4199999999998,497.5029619527735,9.83,0.0
310,499.35,2020-04-23 10:15:00+05:30,501.0,499.35,500.0,156509,43.96884872599935,500.08571428571423,-1.3688358131768794,507.0795723332771,502.1374999999998,497.19542766672254,9.88,0.0
311,500.45,2020-04-23 10:25:00+05:30,501.15,498.5,499.35,817844,46.89113689260607,500.0785714285713,2.9222881666067195,507.07266508904695,502.1499999999998,497.22733491095266,9.85,-0.0
312,500.55,2020-04-23 10:35:00+05:30,500.85,499.65,500.35,160391,47.16093606117544,500.20714285714274,0.2697991685693708,507.0470113486521,502.07249999999976,497.0979886513474,9.95,0.0
313,499.65,2020-04-23 10:45:00+05:30,501.2,499.1,500.55,526215,44.947794559360055,500.1857142857142,-2.213141501815386,506.952761102345,501.8949999999997,496.8372388976544,10.12,0.0
314,500.5,2020-04-23 10:55:00+05:30,500.8,499.6,499.65,148366,47.455712779200276,500.27142857142843,2.507918219840221,506.6827256107665,501.7099999999997,496.7372743892329,9.95,-0.0
315,500.35,2020-04-23 11:05:00+05:30,501.0,499.85,500.75,140574,47.04838838811744,500.12142857142845,-0.40732439108283813,506.2428386051724,501.4799999999997,496.717161394827,9.53,-0.0
316,501.8,2020-04-23 11:15:00+05:30,502.8,499.75,500.4,383519,51.39172557880881,500.3785714285713,4.343337190691372,505.0919560572174,501.2024999999996,497.3130439427818,7.78,-2.0
317,505.0,2020-04-23 11:25:00+05:30,505.35,501.5,501.5,663282,59.32173104918407,501.1857142857142,7.930005470375264,504.7839046709934,501.14999999999964,497.51609532900585,7.27,-1.0
318,506.45,2020-04-23 11:35:00+05:30,507.3,503.25,505.0,440628,62.321319518299966,502.04285714285703,2.999588469115892,505.5161123502766,501.29499999999973,497.07388764972285,8.44,1.0
319,504.35,2020-04-23 11:45:00+05:30,506.75,504.2,506.45,285060,55.89306433930989,502.5857142857141,-6.428255178990078,505.2568854129818,501.23999999999967,497.22311458701756,8.03,-0.0
320,504.75,2020-04-23 11:55:00+05:30,506.4,504.1,504.2,193394,56.80695794881118,503.3142857142856,0.9138936095012937,505.65544096223516,501.3624999999997,497.0695590377643,8.59,1.0
321,505.85,2020-04-23 12:05:00+05:30,506.5,504.4,504.6,203539,59.30417335835499,504.07857142857125,2.4972154095438057,506.27987849659684,501.70999999999975,497.14012150340267,9.14,1.0
322,504.5,2020-04-23 12:15:00+05:30,506.3,504.3,505.9,171572,55.094249400820296,504.6714285714284,-4.209923957534691,506.5333833760668,501.8074999999998,497.08161662393275,9.45,0.0
323,504.05,2020-04-23 12:25:00+05:30,505.0,503.6,504.55,164533,53.72516512551903,504.99285714285696,-1.3690842753012689,506.76659249714663,501.94249999999977,497.1184075028529,9.65,0.0
324,504.0,2020-04-23 12:35:00+05:30,505.4,503.2,504.25,190293,53.56588763974544,504.84999999999985,-0.15927748577358614,506.97507953587404,502.1174999999997,497.2599204641254,9.72,0.0
325,503.1,2020-04-23 12:45:00+05:30,504.3,502.1,504.2,159839,50.65480541436257,504.37142857142845,-2.91108222538287,507.0220408415704,502.2899999999998,497.5579591584292,9.46,-0.0
326,499.25,2020-04-23 12:55:00+05:30,503.5,498.5,503.1,656429,40.51209973823362,503.642857142857,-10.142705676128948,507.06138967420986,502.2624999999998,497.4636103257898,9.6,0.0
327,500.0,2020-04-23 13:05:00+05:30,500.4,499.2,499.35,198035,42.910250736048745,502.9642857142856,2.3981509978151223,507.05622304701654,502.2674999999998,497.4787769529831,9.58,-0.0
328,499.95,2020-04-23 13:15:00+05:30,500.2,498.15,500.0,222399,42.78641465358052,502.12142857142845,-0.1238360824682232,507.0819213212385,502.1949999999999,497.30807867876126,9.77,0.0
329,500.5,2020-04-23 13:25:00+05:30,501.6,499.4,500.0,300876,44.677728174223226,501.54999999999984,1.8913135206427043,507.0645737414986,502.2199999999999,497.37542625850125,9.69,-0.0
330,500.6,2020-04-23 13:35:00+05:30,501.0,499.25,500.7,216175,45.033510490503275,501.05714285714265,0.35578231628004886,507.00180804472734,502.2824999999999,497.5631919552725,9.44,-0.0
331,500.5,2020-04-23 13:45:00+05:30,501.65,500.05,500.6,146078,44.723763300164215,500.55714285714265,-0.30974719033905984,507.00027194058407,502.28499999999985,497.56972805941564,9.43,-0.0
332,500.9,2020-04-23 13:55:00+05:30,501.15,500.2,500.4,113424,46.31441088626818,500.24285714285696,1.5906475861039624,506.99319347358505,502.3024999999999,497.61180652641474,9.38,-0.0
333,501.4,2020-04-23 14:05:00+05:30,501.9,500.9,501.05,134500,48.31649428123183,500.54999999999984,2.0020833949636554,506.9353967460413,502.3899999999999,497.84460325395844,9.09,-0.0
