,close,date,high,low,open,volume,RSI_14,sma_7,RSI_Trend,ub,mb,lb,band_diff,band_diff_trend
0,645.05,2020-04-09 09:15:00+05:30,647.8,640.2,646.8,522860,0.0,0.0,,,,,,
1,643.6,2020-04-09 09:25:00+05:30,645.2,642.0,644.95,169643,0.0,0.0,0.0,,,,,
2,643.55,2020-04-09 09:35:00+05:30,644.6,642.4,643.4,194701,0.0,0.0,0.0,,,,,
3,640.6,2020-04-09 09:45:00+05:30,643.7,639.4,643.5,269027,0.0,0.0,0.0,,,,,
4,650.6,2020-04-09 09:55:00+05:30,652.8,640.35,640.35,866741,34.44034440344495,0.0,34.44034440344495,,,,,
5,641.05,2020-04-09 10:05:00+05:30,651.6,641.05,650.85,963671,25.43213671869586,0.0,-9.008207684749095,,,,,
6,639.1,2020-04-09 10:15:00+05:30,642.9,637.3,640.75,345446,24.048943564265315,643.3642857142858,-1.3831931544305434,,,,,
7,636.8,2020-04-09 10:25:00+05:30,641.35,636.5,639.1,279600,22.494904126789166,642.1857142857143,-1.554039437476149,,,,,
8,636.15,2020-04-09 10:35:00+05:30,637.1,634.1,636.75,261509,22.06103169571678,641.1214285714285,-0.4338724310723876,,,,,
9,634.0,2020-04-09 10:45:00+05:30,637.0,632.75,636.3,238663,20.642772153019664,639.7571428571428,-1.4182595426971147,,,,,
10,636.05,2020-04-09 10:55:00+05:30,636.25,633.8,634.45,126644,25.556984696814197,639.1071428571428,4.914212543794534,,,,,
11,635.65,2020-04-09 11:05:00+05:30,637.0,635.5,636.05,87154,25.228698137790687,636.9714285714283,-0.32828655902351045,,,,,
12,635.35,2020-04-09 11:15:00+05:30,635.8,634.0,635.5,94505,24.969637356668827,636.1571428571426,-0.2590607811218604,,,,,
13,639.35,2020-04-09 11:25:00+05:30,641.4,635.2,635.35,233812,34.61093281672896,636.192857142857,9.641295460060135,,,,,
14,638.55,2020-04-09 11:35:00+05:30,642.0,637.0,639.2,543819,33.678817049455134,636.442857142857,-0.932115767273828,,,,,
15,642.25,2020-04-09 11:45:00+05:30,643.4,638.6,638.8,337695,41.52284616831546,637.3142857142856,7.844029118860327,,,,,
16,641.05,2020-04-09 11:55:00+05:30,642.5,641.0,642.15,214748,39.87560049749587,638.3214285714284,-1.6472456708195935,,,,,
17,641.25,2020-04-09 12:05:00+05:30,641.55,641.0,641.25,141239,40.30068380402482,639.0642857142856,0.4250833065289541,,,,,
18,641.0,2020-04-09 12:15:00+05:30,642.0,641.0,641.25,501540,39.920742416852185,639.8285714285713,-0.3799413871726358,,,,,
19,641.5,2020-04-09 12:25:00+05:30,644.0,641.0,641.0,668439,41.11641726711329,640.7071428571427,1.1956748502611063,648.020335065054,640.1249999999999,632.2296649349457,15.79,
20,640.15,2020-04-09 12:35:00+05:30,643.0,640.0,641.05,344062,38.867254680324976,640.8214285714283,-2.249162586788316,647.4283285009261,639.8799999999999,632.3316714990737,15.1,-1.0
21,639.65,2020-04-09 12:45:00+05:30,640.3,638.55,640.15,186391,38.037334021498445,640.9785714285711,-0.8299206588265307,647.0248985038592,639.6824999999999,632.3401014961406,14.68,-0.0
22,639.95,2020-04-09 12:55:00+05:30,640.0,639.0,639.65,136788,38.880606025743845,640.6499999999996,0.8432720042453994,646.6187138809904,639.5024999999999,632.3862861190095,14.23,-0.0
23,639.7,2020-04-09 13:05:00+05:30,640.8,637.0,640.0,106739,38.41146661919474,640.4571428571425,-0.4691394065491039,646.5558522921281,639.4575,632.3591477078719,14.2,-0.0
24,641.3,2020-04-09 13:15:00+05:30,641.55,639.15,639.7,142066,43.14014014587,640.4642857142853,4.728673526675259,643.8968777436728,638.9925,634.0881222563271,9.81,-4.0
25,641.4,2020-04-09 13:25:00+05:30,642.8,640.15,641.45,236780,43.43246880484396,640.5214285714281,0.29232865897395754,643.9476747137645,639.01,634.0723252862355,9.88,0.0
26,638.25,2020-04-09 13:35:00+05:30,641.5,638.0,641.45,167479,36.982506344856375,640.0571428571424,-6.4499624599875816,643.9165323349756,638.9675,634.0184676650243,9.9,0.0
27,636.8,2020-04-09 13:45:00+05:30,639.0,636.3,638.0,137664,34.44661112735034,639.5785714285711,-2.535895217506038,643.9165323349756,638.9675,634.0184676650243,9.9,0.0
28,635.95,2020-04-09 13:55:00+05:30,637.9,634.3,636.85,185969,33.0173462067456,639.0499999999996,-1.4292649206047372,643.9312495122421,638.9575,633.9837504877579,9.95,0.0
29,635.6,2020-04-09 14:05:00+05:30,637.35,634.3,635.9,127951,32.42082741606271,638.4285714285712,-0.596518790682893,643.7183540606223,639.0375,634.3566459393777,9.36,-1.0
30,634.65,2020-04-09 14:15:00+05:30,636.0,634.0,635.4,97714,30.794544876207468,637.7071428571426,-1.6262825398552394,643.8729507813679,638.9675,634.0620492186321,9.81,0.0
31,635.5,2020-04-09 14:25:00+05:30,635.75,632.3,634.65,130473,33.9852936048689,636.8785714285711,3.1907487286614327,643.8872176412467,638.96,634.0327823587534,9.85,0.0
32,638.15,2020-04-09 14:35:00+05:30,638.9,634.05,635.4,241150,42.83438688533802,636.4142857142854,8.84909328046912,643.7464474261755,639.1,634.4535525738246,9.29,-1.0
33,639.8,2020-04-09 14:45:00+05:30,640.15,637.65,638.4,368303,47.54888588770726,636.635714285714,4.714499002369237,643.7783932660946,639.1225,634.4666067339053,9.31,0.0
34,638.0,2020-04-09 14:55:00+05:30,640.7,637.0,639.8,424972,43.34886317249311,636.8071428571426,-4.200022715214146,643.7715821977844,639.095,634.4184178022157,9.35,0.0
35,636.0,2020-04-09 15:05:00+05:30,640.0,636.0,638.1,628361,39.205090444847684,636.8142857142855,-4.143772727645427,643.4063825108005,638.7825,634.1586174891995,9.25,-0.0
36,635.4,2020-04-09 15:15:00+05:30,636.05,633.5,636.05,740496,38.03057942586487,636.7857142857139,-1.1745110189828125,643.229749075352,638.5,633.770250924648,9.46,0.0
37,635.6,2020-04-09 15:25:00+05:30,635.95,632.8,635.25,446897,38.689920217809664,636.9214285714282,0.6593407919447927,642.9305585666459,638.2175,633.504441433354,9.43,-0.0
38,637.85,2020-04-13 09:15:00+05:30,639.4,627.05,629.0,407629,45.69066436371686,637.2571428571426,7.000744145907198,642.5884597125761,638.0600000000001,633.531540287424,9.06,-0.0
39,640.4,2020-04-13 09:25:00+05:30,646.7,636.1,637.45,457937,52.33369369204711,637.5785714285712,6.64302932833025,642.3817207142482,638.005,633.6282792857518,8.75,-0.0
40,644.0,2020-04-13 09:35:00+05:30,646.4,640.0,640.2,389939,59.80810752013863,638.1785714285712,7.474413828091514,643.2568815931659,638.1975,633.1381184068341,10.12,1.0
41,646.25,2020-04-13 09:45:00+05:30,651.7,643.4,644.0,727541,63.645118755479864,639.3571428571425,3.8370112353412367,644.7198955911988,638.5275,632.3351044088013,12.38,2.0
42,644.1,2020-04-13 09:55:00+05:30,649.45,643.6,646.05,418941,57.95183974476587,640.5142857142855,-5.693279010713994,645.3890134307683,638.735,632.0809865692318,13.31,1.0
43,641.25,2020-04-13 10:05:00+05:30,646.0,640.35,644.05,310961,51.38944464178909,641.3499999999998,-6.5623951029767795,645.549426911473,638.8125,632.075573088527,13.47,0.0
44,638.75,2020-04-13 10:15:00+05:30,641.1,638.0,641.1,379982,46.42338652913395,641.7999999999998,-4.966058112655141,645.3194475833973,638.6850000000001,632.0505524166028,13.27,-0.0
45,640.25,2020-04-13 10:25:00+05:30,642.0,637.75,638.5,218792,49.57217880228472,642.1428571428569,3.148792273150768,645.1823274697277,638.6275,632.0726725302724,13.11,-0.0
46,643.85,2020-04-13 10:35:00+05:30,645.8,639.65,640.35,221332,56.222141251985434,642.6357142857141,6.649962449700716,645.8607480104437,638.9075,631.9542519895564,13.91,1.0
47,644.9,2020-04-13 10:45:00+05:30,645.8,643.35,643.7,157029,57.96334125601799,642.7642857142855,1.7412000040325566,646.6801301267242,639.3125000000001,631.944869873276,14.74,1.0
48,642.0,2020-04-13 10:55:00+05:30,644.95,639.55,644.95,223392,51.83162119809837,642.1571428571426,-6.1317200579196225,646.8976470028708,639.615,632.3323529971292,14.57,-0.0
49,644.85,2020-04-13 11:05:00+05:30,645.55,641.6,641.65,160955,56.681529892062024,642.2642857142855,4.8499086939636555,647.4607295743374,640.0775000000001,632.6942704256628,14.77,0.0
50,643.95,2020-04-13 11:15:00+05:30,647.0,643.2,644.85,185535,54.804922454071814,642.6499999999997,-1.8766074379902093,647.6528538293779,640.5425000000001,633.4321461706223,14.22,-1.0
51,643.1,2020-04-13 11:25:00+05:30,644.0,642.0,643.8,149952,53.01954929741217,643.2714285714284,-1.7853731566596451,647.702848927522,640.9225000000001,634.1421510724782,13.56,-1.0
52,641.8,2020-04-13 11:35:00+05:30,644.4,641.55,643.15,262516,50.31959932283057,643.492857142857,-2.6999499745815996,647.7665866610071,641.1050000000001,634.4434133389932,13.32,-0.0
53,643.25,2020-04-13 11:45:00+05:30,644.8,641.65,642.0,194164,53.18331363949548,643.4071428571426,2.863714316664911,647.9753767256184,641.2775000000001,634.5796232743819,13.4,0.0
54,640.15,2020-04-13 11:55:00+05:30,643.75,640.0,643.3,105569,46.95203215760746,642.7285714285712,-6.2312814818880184,647.9286268713597,641.3850000000001,634.8413731286405,13.09,-0.0
55,640.75,2020-04-13 12:05:00+05:30,642.0,639.1,640.1,160389,48.21667005224863,642.5499999999998,1.2646378946411687,647.6691149729895,641.6225000000002,635.5758850270108,12.09,-1.0
56,640.25,2020-04-13 12:15:00+05:30,641.35,639.4,640.95,102298,47.20670905563022,641.8928571428569,-1.0099609966184104,647.2090670496898,641.8650000000001,636.5209329503105,10.69,-1.0
57,640.45,2020-04-13 12:25:00+05:30,641.6,639.95,640.25,358333,47.67880440551629,641.3928571428569,0.47209534988606805,646.631852236276,642.1075000000002,637.5831477637244,9.05,-2.0
58,640.1,2020-04-13 12:35:00+05:30,640.8,640.0,640.45,58514,46.88859724674668,640.9642857142854,-0.7902071587696113,646.3971811195188,642.2200000000001,638.0428188804815,8.35,-1.0
59,641.1,2020-04-13 12:45:00+05:30,642.7,638.3,640.2,162576,49.46562525639399,640.8642857142855,2.5770280096473144,646.3793691702651,642.2550000000002,638.1306308297353,8.25,-0.0
60,640.5,2020-04-13 12:55:00+05:30,641.7,640.0,641.35,52562,47.961916162090084,640.4714285714283,-1.5037090943039075,646.1896036433291,642.0800000000002,637.9703963566712,8.22,-0.0
61,639.95,2020-04-13 13:05:00+05:30,641.0,639.55,640.5,79384,46.564544896737424,640.442857142857,-1.3973712653526604,645.4751709422954,641.7650000000002,638.054829057705,7.42,-1.0
62,638.5,2020-04-13 13:15:00+05:30,640.0,638.5,639.9,97981,43.00704510462026,640.1214285714284,-3.557499792117163,645.2970446233652,641.4850000000002,637.6729553766353,7.62,0.0
63,637.0,2020-04-13 13:25:00+05:30,639.5,636.55,638.6,156787,39.63369065596899,639.6571428571426,-3.37335444865127,645.5811785127596,641.2725000000003,636.9638214872409,8.62,1.0
64,639.7,2020-04-13 13:35:00+05:30,640.0,636.0,637.0,192347,47.600854764267275,639.5499999999998,7.9671641082982845,645.5314380591808,641.3200000000003,637.1085619408198,8.42,-0.0
65,638.5,2020-04-13 13:45:00+05:30,640.0,637.1,639.95,175696,44.77256881565071,639.3214285714283,-2.8282859486165677,645.6071007336611,641.2325000000003,636.8578992663395,8.75,0.0
66,638.6,2020-04-13 13:55:00+05:30,639.8,637.3,638.5,91201,45.06549434443265,638.9642857142854,0.292925528781943,645.3132221848956,640.9700000000003,636.6267778151049,8.69,-0.0
67,638.65,2020-04-13 14:05:00+05:30,639.5,637.2,638.6,84448,45.22194007435725,638.6999999999997,0.1564457299245987,644.6990311064262,640.6575000000003,636.6159688935743,8.08,-1.0
68,637.0,2020-04-13 14:15:00+05:30,639.0,636.6,638.65,97263,41.065737186266745,638.2785714285711,-4.156202888090505,644.7095527535977,640.4075000000003,636.1054472464028,8.6,1.0
69,639.45,2020-04-13 14:25:00+05:30,640.0,636.8,637.0,160906,48.61721594262944,638.4142857142854,7.551478756362698,643.9109355419794,640.1375000000003,636.3640644580212,7.55,-1.0
70,640.4,2020-04-13 14:35:00+05:30,641.0,639.3,639.7,153071,51.226893049402726,638.8999999999996,2.609677106773283,643.285752783799,639.9600000000003,636.6342472162015,6.65,-1.0
71,639.4,2020-04-13 14:45:00+05:30,641.0,639.0,640.3,124716,48.43809372088145,638.8571428571424,-2.7887993285212787,642.7594332971707,639.7750000000002,636.7905667028297,5.97,-1.0
72,637.3,2020-04-13 14:55:00+05:30,640.0,637.1,639.4,209644,43.128213813633046,638.685714285714,-5.309879907248401,642.569933774108,639.5500000000002,636.5300662258924,6.04,0.0
73,636.8,2020-04-13 15:05:00+05:30,638.4,636.15,637.15,367959,41.94910008182018,638.428571428571,-1.179113731812869,641.9463377935004,639.2275000000002,636.5086622064999,5.44,-1.0
74,637.35,2020-04-13 15:15:00+05:30,637.5,636.2,636.95,325629,43.77021769976551,638.2428571428569,1.8211176179453332,641.8932975693192,639.0875000000002,636.2817024306812,5.61,0.0
75,637.0,2020-04-13 15:25:00+05:30,637.4,636.5,637.15,128913,42.84900520237583,638.2428571428569,-0.921212497389682,641.7390139133153,638.9000000000002,636.0609860866851,5.68,0.0
76,646.05,2020-04-15 09:15:00+05:30,653.3,641.5,651.4,1036942,63.96681837474676,639.1857142857141,21.11781317237093,643.4426276706597,639.1900000000002,634.9373723293406,8.51,3.0
77,643.1,2020-04-15 09:25:00+05:30,646.05,641.05,646.0,375719,56.62218841625366,639.5714285714284,-7.344629958493101,643.8936308056216,639.3225000000001,634.7513691943786,9.14,1.0
78,644.9,2020-04-15 09:35:00+05:30,647.4,642.55,643.15,235956,59.66537360054684,640.3571428571428,3.0431851842931863,644.7658263652356,639.5625000000001,634.3591736347646,10.41,1.0
79,649.6,2020-04-15 09:45:00+05:30,650.0,644.85,644.95,324243,66.31129366322239,642.1142857142856,6.645920062675543,646.8451407635646,639.9875000000001,633.1298592364355,13.72,3.0
80,650.3,2020-04-15 09:55:00+05:30,651.0,648.15,649.65,396385,67.17869052050109,644.0428571428571,0.8673968572787061,648.7449042893891,640.4775000000001,632.2100957106111,16.53,3.0
81,650.0,2020-04-15 10:05:00+05:30,650.4,647.05,650.4,331748,66.38975326887663,645.8499999999998,-0.7889372516244606,650.2707650809539,640.98,631.6892349190462,18.58,2.0
82,650.25,2020-04-15 10:15:00+05:30,651.0,649.95,650.05,266419,66.74028943436349,647.742857142857,0.35053616548685795,651.6502249345235,641.5675,631.4847750654765,20.17,2.0
83,650.7,2020-04-15 10:25:00+05:30,652.0,649.95,650.0,213169,67.39937863733266,648.4071428571426,0.6590892029691702,652.8756859132452,642.2525,631.6293140867549,21.25,1.0
84,648.45,2020-04-15 10:35:00+05:30,650.9,648.0,650.7,319694,60.90100228960652,649.1714285714282,-6.498376347726143,653.5877351582313,642.69,631.7922648417688,21.8,1.0
85,648.0,2020-04-15 10:45:00+05:30,649.35,646.0,648.4,212162,59.6620297799414,649.6142857142855,-1.2389725096651176,654.1217619112105,643.1650000000001,632.2082380887897,21.91,0.0
86,647.75,2020-04-15 10:55:00+05:30,648.5,645.75,647.95,421645,58.944577095991896,649.3499999999997,-0.717452683949503,654.5407355910219,643.6225000000001,632.7042644089782,21.84,-0.0
87,647.9,2020-04-15 11:05:00+05:30,650.15,646.75,647.75,468154,59.26112555214959,649.0071428571425,0.31654845615769744,654.8995175330982,644.085,633.2704824669019,21.63,-0.0
88,647.0,2020-04-15 11:15:00+05:30,648.5,646.6,647.95,101393,56.44883253947171,648.5785714285711,-2.812293012677884,654.9349860157548,644.585,634.2350139842453,20.7,-1.0
89,646.05,2020-04-15 11:25:00+05:30,647.1,646.0,647.0,115753,53.55952880546174,647.9785714285711,-2.889303734009971,654.9929122733569,644.915,634.8370877266431,20.16,-1.0
90,646.1,2020-04-15 11:35:00+05:30,647.25,646.0,646.05,198908,53.69386956754197,647.3214285714283,0.13434076208022816,655.0603405513948,645.2,635.3396594486053,19.72,-0.0
91,645.5,2020-04-15 11:45:00+05:30,646.95,645.05,646.15,173091,51.7589514584629,646.8999999999997,-1.9349181090790637,654.9797809306715,645.505,636.0302190693285,18.95,-1.0
92,645.5,2020-04-15 11:55:00+05:30,646.95,644.7,645.55,110831,51.75895145846292,646.5428571428569,1.4210854715202004e-14,654.568937345449,645.9150000000001,637.2610626545512,17.31,-2.0
93,646.3,2020-04-15 12:05:00+05:30,646.95,645.2,645.5,76071,54.30526651323668,646.3357142857141,2.546315054773764,653.9053597105499,646.3900000000001,638.8746402894503,15.03,-2.0
94,648.85,2020-04-15 12:15:00+05:30,649.0,646.25,646.55,138053,61.31460880445828,646.4714285714284,7.0093422912216,653.222635336132,646.965,640.707364663868,12.52,-3.0
95,649.9,2020-04-15 12:25:00+05:30,650.75,648.55,648.95,265058,63.77844596521854,646.8857142857141,2.4638371607602565,651.8895228460055,647.61,643.3304771539945,8.56,-4.0
96,649.05,2020-04-15 12:35:00+05:30,650.25,647.6,649.85,129898,60.423502441343885,647.3142857142856,-3.3549435238746526,652.0195527316484,647.76,643.5004472683515,8.52,-0.0
97,647.45,2020-04-15 12:45:00+05:30,650.1,647.05,649.05,113172,54.601146121338346,647.5071428571426,-5.8223563200055395,651.6371627684745,647.9775000000001,644.3178372315257,7.32,-1.0
98,647.8,2020-04-15 12:55:00+05:30,649.95,647.15,647.5,144365,55.60882526008014,647.8357142857141,1.0076791387417927,651.4866257564595,648.1225000000001,644.7583742435406,6.73,-1.0
99,647.95,2020-04-15 13:05:00+05:30,649.5,647.35,647.85,165528,56.05897341656219,648.1857142857141,0.45014815648205087,651.3317120805234,648.0400000000001,644.7482879194768,6.58,-0.0
100,647.75,2020-04-15 13:15:00+05:30,648.5,646.55,648.0,243159,55.25443022734227,648.3928571428569,-0.8045431892199204,651.028481724156,647.9125000000001,644.7965182758443,6.23,-0.0
101,650.9,2020-04-15 13:25:00+05:30,651.8,647.35,647.75,502930,64.01432869591879,648.685714285714,8.759898468576523,651.2228322552005,647.9575000000001,644.6921677447997,6.53,0.0
102,651.75,2020-04-15 13:35:00+05:30,651.8,649.8,650.9,178902,65.95138201007411,648.9499999999997,1.937053314155321,651.5765498689627,648.0325,644.4884501310373,7.09,1.0
103,649.7,2020-04-15 13:45:00+05:30,651.8,649.3,651.8,489894,57.86184180717854,649.0428571428567,-8.08954020289557,651.3938240213967,647.9825000000001,644.5711759786035,6.82,-0.0
104,648.5,2020-04-15 13:55:00+05:30,650.15,648.25,649.75,268160,53.708878541106245,649.1928571428568,-4.152963266072298,651.3978395339103,647.985,644.5721604660897,6.83,0.0
105,645.7,2020-04-15 14:05:00+05:30,648.5,645.0,648.5,258214,45.50232363051328,648.8928571428568,-8.206554910592963,651.4324355949872,647.8700000000001,644.3075644050131,7.12,0.0
106,643.0,2020-04-15 14:15:00+05:30,645.95,642.1,645.9,247177,39.2710388264038,648.185714285714,-6.231284804109478,651.8090353306815,647.6325,643.4559646693186,8.35,1.0
107,645.4,2020-04-15 14:25:00+05:30,648.0,643.15,643.2,228220,46.30944148996422,647.8499999999996,7.038402663560419,651.7984053148563,647.5075,643.2165946851438,8.58,0.0
108,646.45,2020-04-15 14:35:00+05:30,646.5,643.25,645.6,166242,49.089466151943526,647.2142857142853,2.7800246619793043,651.7916000205089,647.4800000000001,643.1683999794914,8.62,0.0
109,644.4,2020-04-15 14:45:00+05:30,647.5,643.0,646.5,183354,44.26989431939892,646.1642857142853,-4.819571832544604,651.8839093015531,647.3975000000002,642.9110906984472,8.97,0.0
110,641.6,2020-04-15 14:55:00+05:30,646.3,640.0,644.4,628122,38.683464303827414,645.0071428571425,-5.5864300155715085,652.3335356977736,647.1725000000001,642.0114643022266,10.32,1.0
111,638.6,2020-04-15 15:05:00+05:30,641.9,635.8,641.75,974688,33.766867863879355,643.5928571428568,-4.916596439948059,653.2319782851745,646.8275000000001,640.4230217148257,12.81,2.0
112,637.4,2020-04-15 15:15:00+05:30,640.9,636.6,638.7,839698,32.01409704713048,642.4071428571425,-1.7527708167488782,654.0819265966508,646.4225000000001,638.7630734033495,15.32,3.0
113,640.0,2020-04-15 15:25:00+05:30,641.0,636.35,637.35,394731,39.35887076905418,641.9785714285711,7.344773721923701,654.2885612488785,646.1075000000002,637.9264387511219,16.36,1.0
114,614.4,2020-04-16 09:15:00+05:30,627.85,614.0,619.95,1903419,18.344492335454106,637.5499999999996,-21.014378433600072,660.6487504576088,644.3850000000001,628.1212495423914,32.53,16.0
115,614.0,2020-04-16 09:25:00+05:30,618.05,604.0,614.55,1600561,18.18114954611555,632.9142857142854,-0.16334278933855728,663.5401312645052,642.5900000000001,621.639868735495,41.9,9.0
116,615.75,2020-04-16 09:35:00+05:30,620.9,613.3,614.05,806049,21.47544461914616,628.8214285714283,3.294295073030611,664.8019763579897,640.9250000000002,617.0480236420107,47.75,6.0
117,610.15,2020-04-16 09:45:00+05:30,616.6,609.0,615.65,621763,18.85873070350354,624.3285714285711,-2.6167139156426202,666.371007998511,639.0600000000002,611.7489920014893,54.62,7.0
118,611.05,2020-04-16 09:55:00+05:30,611.55,608.05,610.15,588426,20.534566650200034,620.3928571428568,1.6758359466964947,666.9001626083443,637.2225000000001,607.5448373916558,59.36,5.0
119,614.7,2020-04-16 10:05:00+05:30,616.05,610.85,611.15,625523,27.109559958628992,617.1499999999996,6.574993308428958,666.4094920200434,635.5600000000002,604.7105079799569,61.7,2.0
120,619.85,2020-04-16 10:15:00+05:30,619.95,614.7,614.85,563509,35.25013317266608,614.2714285714283,8.14057321403709,665.2161310074542,634.1650000000002,603.1138689925461,62.1,0.0
121,617.0,2020-04-16 10:25:00+05:30,621.6,617.0,619.85,427622,33.050336150438156,614.6428571428569,-2.1997970222279264,663.3754142761252,632.4700000000001,601.5645857238751,61.81,-0.0
122,617.65,2020-04-16 10:35:00+05:30,618.25,616.0,616.7,192121,34.06102441618776,615.1642857142854,1.0106882657496072,660.945894967721,630.7650000000001,600.5841050322792,60.36,-1.0
123,619.55,2020-04-16 10:45:00+05:30,619.55,616.6,617.85,290812,37.052413034456826,615.7071428571426,2.991388618269063,658.4519528797395,629.2575,600.0630471202606,58.39,-2.0
124,621.45,2020-04-16 10:55:00+05:30,622.0,618.8,619.6,362765,39.9845122678781,617.3214285714283,2.932099233421276,655.8244310754876,627.9050000000001,599.9855689245126,55.84,-3.0
125,620.2,2020-04-16 11:05:00+05:30,623.0,619.15,621.6,335881,38.707099358992316,618.6285714285711,-1.2774129088857862,653.4345243627964,626.6300000000001,599.8254756372038,53.61,-2.0
126,621.75,2020-04-16 11:15:00+05:30,622.5,620.0,620.2,245977,41.21501142220639,619.635714285714,2.5079120632140715,651.3032068149121,625.5675000000001,599.8317931850881,51.47,-2.0
127,622.5,2020-04-16 11:25:00+05:30,625.85,621.75,622.0,541432,42.44222561987929,620.0142857142854,1.2272141976729003,648.4221156767463,624.4225000000001,600.4228843232539,48.0,-3.0
128,623.5,2020-04-16 11:35:00+05:30,625.0,621.0,622.7,316600,44.11737728476245,620.9428571428568,1.6751516648831597,644.9190948552996,623.2750000000001,601.6309051447006,43.29,-5.0
129,623.5,2020-04-16 11:45:00+05:30,626.0,623.0,623.5,331804,44.11737728476245,621.7785714285711,0.0,641.4635343113325,622.2300000000001,602.9964656886677,38.47,-5.0
130,624.0,2020-04-16 11:55:00+05:30,624.65,621.3,623.4,410007,45.04484321089417,622.4142857142854,0.927465926131724,638.3305461445843,621.3500000000001,604.3694538554159,33.96,-5.0
131,624.0,2020-04-16 12:05:00+05:30,624.65,622.0,623.8,157919,45.04484321089417,622.7785714285711,0.0,635.6176278826085,620.6200000000001,605.6223721173917,30.0,-4.0
132,624.6,2020-04-16 12:15:00+05:30,625.0,622.75,624.05,307475,46.285532603916415,623.4071428571426,1.2406893930222438,632.9129607470271,619.9800000000001,607.0470392529731,25.87,-4.0
133,624.0,2020-04-16 12:25:00+05:30,624.95,624.0,624.75,136934,45.18690156542101,623.7285714285712,-1.0986310384954052,628.3227509392289,619.1800000000001,610.0372490607713,18.29,-8.0
134,623.15,2020-04-16 12:35:00+05:30,624.5,622.35,624.05,234744,43.6077541342554,623.8214285714283,-1.5791474311656089,628.6337003316797,619.6175000000001,610.6012996683204,18.03,-0.0
135,629.4,2020-04-16 12:45:00+05:30,630.25,623.0,623.15,408421,55.83071142642388,624.6642857142854,12.22295729216848,629.9947272685414,620.3875,610.7802727314587,19.21,1.0
136,630.95,2020-04-16 12:55:00+05:30,634.55,626.3,629.3,373527,58.24769513143472,625.7285714285711,2.4169837050108356,631.5795091923565,621.1475000000002,610.7154908076438,20.86,2.0
137,628.5,2020-04-16 13:05:00+05:30,631.9,627.1,630.95,204600,53.28437525057063,626.3714285714283,-4.963319880864084,631.614929732447,622.0650000000002,612.5150702675534,19.1,-2.0
138,628.3,2020-04-16 13:15:00+05:30,629.4,626.55,628.55,554959,52.88818772121842,626.9857142857139,-0.39618752935221124,631.3364222665066,622.9275000000001,614.5185777334937,16.82,-2.0
139,626.4,2020-04-16 13:25:00+05:30,628.75,626.25,628.3,115025,49.14942700428834,627.2428571428567,-3.7387607169300807,631.0991139038609,623.5125,615.9258860961392,15.17,-2.0
140,626.0,2020-04-16 13:35:00+05:30,627.2,626.0,626.25,118041,48.37412100302523,627.528571428571,-0.775306001263111,631.2790390237507,623.82,616.3609609762494,14.92,-0.0
141,626.65,2020-04-16 13:45:00+05:30,627.5,624.5,626.05,192235,49.76098492898195,628.028571428571,1.3868639259567175,631.1253312536462,624.3025,617.4796687463538,13.65,-1.0
142,625.4,2020-04-16 13:55:00+05:30,626.65,624.25,626.6,187257,47.138439993995014,627.4571428571425,-2.6225449349869336,630.7608622469131,624.69,618.619137753087,12.14,-2.0
143,624.7,2020-04-16 14:05:00+05:30,626.1,624.45,625.5,155242,45.68635126239421,626.5642857142853,-1.4520887316008029,630.5165379968599,624.9475000000001,619.3784620031403,11.14,-1.0
144,625.5,2020-04-16 14:15:00+05:30,627.95,624.7,624.85,223443,47.6703544821054,626.1357142857139,1.984003219711191,630.4726427943019,625.1500000000001,619.8273572056983,10.65,-0.0
145,625.1,2020-04-16 14:25:00+05:30,627.5,624.45,625.5,246809,46.750800701008096,625.678571428571,-0.9195537810973065,630.1824726878372,625.3950000000001,620.607527312163,9.57,-1.0
146,624.65,2020-04-16 14:35:00+05:30,625.9,624.3,625.4,169441,45.683167267854074,625.428571428571,-1.0676334331540218,630.0290041094526,625.5400000000001,621.0509958905476,8.98,-1.0
147,624.1,2020-04-16 14:45:00+05:30,626.3,624.0,624.55,200708,44.35006868197427,625.1571428571425,-1.333098585879803,629.9345286990217,625.6200000000001,621.3054713009785,8.63,-0.0
148,621.65,2020-04-16 14:55:00+05:30,624.4,621.1,624.25,802084,38.90394189635395,624.4428571428568,-5.446126785620322,630.1047291089407,625.5275,620.9502708910594,9.15,1.0
149,624.55,2020-04-16 15:05:00+05:30,627.2,621.0,621.65,1282339,47.17316384754749,624.3214285714283,8.269221951193543,630.0827944539676,625.58,621.0772055460325,9.01,-0.0
150,625.2,2020-04-16 15:15:00+05:30,626.45,624.0,624.55,1149998,48.8444255685125,624.3928571428569,1.6712617209650062,630.0857667623492,625.6400000000001,621.194233237651,8.89,-0.0
151,626.9,2020-04-16 15:25:00+05:30,626.9,624.25,625.3,362354,53.02978412173706,624.5928571428568,4.18535855322456,630.1945709303081,625.7850000000001,621.375429069692,8.82,-0.0
152,637.35,2020-04-17 09:15:00+05:30,644.25,633.6,644.0,542575,69.53183827822838,626.3428571428568,16.50205415649132,633.1749245158351,626.4225,619.670075484165,13.5,5.0
153,642.5,2020-04-17 09:25:00+05:30,643.75,637.15,637.3,423191,74.32016060244166,628.8928571428569,4.788322324213283,637.1032796634638,627.3475000000001,617.5917203365364,19.51,6.0
154,642.7,2020-04-17 09:35:00+05:30,645.95,640.5,642.35,408054,74.48784464129824,631.5499999999996,0.1676840388565779,640.0324200492882,628.325,616.6175799507118,23.41,4.0
155,643.35,2020-04-17 09:45:00+05:30,645.1,642.2,643.05,219327,75.0578787628825,634.6499999999997,0.570034121584257,642.5242922786864,629.0225000000002,615.5207077213139,27.0,4.0
156,639.5,2020-04-17 09:55:00+05:30,643.6,639.0,643.2,361666,65.6948363011932,636.785714285714,-9.36304246168929,643.7278813112027,629.45,615.1721186887974,28.56,2.0
157,639.65,2020-04-17 10:05:00+05:30,641.9,638.0,639.4,226598,65.87345554015141,638.8499999999997,0.17861923895820553,644.9828929743694,630.0075,615.0321070256307,29.95,1.0
158,639.95,2020-04-17 10:15:00+05:30,642.0,639.25,640.6,175331,66.25192636409145,640.7142857142854,0.3784708239400345,646.1794566260243,630.5900000000001,615.000543373976,31.18,1.0
159,636.7,2020-04-17 10:25:00+05:30,639.9,636.2,639.9,181288,58.66190432044158,640.6214285714283,-7.590022043649867,646.791866783193,631.1050000000002,615.4181332168075,31.37,0.0
160,636.1,2020-04-17 10:35:00+05:30,638.6,635.4,636.65,201048,57.35551599484669,639.7071428571426,-1.306388325594888,647.2551304009625,631.6100000000002,615.964869599038,31.29,-0.0
161,634.35,2020-04-17 10:45:00+05:30,636.1,632.2,636.1,229513,53.60579175645379,638.5142857142855,-3.7497242383929006,647.5045861697809,631.9950000000002,616.4854138302196,31.02,-0.0
162,635.3,2020-04-17 10:55:00+05:30,637.75,633.7,634.5,211192,55.31371606396875,637.3642857142855,1.7079243075149577,647.743148078864,632.4900000000002,617.2368519211365,30.51,-1.0
163,632.1,2020-04-17 11:05:00+05:30,636.3,632.1,635.3,236749,48.797261671540156,636.3071428571427,-6.516454392428592,647.6700819145524,632.8600000000002,618.0499180854481,29.62,-1.0
164,632.55,2020-04-17 11:15:00+05:30,633.4,631.3,632.05,134109,49.69477080094661,635.2928571428571,0.8975091294064512,647.6149805977436,633.2125000000002,618.8100194022568,28.8,-1.0
165,629.65,2020-04-17 11:25:00+05:30,632.65,628.2,632.5,255906,44.30501882852145,633.8214285714284,-5.3897519724251595,647.441075146685,633.4400000000002,619.4389248533154,28.0,-1.0
166,631.1,2020-04-17 11:35:00+05:30,631.95,628.5,629.65,128999,47.37813522743811,633.0214285714285,3.0731163989166603,647.1967404247295,633.7625000000002,620.3282595752709,26.87,-1.0
167,629.5,2020-04-17 11:45:00+05:30,631.0,628.1,630.95,138859,44.462750102554395,632.0785714285713,-2.915385124883713,646.8520687175983,634.0325000000001,621.212931282402,25.64,-1.0
168,627.55,2020-04-17 11:55:00+05:30,629.8,626.1,629.6,158354,41.14011404519883,631.1071428571428,-3.3226360573555667,646.1825666494592,634.3275000000001,622.472433350541,23.71,-2.0
169,630.0,2020-04-17 12:05:00+05:30,630.0,626.55,627.65,125768,46.54504982448716,630.3499999999998,5.40493577928833,645.73760817184,634.6000000000001,623.4623918281603,22.28,-1.0
170,630.0,2020-04-17 12:15:00+05:30,631.6,629.1,630.0,139880,46.54504982448716,630.0499999999998,0.0,645.3116961879437,634.8400000000001,624.3683038120566,20.94,-1.0
171,630.0,2020-04-17 12:25:00+05:30,631.15,629.4,630.15,198970,46.54504982448716,629.6857142857141,0.0,645.0555482742697,634.9950000000001,624.9344517257306,20.12,-1.0
172,631.65,2020-04-17 12:35:00+05:30,632.5,629.75,630.0,127409,50.377869918086446,629.9714285714283,3.832820093599288,644.8125062028643,634.7100000000002,624.607493797136,20.21,0.0
173,633.65,2020-04-17 12:45:00+05:30,634.5,631.5,631.65,201718,54.62484186211559,630.335714285714,4.246971944029141,643.6854154582587,634.2675000000002,624.8495845417416,18.84,-1.0
174,630.8,2020-04-17 12:55:00+05:30,634.0,630.5,633.6,126694,48.28322748755221,630.5214285714283,-6.3416143745633775,642.3193415286166,633.6725,625.0256584713834,17.29,-2.0
175,629.6,2020-04-17 13:05:00+05:30,631.1,629.15,630.8,110686,45.86862085847809,630.8142857142855,-2.4146066290741217,640.5051553735319,632.985,625.4648446264681,15.04,-2.0
176,629.1,2020-04-17 13:15:00+05:30,630.3,628.15,629.6,121352,44.86191783461091,630.6857142857141,-1.006703023867182,639.5116938869796,632.465,625.4183061130204,14.09,-1.0
177,629.8,2020-04-17 13:25:00+05:30,631.25,629.25,629.35,99621,46.6280038668037,630.6571428571426,1.7660860321927956,638.2384039756074,631.9725000000001,625.7065960243928,12.53,-2.0
178,629.6,2020-04-17 13:35:00+05:30,631.1,629.0,629.8,80354,46.17294828589235,630.5999999999998,-0.455055580911349,636.5462618640543,631.455,626.3637381359458,10.18,-2.0
179,629.65,2020-04-17 13:45:00+05:30,631.0,629.15,629.55,88942,46.31400809598251,630.3142857142856,0.14105981009015522,635.6071730122528,631.1025,626.5978269877471,9.01,-1.0
180,629.55,2020-04-17 13:55:00+05:30,630.6,629.05,629.65,111963,46.05406079587879,629.7285714285714,-0.25994730010371825,634.6595849199044,630.7749999999999,626.8904150800953,7.77,-1.0
181,630.5,2020-04-17 14:05:00+05:30,631.0,629.05,629.5,133521,48.983547227676034,629.6857142857142,2.929486431797244,634.0838193002144,630.5824999999999,627.0811806997854,7.0,-1.0
182,631.85,2020-04-17 14:15:00+05:30,632.4,629.2,630.45,174978,52.897965625100355,630.0071428571428,3.9144183974243205,633.2005102344142,630.41,627.6194897655857,5.58,-1.0
183,630.1,2020-04-17 14:25:00+05:30,632.5,630.0,631.75,174246,47.780056096724564,630.1499999999999,-5.11790952837579,632.9865256347797,630.31,627.6334743652202,5.35,-0.0
184,629.65,2020-04-17 14:35:00+05:30,631.0,629.05,630.05,171824,46.53331360274584,630.1285714285713,-1.2467424939787222,632.6369691702964,630.165,627.6930308297035,4.94,-0.0
185,629.8,2020-04-17 14:45:00+05:30,631.45,628.0,629.65,239262,47.029480479297504,630.1571428571426,0.49616687655166203,632.6387938314617,630.1724999999999,627.7062061685381,4.93,-0.0
186,628.2,2020-04-17 14:55:00+05:30,631.4,626.7,629.75,451288,42.49907208494356,629.9499999999998,-4.530408394353941,632.6027823043923,630.0274999999999,627.4522176956075,5.15,0.0
187,629.2,2020-04-17 15:05:00+05:30,629.25,626.0,628.15,645818,46.0003214823142,629.8999999999997,3.5012493973706356,632.6041617306787,630.0125,627.4208382693214,5.18,0.0
188,629.4,2020-04-17 15:15:00+05:30,630.0,628.1,629.15,700807,46.699350769902395,629.7428571428569,0.6990292875881963,632.4465919011492,630.105,627.7634080988508,4.68,-0.0
189,633.5,2020-04-17 15:25:00+05:30,635.0,629.35,629.4,388610,58.54628970861387,629.9785714285711,11.846938938711475,633.068963210482,630.28,627.4910367895179,5.58,1.0
190,650.95,2020-04-20 09:15:00+05:30,651.35,639.4,640.0,946898,79.46570891959527,632.9571428571425,20.919419210981403,640.9757600012948,631.3275000000001,621.6792399987054,19.3,14.0
191,651.4,2020-04-20 09:25:00+05:30,654.5,650.0,651.15,689056,79.74951610472748,636.0642857142853,0.28380718513220415,645.539777099817,632.3975,619.2552229001831,26.28,7.0
192,649.9,2020-04-20 09:35:00+05:30,653.0,647.8,651.0,648493,75.97982810059376,638.9357142857137,-3.7696880041337124,648.5935859666492,633.3100000000001,618.0264140333509,30.57,4.0
193,649.85,2020-04-20 09:45:00+05:30,652.7,649.35,649.45,385094,75.85112091826863,642.028571428571,-0.12870718232512957,651.1022012087567,634.1200000000001,617.1377987912435,33.96,3.0
194,651.95,2020-04-20 09:55:00+05:30,652.45,646.6,649.9,455277,77.5697147418959,645.278571428571,1.718593823627259,653.8401414049697,635.1775000000001,616.5148585950305,37.33,3.0
195,652.8,2020-04-20 10:05:00+05:30,653.0,650.7,652.25,241880,78.24459655621855,648.6214285714283,0.67488181432266,656.3739372029918,636.3375000000001,616.3010627970084,40.07,3.0
196,655.9,2020-04-20 10:15:00+05:30,656.6,651.5,652.55,547214,80.54380473923334,651.8214285714282,2.299208183014784,659.205094898298,637.6775,616.1499051017021,43.06,3.0
197,656.0,2020-04-20 10:25:00+05:30,658.45,653.25,655.8,446235,80.61497531885841,652.5428571428567,0.07117057962507545,661.6551879929854,638.9875000000001,616.3198120070148,45.34,2.0
198,656.4,2020-04-20 10:35:00+05:30,657.2,654.3,656.0,237662,80.91569619831151,653.2571428571425,0.30072087945309534,663.8124218144652,640.3275000000001,616.842578185535,46.97,2.0
199,657.35,2020-04-20 10:45:00+05:30,657.8,655.5,656.0,223955,81.64401773321525,654.3214285714283,0.728321534903742,665.8053658363942,641.7125000000001,617.619634163606,48.19,1.0
200,659.4,2020-04-20 10:55:00+05:30,660.0,657.45,657.8,437499,83.13934486847948,655.685714285714,1.4953271352642332,667.818152239359,643.2050000000002,618.5918477606413,49.23,1.0
201,658.65,2020-04-20 11:05:00+05:30,661.0,658.05,659.3,631089,80.55388869001257,656.6428571428568,-2.585456178466913,669.3855514662068,644.6125000000001,619.8394485337933,49.55,0.0
202,656.6,2020-04-20 11:15:00+05:30,659.0,655.55,659.0,405400,73.79842794306431,657.185714285714,-6.755460746948259,670.4104945947106,645.8500000000001,621.2895054052897,49.12,-0.0
203,657.65,2020-04-20 11:25:00+05:30,659.5,656.25,656.6,200579,74.95687733619575,657.435714285714,1.1584493931314341,671.150676936536,647.2275000000001,623.3043230634642,47.85,-1.0
204,656.75,2020-04-20 11:35:00+05:30,658.5,656.3,657.5,207060,72.0176930542926,657.5428571428567,-2.9391842819031524,671.355990475134,648.5825000000001,625.8090095248662,45.55,-2.0
205,658.1,2020-04-20 11:45:00+05:30,658.5,656.0,657.0,179574,73.68456351740252,657.785714285714,1.6668704631099303,671.3282654019154,649.9975000000002,628.666734598085,42.66,-3.0
206,657.45,2020-04-20 11:55:00+05:30,658.5,656.75,658.1,119774,71.47682389260227,657.7999999999996,-2.2077396248002543,670.3719177128846,651.4600000000002,632.5480822871157,37.82,-5.0
207,657.0,2020-04-20 12:05:00+05:30,658.4,656.9,657.5,213411,69.91502294406209,657.4571428571426,-1.5618009485401814,668.7140938500811,652.8500000000001,636.9859061499192,31.73,-6.0
208,654.85,2020-04-20 12:15:00+05:30,657.2,653.15,657.0,433764,62.849081988023336,656.9142857142855,-7.065940956038752,665.5209521109791,654.1225000000002,642.7240478890212,22.8,-9.0
209,651.75,2020-04-20 12:25:00+05:30,655.5,651.55,654.45,285711,54.323989938517876,656.2214285714283,-8.52509204950546,661.2050550197981,655.0350000000001,648.864944980202,12.34,-10.0
210,654.6,2020-04-20 12:35:00+05:30,654.75,651.15,652.0,239207,59.73189633552021,655.7857142857141,5.4079063970023356,661.0874300632406,655.2175000000001,649.3475699367596,11.74,-1.0
211,655.9,2020-04-20 12:45:00+05:30,656.0,652.65,654.6,167050,61.9451644685371,655.6642857142855,2.2132681330168893,661.0347196892288,655.4425000000001,649.8502803107714,11.18,-1.0
212,655.1,2020-04-20 12:55:00+05:30,657.5,655.05,656.3,223536,59.76808872405445,655.2357142857142,-2.17707574448265,660.6568680886529,655.7025000000001,650.7481319113473,9.91,-1.0
213,656.75,2020-04-20 13:05:00+05:30,657.0,655.0,655.6,112240,62.68129560600164,655.1357142857141,2.9132068819471897,660.1784454760724,656.0475000000001,651.9165545239279,8.26,-2.0
214,657.0,2020-04-20 13:15:00+05:30,657.0,655.25,656.5,121753,63.11707507443628,655.1357142857141,0.4357794684346388,659.967782924181,656.3000000000001,652.6322170758191,7.34,-1.0
215,656.9,2020-04-20 13:25:00+05:30,657.0,656.45,656.9,82817,62.80117288458613,655.4285714285712,-0.3159021898501493,659.7871526953749,656.5050000000001,653.2228473046254,6.56,-1.0
216,656.0,2020-04-20 13:35:00+05:30,656.9,655.5,656.8,106396,59.895624819762496,656.035714285714,-2.905548064823634,659.788574786633,656.5100000000001,653.2314252133672,6.56,0.0
217,653.75,2020-04-20 13:45:00+05:30,656.2,653.5,656.0,243162,53.261299553042875,655.9142857142854,-6.634325266719621,659.8967442793099,656.3975000000002,652.8982557206904,7.0,0.0
218,652.85,2020-04-20 13:55:00+05:30,655.0,652.15,653.75,254127,50.83572111327671,655.4785714285712,-2.425578439766163,660.0620663300076,656.2200000000001,652.3779336699927,7.68,1.0
219,653.7,2020-04-20 14:05:00+05:30,654.5,652.3,652.85,168122,53.01217757220071,655.2785714285711,2.176456458924001,659.9984774179147,656.0375000000001,652.0765225820855,7.92,0.0
220,652.5,2020-04-20 14:15:00+05:30,654.5,650.25,653.7,319021,49.66919267571145,654.6714285714282,-3.342984896489263,659.6221812512989,655.6925000000002,651.7628187487015,7.86,-0.0
221,653.95,2020-04-20 14:25:00+05:30,654.5,652.2,652.5,226923,53.48611096158328,654.2357142857139,3.8169182858718287,659.2001805760984,655.4575000000002,651.714819423902,7.49,-0.0
222,653.95,2020-04-20 14:35:00+05:30,654.3,652.6,653.95,203532,53.48611096158328,653.8142857142855,0.0,659.0849692047968,655.3250000000003,651.5650307952037,7.52,0.0
223,653.75,2020-04-20 14:45:00+05:30,655.0,652.65,653.95,239139,52.84502767363856,653.4928571428569,-0.641083287944717,658.7853349619671,655.1300000000003,651.4746650380335,7.31,-0.0
224,653.8,2020-04-20 14:55:00+05:30,656.9,653.05,653.75,575954,52.996707007207554,653.4999999999998,0.15167933356899255,658.6004777718863,654.9825000000003,651.3645222281143,7.24,-0.0
225,652.4,2020-04-20 15:05:00+05:30,655.25,652.3,653.7,844324,48.31087675928666,653.435714285714,-4.685830247920897,658.1768337232669,654.6975000000002,651.2181662767335,6.96,-0.0
226,653.8,2020-04-20 15:15:00+05:30,654.0,651.45,652.4,852537,52.80474832360535,653.4499999999997,4.493871564318695,657.7615528277119,654.5150000000001,651.2684471722883,6.49,-0.0
227,650.95,2020-04-20 15:25:00+05:30,653.8,650.25,653.8,361472,44.35137438465759,653.2285714285711,-8.453373938947763,657.6081434937738,654.2125000000002,650.8168565062266,6.79,0.0
228,642.4,2020-04-21 09:15:00+05:30,644.05,627.8,627.8,1853392,29.232281070795707,651.5785714285711,-15.119093313861882,659.8501160238086,653.5900000000001,647.3298839761917,12.52,6.0
229,639.35,2020-04-21 09:25:00+05:30,645.65,636.3,642.95,909789,25.84732748333542,649.4928571428569,-3.384953587460288,661.8889567480536,652.9700000000001,644.0510432519467,17.84,5.0
230,643.1,2020-04-21 09:35:00+05:30,646.45,638.0,639.4,771476,35.70517591875203,647.9714285714283,9.857848435416614,662.2998047883189,652.3950000000002,642.4901952116816,19.81,2.0
231,642.0,2020-04-21 09:45:00+05:30,645.7,641.05,642.65,488052,34.26615596267965,646.285714285714,-1.4390199560723858,662.4811726732528,651.7000000000002,640.9188273267475,21.56,2.0
232,636.55,2020-04-21 09:55:00+05:30,642.4,635.0,642.0,672890,28.201612866682453,644.0214285714284,-6.064543095997195,663.3621145587069,650.7725000000002,638.1828854412934,25.18,4.0
233,637.05,2020-04-21 10:05:00+05:30,638.8,635.25,636.5,314738,29.435504796732758,641.6285714285713,1.233891930050305,663.4452672136819,649.7875000000001,636.1297327863184,27.32,2.0
234,637.9,2020-04-21 10:15:00+05:30,638.1,636.5,637.7,116528,31.587933377538747,639.7642857142855,2.1524285808059886,663.0273202191008,648.8325000000001,634.6376797808994,28.39,1.0
235,641.0,2020-04-21 10:25:00+05:30,641.85,636.8,637.75,307117,38.907085996010935,639.5642857142856,7.319152618472188,662.1103508689216,648.0375000000001,633.9646491310787,28.15,-0.0
236,638.5,2020-04-21 10:35:00+05:30,640.6,637.8,640.25,181816,35.59933383030365,639.442857142857,-3.307752165707285,661.326682960811,647.1625000000001,632.9983170391893,28.33,0.0
237,638.3,2020-04-21 10:45:00+05:30,639.0,637.45,638.5,147298,35.3404819075689,638.7571428571426,-0.258851922734749,660.7256603578173,646.3900000000001,632.0543396421829,28.67,0.0
238,638.75,2020-04-21 10:55:00+05:30,639.0,638.2,638.3,133287,36.4599818109465,638.2928571428569,1.1194999033776014,660.0697543564252,645.6850000000001,631.300245643575,28.77,0.0
239,639.15,2020-04-21 11:05:00+05:30,640.75,638.5,638.8,164454,37.495915968196286,638.6642857142854,1.035934157249784,659.1052643761145,644.9575,630.8097356238854,28.3,-0.0
240,641.4,2020-04-21 11:15:00+05:30,642.5,638.5,639.1,324281,43.11410825150208,639.2857142857139,5.618192283305795,658.1702149042301,644.4024999999999,630.6347850957698,27.54,-1.0
241,639.75,2020-04-21 11:25:00+05:30,641.4,639.6,641.15,122989,40.256453088928104,639.5499999999996,-2.857655162573977,656.8376121594362,643.6924999999999,630.5473878405636,26.29,-1.0
242,640.7,2020-04-21 11:35:00+05:30,640.9,639.05,640.0,106169,42.614836339853646,639.5071428571425,2.3583832509255416,655.3051953570026,643.03,630.7548046429973,24.55,-2.0
243,641.3,2020-04-21 11:45:00+05:30,642.0,639.5,640.6,142556,44.11531059825397,639.9071428571425,1.500474258400324,653.6095334150333,642.4074999999999,631.2054665849665,22.4,-2.0
244,641.1,2020-04-21 11:55:00+05:30,641.55,640.2,641.3,72649,43.70508353502943,640.3071428571426,-0.4102270632245393,651.6124013152918,641.7724999999999,631.9325986847081,19.68,-3.0
245,640.0,2020-04-21 12:05:00+05:30,641.4,639.5,641.15,82398,41.423536067452446,640.4857142857139,-2.281547467576985,649.6430194807252,641.1524999999999,632.6619805192746,16.98,-3.0
246,639.85,2020-04-21 12:15:00+05:30,641.0,639.55,640.15,77591,41.108390441272924,640.5857142857141,-0.3151456261795218,646.5148679853562,640.455,634.3951320146439,12.12,-5.0
247,638.2,2020-04-21 12:25:00+05:30,639.9,637.1,639.9,204549,37.70982239059853,640.1285714285713,-3.398568050674392,643.4081713930092,639.8175,636.2268286069908,7.18,-5.0
248,638.2,2020-04-21 12:35:00+05:30,639.7,637.7,638.3,98594,37.70982239059853,639.9071428571426,0.0,643.0504600177977,639.6075000000001,636.1645399822024,6.89,-0.0
249,637.2,2020-04-21 12:45:00+05:30,638.25,636.9,638.25,142561,35.638848680513775,639.4071428571426,-2.0709737100847576,643.1071566291627,639.5000000000001,635.8928433708376,7.21,0.0
250,638.45,2020-04-21 12:55:00+05:30,639.4,636.75,637.0,188720,40.0694536677858,638.9999999999998,4.430604987272027,642.4749379019211,639.2675000000002,636.0600620980792,6.41,-1.0
251,639.35,2020-04-21 13:05:00+05:30,640.2,638.2,638.45,183366,43.10628519137683,638.7499999999998,3.036831523591026,642.0749427133597,639.1350000000001,636.1950572866405,5.88,-1.0
252,637.7,2020-04-21 13:15:00+05:30,639.4,637.6,639.35,112165,39.18590274000564,638.4214285714282,-3.9203824513711893,641.9594620429835,639.1925000000002,636.4255379570169,5.53,-0.0
253,637.85,2020-04-21 13:25:00+05:30,638.0,637.0,637.75,129329,39.722606087694224,638.135714285714,0.5367033476885865,641.8900166484494,639.2325000000003,636.5749833515512,5.32,-0.0
254,639.3,2020-04-21 13:35:00+05:30,639.75,637.85,637.9,121867,44.79453907358299,638.2928571428569,5.071932985888765,641.8849254205252,639.3025000000002,636.7200745794753,5.16,-0.0
255,639.1,2020-04-21 13:45:00+05:30,639.45,638.2,639.25,87818,44.241575779992395,638.4214285714285,-0.5529632935905937,641.6637005318325,639.2075000000002,636.7512994681679,4.91,-0.0
256,638.2,2020-04-21 13:55:00+05:30,639.75,638.2,639.15,128760,41.74430485073719,638.5642857142856,-2.497270929255208,641.6704607490087,639.1925000000003,636.714539250992,4.96,0.0
257,638.1,2020-04-21 14:05:00+05:30,638.5,637.5,638.4,167082,41.46424489921799,638.5142857142856,-0.28005995151919905,641.6771838213218,639.1825000000003,636.6878161786789,4.99,0.0
258,640.1,2020-04-21 14:15:00+05:30,640.5,637.9,638.05,270783,48.85474464308324,638.6214285714285,7.390499743865249,641.7683536810983,639.2500000000003,636.7316463189023,5.04,0.0
259,638.7,2020-04-21 14:25:00+05:30,641.0,638.25,639.85,250203,44.608964989210016,638.7642857142856,-4.245779653873221,641.7576289752743,639.2275000000004,636.6973710247265,5.06,0.0
260,633.75,2020-04-21 14:35:00+05:30,638.8,632.2,638.6,619505,33.51759103432505,638.1785714285713,-11.091373954884965,642.1779140087044,638.8450000000005,635.5120859912965,6.67,2.0
261,635.3,2020-04-21 14:45:00+05:30,635.45,630.7,633.8,373828,38.66056313502653,637.6071428571428,5.142972100701478,642.279429255385,638.6225000000004,634.9655707446158,7.31,1.0
262,632.55,2020-04-21 14:55:00+05:30,635.4,632.15,634.9,322413,33.68213030892498,636.6714285714285,-4.978432826101546,642.6341092219736,638.2150000000004,633.7958907780271,8.84,2.0
263,633.75,2020-04-21 15:05:00+05:30,634.95,632.3,632.5,441577,37.46631014124137,636.0357142857141,3.78417983231639,642.4333648461582,637.8375000000003,633.2416351538425,9.19,0.0
264,632.5,2020-04-21 15:15:00+05:30,634.2,631.9,633.75,527044,35.2123332777269,635.2357142857142,-2.253976863514474,642.3167045662841,637.4075000000004,632.4982954337166,9.82,1.0
265,632.8,2020-04-21 15:25:00+05:30,633.0,632.0,632.3,153902,36.20429720916838,634.192857142857,0.9919639314414823,642.2058835697408,637.0475000000004,631.88911643026,10.32,0.0
266,633.8,2020-04-22 09:15:00+05:30,635.2,628.3,633.2,645723,39.527993623013785,633.492857142857,3.323696413845404,641.9209463919722,636.7450000000002,631.5690536080283,10.35,0.0
267,644.4,2020-04-22 09:25:00+05:30,644.5,634.1,634.1,792264,62.080117681297516,635.0142857142855,22.55212405828373,643.2418196063926,637.0550000000002,630.8681803936078,12.37,2.0
268,639.0,2020-04-22 09:35:00+05:30,644.1,638.6,644.1,479570,51.535876755103715,635.5428571428569,-10.544240926193801,643.3231956498307,637.0950000000001,630.8668043501696,12.46,0.0
269,640.6,2020-04-22 09:45:00+05:30,641.55,639.0,639.0,221603,54.02744254662857,636.692857142857,2.491565791524856,643.6878293486628,637.2650000000001,630.8421706513374,12.85,0.0
270,640.6,2020-04-22 09:55:00+05:30,641.2,638.35,640.55,186848,54.02744254662857,637.6714285714285,0.0,643.9489712182257,637.3725000000002,630.7960287817747,13.15,0.0
271,637.45,2020-04-22 10:05:00+05:30,640.75,636.25,640.6,242627,48.351688332797664,638.3785714285713,-5.675754213830906,643.7882583033123,637.2775000000001,630.766741696688,13.02,-0.0
272,634.65,2020-04-22 10:15:00+05:30,637.5,634.0,637.5,292415,43.93356554072279,638.6428571428569,-4.418122792074875,643.7361946527674,637.1250000000001,630.5138053472328,13.22,0.0
273,637.15,2020-04-22 10:25:00+05:30,638.4,634.8,634.95,233208,48.46173425619355,639.1214285714283,4.528168715470763,643.6924397404484,637.09,630.4875602595516,13.2,-0.0
274,640.45,2020-04-22 10:35:00+05:30,641.65,637.0,637.15,278288,53.76944649845605,638.5571428571426,5.307712242262497,643.8502468838836,637.1475000000002,630.4447531161167,13.41,0.0
275,637.55,2020-04-22 10:45:00+05:30,641.5,637.55,640.45,128683,48.99424822750008,638.3499999999997,-4.775198270955968,643.7132712297117,637.07,630.4267287702884,13.29,-0.0
276,639.85,2020-04-22 10:55:00+05:30,641.35,637.55,637.55,153864,52.59038955498113,638.2428571428569,3.5961413274810496,643.8950963295376,637.1525,630.4099036704624,13.49,0.0
277,638.8,2020-04-22 11:05:00+05:30,640.7,638.05,639.85,76730,50.828529967965736,637.9857142857139,-1.761859587015394,643.9580146348701,637.1875,630.4169853651299,13.54,0.0
278,638.15,2020-04-22 11:15:00+05:30,639.95,638.0,638.6,91015,49.71810751108843,638.085714285714,-1.1104224568773091,643.7389888427876,637.0899999999999,630.4410111572122,13.3,-0.0
279,638.55,2020-04-22 11:25:00+05:30,640.4,638.0,638.15,115666,50.43570504509934,638.6428571428569,0.7175975340109133,643.7241766272522,637.0824999999999,630.4408233727476,13.28,-0.0
280,640.8,2020-04-22 11:35:00+05:30,640.9,638.75,639.0,87485,54.37968594727815,639.1642857142855,3.943980902178808,644.0803070104469,637.4349999999998,630.7896929895528,13.29,0.0
281,641.35,2020-04-22 11:45:00+05:30,641.55,640.0,640.9,123181,55.31570699845419,639.2928571428571,0.9360210511760414,644.5229236186217,637.7375,630.9520763813782,13.57,0.0
282,640.45,2020-04-22 11:55:00+05:30,641.5,640.0,641.35,75345,53.385451625960016,639.7071428571427,-1.9302553724941731,644.5565727366878,638.1324999999999,631.708427263312,12.85,-1.0
283,639.5,2020-04-22 12:05:00+05:30,641.5,639.25,640.75,104784,51.34859415931707,639.6571428571426,-2.0368574666429495,644.5249936419593,638.42,632.3150063580406,12.21,-1.0
284,638.7,2020-04-22 12:15:00+05:30,639.85,638.15,639.75,113227,49.63130098825078,639.6428571428569,-1.717293171066288,644.1618166002629,638.73,633.2981833997371,10.86,-1.0
285,639.7,2020-04-22 12:25:00+05:30,640.0,637.4,638.7,141371,51.80123483200929,639.8642857142855,2.169933843758514,643.7438779222184,639.075,634.4061220777817,9.34,-2.0
286,640.7,2020-04-22 12:35:00+05:30,641.0,639.15,639.3,74998,53.93826538890245,640.1714285714282,2.1370305568931585,643.4193946910359,639.4200000000002,635.4206053089645,8.0,-1.0
287,641.25,2020-04-22 12:45:00+05:30,641.4,639.55,640.5,93809,55.11696835624832,640.2357142857139,1.1787029673458704,642.6351258706097,639.2625000000002,635.8898741293906,6.75,-1.0
288,644.45,2020-04-22 12:55:00+05:30,645.0,640.25,641.2,316362,61.31899723925174,640.678571428571,6.202028883003422,643.6231214319116,639.5350000000002,635.4468785680888,8.18,1.0
289,642.45,2020-04-22 13:05:00+05:30,645.0,642.0,644.75,204183,56.1011862211111,640.9642857142853,-5.217811018140644,643.8967875037206,639.6275000000003,635.35821249628,8.54,0.0
290,642.9,2020-04-22 13:15:00+05:30,643.0,642.1,642.45,107230,56.98803542857784,641.4499999999996,0.8868492074667387,644.2398998335826,639.7425000000002,635.2451001664177,8.99,0.0
291,642.5,2020-04-22 13:25:00+05:30,642.95,640.55,642.9,138960,55.90686466005779,641.9928571428567,-1.081170768520046,644.5174469389636,639.9950000000001,635.4725530610366,9.04,0.0
292,642.45,2020-04-22 13:35:00+05:30,642.8,641.6,642.75,131050,55.764447372956035,642.3857142857139,-0.1424172871017575,644.2665487955951,640.3850000000002,636.5034512044053,7.76,-1.0
293,642.4,2020-04-22 13:45:00+05:30,642.85,641.25,642.5,190638,55.61188414664491,642.628571428571,-0.1525632263111234,644.3119056026876,640.6475000000003,636.9830943973129,7.33,-0.0
294,642.75,2020-04-22 13:55:00+05:30,642.95,641.45,642.15,239525,56.50885033661186,642.8428571428567,0.8969661899669461,644.5433207129026,640.7625000000002,636.9816792870977,7.56,0.0
295,641.75,2020-04-22 14:05:00+05:30,642.95,641.0,642.75,186564,53.20100039266685,642.4571428571425,-3.3078499439450084,644.4569730780329,640.9725000000002,637.4880269219675,6.97,-1.0
296,642.7,2020-04-22 14:15:00+05:30,643.0,641.4,641.55,190946,55.84532237541212,642.4928571428567,2.644321982745268,644.6390676258461,641.1150000000002,637.5909323741544,7.05,0.0
297,642.5,2020-04-22 14:25:00+05:30,643.5,641.85,642.7,244120,55.13896023821689,642.435714285714,-0.706362137195228,644.6986065255849,641.3000000000003,637.9013934744157,6.8,-0.0
298,642.5,2020-04-22 14:35:00+05:30,643.0,641.05,642.5,167257,55.13896023821688,642.435714285714,-7.105427357601002e-15,644.6103227610936,641.5175000000003,638.424677238907,6.19,-1.0
299,641.8,2020-04-22 14:45:00+05:30,642.95,641.5,642.5,63183,52.44623325201162,642.3428571428568,-2.6927269862052583,644.4399389771977,641.6800000000003,638.9200610228029,5.52,-1.0
300,642.3,2020-04-22 14:55:00+05:30,642.5,641.25,641.8,151180,54.16794227097948,642.3285714285712,1.7217090189678572,644.4957067855156,641.7550000000003,639.0142932144851,5.48,-0.0
301,641.65,2020-04-22 15:05:00+05:30,643.5,641.45,642.5,424138,51.5547489283903,642.1714285714282,-2.6131933425891773,644.5046509447155,641.7700000000002,639.0353490552849,5.47,-0.0
302,641.75,2020-04-22 15:15:00+05:30,642.95,640.3,641.65,512561,51.93889314604025,642.1714285714282,0.384144217649947,644.4984168794323,641.8350000000003,639.1715831205682,5.33,-0.0
303,641.5,2020-04-22 15:25:00+05:30,642.0,639.15,642.0,232346,50.8532514682481,641.9999999999998,-1.0856416777921538,644.3696403603348,641.9350000000002,639.5003596396656,4.87,-0.0
304,638.85,2020-04-23 09:15:00+05:30,647.4,638.1,647.05,448497,41.05678776766711,641.4785714285712,-9.796463700580986,644.3357525764527,641.9425000000002,639.5492474235477,4.79,-0.0
305,643.5,2020-04-23 09:25:00+05:30,644.45,638.8,639.0,223693,56.78758964517099,641.6214285714284,15.730801877503879,644.3747439418355,642.1325000000002,639.8902560581648,4.48,-0.0
306,643.2,2020-04-23 09:35:00+05:30,643.65,640.9,643.6,147752,55.75377115646359,641.8214285714283,-1.0338184887073965,644.441478744827,642.2575000000002,640.0735212551733,4.37,-0.0
307,647.1,2020-04-23 09:45:00+05:30,648.5,642.35,643.65,403137,64.74039127604556,642.5071428571426,8.986620119581964,645.5720244173252,642.5500000000002,639.5279755826751,6.04,2.0
308,647.0,2020-04-23 09:55:00+05:30,651.0,644.85,647.05,380031,64.37932525549921,643.2714285714284,-0.36106602054634607,646.2092320933092,642.6775000000001,639.145767906691,7.06,1.0
309,644.65,2020-04-23 10:05:00+05:30,647.0,644.4,647.0,141603,56.41645501678416,643.6857142857141,-7.962870238715048,646.4248609577281,642.7875000000001,639.1501390422721,7.27,0.0
310,644.85,2020-04-23 10:15:00+05:30,645.0,642.65,644.8,130554,56.90499150409421,644.1642857142855,0.48853648731004995,646.6377673999141,642.8850000000001,639.1322326000861,7.51,0.0
311,645.5,2020-04-23 10:25:00+05:30,645.5,643.95,644.85,95438,58.531876598546425,645.1142857142855,1.6268850944522129,646.9588944135112,643.0350000000001,639.111105586489,7.85,0.0
312,645.0,2020-04-23 10:35:00+05:30,645.6,644.3,645.5,113756,56.756910796826965,645.3285714285712,-1.7749658017194605,647.171158392184,643.1625000000001,639.1538416078163,8.02,0.0
313,646.6,2020-04-23 10:45:00+05:30,646.7,644.9,644.95,117080,60.848402633908414,645.8142857142856,4.091491837081449,647.6443755895504,643.3725000000002,639.10062441045,8.54,1.0
314,648.3,2020-04-23 10:55:00+05:30,649.05,646.6,646.6,192550,64.67299711009292,645.9857142857142,3.824594476184508,648.4411101888884,643.6500000000001,638.8588898111118,9.58,1.0
315,648.6,2020-04-23 11:05:00+05:30,650.0,647.55,648.3,177331,65.3168861109909,646.2142857142856,0.6438890008979712,649.1750897813806,643.9925000000001,638.8099102186195,10.37,1.0
316,651.85,2020-04-23 11:15:00+05:30,652.0,648.55,648.6,284666,71.39874214496406,647.2428571428571,6.0818560339731675,650.6648379324229,644.45,638.2351620675772,12.43,2.0
317,651.75,2020-04-23 11:25:00+05:30,653.75,650.45,651.85,206437,70.98627084281677,648.2285714285714,-0.41247130214729566,651.85094173314,644.9125000000001,637.9740582668603,13.88,1.0
318,653.0,2020-04-23 11:35:00+05:30,653.0,651.0,651.75,192510,73.07978721552482,649.3,2.093516372708052,653.1528213938562,645.4375000000001,637.722178606144,15.43,2.0
319,655.1,2020-04-23 11:45:00+05:30,655.85,652.0,652.8,279543,76.18832860836957,650.7428571428571,3.1085413928447565,654.7358182618561,646.1025000000002,637.4691817381442,17.27,2.0
320,657.35,2020-04-23 11:55:00+05:30,657.7,654.3,655.0,276726,78.98792266977108,652.2785714285714,2.799594061401507,656.639622736991,646.8550000000002,637.0703772630095,19.57,2.0
321,655.95,2020-04-23 12:05:00+05:30,657.5,654.5,657.2,212787,73.21943760196591,653.3714285714285,-5.768485067805173,657.8314454711739,647.5700000000003,637.3085545288267,20.52,1.0
322,655.95,2020-04-23 12:15:00+05:30,657.85,655.65,655.95,169882,73.21943760196591,654.4214285714285,0.0,658.807477830595,648.2800000000003,637.7525221694057,21.05,1.0
323,655.65,2020-04-23 12:25:00+05:30,656.0,653.5,655.9,165706,71.91423322816674,654.9642857142854,-1.305204373799171,659.4983402688786,648.9875000000003,638.476659731122,21.02,-0.0
324,658.1,2020-04-23 12:35:00+05:30,658.3,655.0,655.55,341533,75.72066789776699,655.8714285714284,3.8064346696002502,660.0704326930583,649.9500000000003,639.8295673069423,20.24,-1.0
325,658.1,2020-04-23 12:45:00+05:30,659.55,657.5,658.15,342820,75.72066789776699,656.5999999999998,0.0,660.9466757803553,650.6800000000003,640.4133242196452,20.53,0.0
326,658.0,2020-04-23 12:55:00+05:30,658.3,656.0,657.85,282824,75.23797326942027,657.0142857142855,-0.48269462834672083,661.5491865938297,651.4200000000003,641.2908134061709,20.26,-0.0
327,656.5,2020-04-23 13:05:00+05:30,658.2,656.05,658.0,194536,68.2136387007759,656.8928571428569,-7.024334568644363,662.0474758571931,651.8900000000002,641.7325241428073,20.31,0.0
328,654.75,2020-04-23 13:15:00+05:30,656.8,654.0,656.5,165791,61.05219095292494,656.7214285714283,-7.161447747850964,662.238924279901,652.2775000000003,642.3160757200995,19.92,-0.0
329,655.95,2020-04-23 13:25:00+05:30,657.25,654.6,654.6,111519,63.85447424733216,656.7214285714283,2.802283294407225,662.2487283397194,652.8425000000003,643.4362716602812,18.81,-1.0
330,657.0,2020-04-23 13:35:00+05:30,657.4,654.5,656.0,130064,66.14949637196156,656.9142857142855,2.295022124629398,662.2314397572675,653.4500000000003,644.6685602427331,17.56,-1.0
331,664.35,2020-04-23 13:45:00+05:30,665.0,656.95,657.0,549068,77.10710475253008,657.8071428571427,10.957608380568516,663.6163977375987,654.3925000000003,645.1686022624018,18.45,1.0
332,669.0,2020-04-23 13:55:00+05:30,669.0,663.15,664.05,646666,81.24373963886369,659.3642857142855,4.13663488633361,665.8573236839779,655.5925000000003,645.3276763160227,20.53,2.0
333,671.75,2020-04-23 14:05:00+05:30,674.0,668.55,669.0,887004,83.17949281439562,661.3285714285712,1.9357531755319286,668.5395364817384,656.8500000000003,645.1604635182621,23.38,3.0
