,close,date,high,low,open,volume,RSI_14,sma_7,RSI_Trend,ub,mb,lb,band_diff,band_diff_trend
0,182.65,2020-04-09 09:15:00+05:30,184.0,180.1,184.0,2248532,0.0,0.0,,,,,,
1,183.25,2020-04-09 09:25:00+05:30,183.5,181.7,182.6,2293840,100.0,0.0,100.0,,,,,
2,182.9,2020-04-09 09:35:00+05:30,183.35,182.55,183.25,1035397,95.70552147239266,0.0,-4.294478527607339,,,,,
3,181.75,2020-04-09 09:45:00+05:30,183.15,181.6,182.75,1514901,83.08070462925016,0.0,-12.624816843142497,,,,,
4,182.85,2020-04-09 09:55:00+05:30,183.0,181.0,181.7,2961423,85.10473019836304,0.0,2.0240255691128795,,,,,
5,182.4,2020-04-09 10:05:00+05:30,182.95,182.2,182.85,1009109,80.84398142235355,0.0,-4.260748776009493,,,,,
6,182.5,2020-04-09 10:15:00+05:30,183.0,182.25,182.35,1474905,81.07077834373601,182.6142857142857,0.22679692138245855,,,,,
7,182.6,2020-04-09 10:25:00+05:30,183.0,182.1,182.65,733812,81.30909094824693,182.60714285714283,0.23831260451092362,,,,,
8,182.65,2020-04-09 10:35:00+05:30,182.9,182.3,182.6,804103,81.43494441926462,182.52142857142854,0.12585347101769173,,,,,
9,182.25,2020-04-09 10:45:00+05:30,182.85,182.25,182.65,1463970,76.96985546924027,182.4285714285714,-4.465088950024352,,,,,
10,182.15,2020-04-09 10:55:00+05:30,182.4,181.85,182.25,1423636,75.85015851854149,182.48571428571427,-1.1196969506987813,,,,,
11,182.7,2020-04-09 11:05:00+05:30,182.7,182.0,182.05,682137,77.76593999865736,182.46428571428572,1.915781480115868,,,,,
12,182.6,2020-04-09 11:15:00+05:30,183.0,182.3,182.6,674366,76.57648205527823,182.4928571428571,-1.189457943379125,,,,,
13,183.0,2020-04-09 11:25:00+05:30,183.0,182.25,182.55,543043,78.02440353644003,182.5642857142857,1.4479214811617993,,,,,
14,182.85,2020-04-09 11:35:00+05:30,183.5,182.65,182.95,809750,76.12406569703757,182.59999999999997,-1.900337839402468,,,,,
15,184.4,2020-04-09 11:45:00+05:30,184.5,182.75,182.75,1619822,81.21536143332426,182.84999999999997,5.091295736286696,,,,,
16,184.2,2020-04-09 11:55:00+05:30,185.3,184.05,184.4,1793930,78.87809959196312,183.1285714285714,-2.3372618413611406,,,,,
17,184.85,2020-04-09 12:05:00+05:30,185.0,184.05,184.15,892595,80.81091952534067,183.51428571428568,1.9328199333775444,,,,,
18,184.35,2020-04-09 12:15:00+05:30,184.9,184.3,184.85,986435,75.11667525163408,183.74999999999994,-5.6942442737065875,,,,,
19,184.65,2020-04-09 12:25:00+05:30,185.0,184.3,184.3,782218,76.20028698561009,184.04285714285712,1.0836117339760136,184.88260241727224,183.0775,181.27239758272773,3.61,
20,184.65,2020-04-09 12:35:00+05:30,185.35,184.35,184.6,886551,76.20028698561009,184.2785714285714,0.0,185.10062109261014,183.17749999999998,181.25437890738982,3.85,0.0
21,185.05,2020-04-09 12:45:00+05:30,185.1,184.5,184.55,831254,77.70184567614466,184.59285714285713,1.5015586905345657,185.36543758373864,183.26749999999998,181.16956241626133,4.2,0.0
22,185.15,2020-04-09 12:55:00+05:30,185.25,184.5,185.0,796385,78.07427953480229,184.7,0.37243385865762946,185.63070749110724,183.38,181.12929250889275,4.5,0.0
23,184.7,2020-04-09 13:05:00+05:30,185.25,184.45,185.2,1154713,72.22795704311977,184.77142857142854,-5.846322491682514,185.71417616065543,183.52749999999997,181.34082383934452,4.37,-0.0
24,184.9,2020-04-09 13:15:00+05:30,184.95,184.5,184.8,1211269,73.18888712469575,184.77857142857144,0.9609300815759809,185.87438480610936,183.63,181.38561519389063,4.49,0.0
25,184.75,2020-04-09 13:25:00+05:30,185.0,184.5,184.85,854406,71.19910982773285,184.83571428571432,-1.9897772969628988,185.9666688818825,183.7475,181.5283311181175,4.44,-0.0
26,184.5,2020-04-09 13:35:00+05:30,184.85,184.5,184.75,722599,67.88645713966511,184.81428571428572,-3.312652688067743,186.0094861726029,183.8475,181.6855138273971,4.32,-0.0
27,184.6,2020-04-09 13:45:00+05:30,184.8,184.35,184.5,1078176,68.51743785372958,184.80714285714285,0.6309807140644637,186.05074936579965,183.9475,181.84425063420034,4.21,-0.0
28,184.15,2020-04-09 13:55:00+05:30,184.7,183.4,184.6,1118972,62.56047240641939,184.67857142857142,-5.956965447310182,186.03600048684524,184.02249999999998,182.00899951315472,4.03,-0.0
29,184.1,2020-04-09 14:05:00+05:30,184.5,183.8,184.15,647662,61.916345478651294,184.5285714285714,-0.6441269277680988,185.94748465205024,184.11499999999998,182.28251534794973,3.66,-0.0
30,184.0,2020-04-09 14:15:00+05:30,184.15,183.95,184.05,678216,60.573068144093924,184.4285714285714,-1.3432773345573708,185.7923875105358,184.20749999999998,182.62261248946416,3.17,-0.0
31,184.4,2020-04-09 14:25:00+05:30,184.45,184.0,184.0,672186,63.942812077152375,184.35714285714283,3.3697439330584515,185.71053236545342,184.2925,182.87446763454656,2.84,-0.0
32,185.0,2020-04-09 14:35:00+05:30,185.15,184.35,184.45,1110037,68.3170771771781,184.3928571428571,4.374265100025731,185.61769707931927,184.4125,183.20730292068072,2.41,-0.0
33,184.5,2020-04-09 14:45:00+05:30,185.2,184.5,185.0,910544,61.60951825258407,184.3928571428571,-6.707558924594039,185.49268393184622,184.4875,183.4823160681538,2.01,-0.0
34,185.1,2020-04-09 14:55:00+05:30,185.2,184.25,184.45,830097,65.93212911982943,184.4642857142857,4.322610867245359,185.28671606022294,184.6,183.91328393977705,1.37,-1.0
35,185.0,2020-04-09 15:05:00+05:30,186.25,184.95,185.0,1449861,64.62606728037503,184.58571428571423,-1.3060618394544008,185.3321770656883,184.63,183.92782293431168,1.4,0.0
36,185.3,2020-04-09 15:15:00+05:30,185.4,184.95,185.0,1369153,66.75378857650828,184.7571428571428,2.1277212961332594,185.41704831592034,184.685,183.95295168407966,1.46,0.0
37,184.85,2020-04-09 15:25:00+05:30,185.45,184.8,185.3,405500,60.84210018282132,184.87857142857138,-5.9116883936869655,185.41704831592034,184.685,183.95295168407966,1.46,0.0
38,183.1,2020-04-13 09:15:00+05:30,184.85,182.1,184.5,792417,44.38144073202316,184.69285714285706,-16.46065945079816,185.63477986560807,184.6225,183.61022013439194,2.02,1.0
39,182.55,2020-04-13 09:25:00+05:30,183.25,182.5,183.0,621826,40.65836188013191,184.34285714285707,-3.7230788518912448,185.88950391283768,184.5175,183.14549608716234,2.74,1.0
40,182.8,2020-04-13 09:35:00+05:30,183.45,182.55,182.55,556478,42.99905716217197,184.0999999999999,2.340695282040059,185.99461275814326,184.425,182.85538724185676,3.14,0.0
41,182.65,2020-04-13 09:45:00+05:30,183.2,182.55,182.75,554170,41.93037147562756,183.74999999999994,-1.0686856865444128,186.03245629847987,184.305,182.57754370152014,3.45,0.0
42,183.55,2020-04-13 09:55:00+05:30,183.65,182.5,182.6,570517,49.965559460109375,183.54285714285706,8.035187984481816,185.93580159728214,184.22500000000002,182.5141984027179,3.42,-0.0
43,183.5,2020-04-13 10:05:00+05:30,184.55,183.35,183.7,485831,49.555308734159745,183.28571428571422,-0.41025072594963063,185.88977305906113,184.16500000000002,182.4402269409389,3.45,0.0
44,183.25,2020-04-13 10:15:00+05:30,183.7,183.0,183.5,238581,47.45716571368676,183.0571428571428,-2.098143020472982,185.8170634973433,184.08250000000004,182.34793650265678,3.47,0.0
45,183.15,2020-04-13 10:25:00+05:30,183.5,183.0,183.25,403362,46.60712084052428,183.0642857142857,-0.8500448731624815,185.7549343970002,184.00250000000003,182.25006560299985,3.5,0.0
46,183.8,2020-04-13 10:35:00+05:30,184.2,182.85,183.2,541360,52.55580824136047,183.2428571428571,5.948687400836185,185.70600359126522,183.96750000000003,182.22899640873484,3.48,-0.0
47,183.75,2020-04-13 10:45:00+05:30,184.0,183.35,183.8,320289,52.07517930689173,183.3785714285714,-0.48062893446874,185.63979628988096,183.92500000000004,182.21020371011912,3.43,-0.0
48,183.8,2020-04-13 10:55:00+05:30,183.95,183.5,183.75,376952,52.54256790255534,183.54285714285712,0.4673885956636141,185.61976996149926,183.90750000000006,182.19523003850085,3.42,-0.0
49,184.05,2020-04-13 11:05:00+05:30,184.25,183.8,183.8,383702,54.91038850839063,183.61428571428567,2.3678206058352913,185.61623224299734,183.90500000000006,182.19376775700277,3.42,0.0
50,184.3,2020-04-13 11:15:00+05:30,184.6,183.95,184.1,666948,57.20958326370191,183.72857142857137,2.2991947553112766,185.63997552002166,183.92000000000007,182.20002447997848,3.44,0.0
51,185.35,2020-04-13 11:25:00+05:30,185.35,184.15,184.4,648001,65.22911462253157,184.02857142857138,8.01953135882966,185.79255227034014,183.96750000000006,182.14244772965998,3.65,0.0
52,185.6,2020-04-13 11:35:00+05:30,186.6,185.0,185.3,931835,66.8234128920958,184.37857142857135,1.5942982695642343,185.9115684143303,183.99750000000006,182.0834315856698,3.83,0.0
53,185.1,2020-04-13 11:45:00+05:30,186.3,185.0,185.6,468567,60.8172729513551,184.56428571428563,-6.006139940740702,185.99285118061835,184.02750000000006,182.06214881938178,3.93,0.0
54,184.7,2020-04-13 11:55:00+05:30,185.5,184.5,185.05,503515,56.44631097445685,184.6999999999999,-4.370961976898251,185.93466726939064,184.00750000000005,182.08033273060946,3.85,-0.0
55,185.05,2020-04-13 12:05:00+05:30,185.25,184.55,184.7,298588,59.20885208455998,184.87857142857135,2.762541110103129,185.9427101233896,184.01000000000005,182.0772898766105,3.87,0.0
56,185.2,2020-04-13 12:15:00+05:30,185.4,184.9,185.05,276793,60.36903469699965,185.04285714285706,1.1601826124396695,185.92412809149857,184.00500000000005,182.08587190850153,3.84,-0.0
57,184.6,2020-04-13 12:25:00+05:30,185.25,184.35,185.25,540088,53.77994453816282,185.0857142857142,-6.589090158836825,185.89160643808026,183.99250000000004,182.0933935619198,3.8,-0.0
58,184.05,2020-04-13 12:35:00+05:30,184.8,184.0,184.6,345411,48.548918293256065,184.89999999999992,-5.231026244906758,185.8920543359086,184.04000000000005,182.1879456640915,3.7,-0.0
59,183.75,2020-04-13 12:45:00+05:30,184.3,183.5,184.05,596264,45.9249505329124,184.63571428571422,-2.6239677603436675,185.8219939482747,184.10000000000005,182.3780060517254,3.44,-0.0
60,183.6,2020-04-13 12:55:00+05:30,183.9,183.5,183.75,393612,44.62620641275379,184.42142857142852,-1.2987441201586094,185.7695301227816,184.14000000000004,182.5104698772185,3.26,-0.0
61,182.9,2020-04-13 13:05:00+05:30,183.95,182.9,183.6,429811,39.07300781033078,184.16428571428565,-5.553198602423009,185.7371218210631,184.15250000000003,182.56787817893695,3.17,-0.0
62,182.55,2020-04-13 13:15:00+05:30,183.65,182.55,182.9,333975,36.61932585857072,183.8071428571428,-2.4536819517600605,185.82433347810283,184.10250000000002,182.3806665218972,3.44,0.0
63,182.7,2020-04-13 13:25:00+05:30,183.15,182.1,182.6,491405,38.404570787785715,183.44999999999996,1.785244929214997,185.87789469392658,184.06250000000003,182.24710530607348,3.63,0.0
64,183.05,2020-04-13 13:35:00+05:30,183.1,182.35,182.65,280884,42.4760403781206,183.22857142857137,4.071469590334885,185.8888221251644,184.05250000000004,182.21617787483567,3.67,0.0
65,182.6,2020-04-13 13:45:00+05:30,183.35,182.35,183.05,305670,38.91445909336491,183.02142857142852,-3.5615812847556896,185.93329215461583,184.02500000000003,182.11670784538424,3.82,0.0
66,182.75,2020-04-13 13:55:00+05:30,183.15,182.5,182.5,247429,40.69939006169335,182.87857142857138,1.784930968328439,185.96286494934444,183.97250000000003,181.98213505065561,3.98,0.0
67,182.0,2020-04-13 14:05:00+05:30,183.0,181.55,182.85,514584,35.16633714365204,182.64999999999995,-5.533052918041307,186.06169474203435,183.88500000000002,181.7083052579657,4.35,0.0
68,182.15,2020-04-13 14:15:00+05:30,182.3,181.55,181.95,282885,37.01074958182935,182.54285714285712,1.844412438177308,186.11367992194005,183.8025,181.49132007805997,4.62,0.0
69,182.95,2020-04-13 14:25:00+05:30,183.0,182.15,182.15,340113,45.857419899602846,182.59999999999997,8.846670317773494,186.0860724390387,183.7475,181.4089275609613,4.68,0.0
70,182.95,2020-04-13 14:35:00+05:30,183.15,182.65,182.95,340712,45.857419899602846,182.63571428571427,0.0,186.0293336121233,183.67999999999998,181.33066638787665,4.7,0.0
71,182.65,2020-04-13 14:45:00+05:30,183.25,182.3,183.0,460591,43.21759779725734,182.57857142857142,-2.639822102345505,185.79862865292023,183.545,181.29137134707975,4.51,-0.0
72,181.65,2020-04-13 14:55:00+05:30,182.9,181.6,182.6,368901,35.81628144764461,182.44285714285715,-7.401316349612728,185.53417616065545,183.3475,181.16082383934454,4.37,-0.0
73,181.65,2020-04-13 15:05:00+05:30,181.95,181.55,181.65,542326,35.81628144764461,182.2857142857143,0.0,185.32356133016344,183.175,181.02643866983658,4.3,-0.0
74,181.4,2020-04-13 15:15:00+05:30,181.8,181.05,181.7,944202,34.12197531127269,182.20000000000005,-1.694306136371921,185.17226002623477,183.01000000000002,180.84773997376527,4.32,0.0
75,181.9,2020-04-13 15:25:00+05:30,181.9,181.4,181.45,277901,40.21354060398304,182.16428571428577,6.091565292710349,184.84101306521393,182.85250000000002,180.8639869347861,3.98,-0.0
76,184.8,2020-04-15 09:15:00+05:30,185.55,183.0,184.05,2168344,62.10206735242105,182.42857142857147,21.88852674843801,184.7274447985295,182.83250000000004,180.9375552014706,3.79,-0.0
77,184.5,2020-04-15 09:25:00+05:30,185.2,184.0,184.9,1277556,59.66837408535637,182.65000000000003,-2.433693267064683,184.7032384510753,182.82750000000004,180.9517615489248,3.75,-0.0
78,184.9,2020-04-15 09:35:00+05:30,185.1,184.25,184.55,961838,61.816964593821695,182.9714285714286,2.1485905084653254,184.89494964199898,182.87000000000003,180.8450503580011,4.05,0.0
79,186.0,2020-04-15 09:45:00+05:30,186.25,184.6,184.95,1532885,67.0201983705059,183.59285714285716,5.2032337766842005,185.42106623103783,182.98250000000002,180.5439337689622,4.88,1.0
80,187.3,2020-04-15 09:55:00+05:30,188.05,185.9,186.0,2050974,71.89466407960649,184.4,4.8744657091005905,186.27339846311148,183.16750000000005,180.06160153688862,6.21,1.0
81,190.0,2020-04-15 10:05:00+05:30,190.4,186.8,187.3,2335923,78.87747048162569,185.6285714285714,6.982806402019207,187.8732379894257,183.52250000000004,179.17176201057438,8.7,2.0
82,191.2,2020-04-15 10:15:00+05:30,191.5,190.0,190.0,2186390,81.12234204713417,186.95714285714283,2.2448715655084754,189.4642171571114,183.955,178.44578284288863,11.02,2.0
83,192.05,2020-04-15 10:25:00+05:30,192.5,191.0,191.2,1876399,82.53801081617577,187.9928571428571,1.415668769041602,190.9719455369982,184.42250000000004,177.8730544630019,13.1,2.0
84,192.05,2020-04-15 10:35:00+05:30,193.7,192.0,192.0,1706338,82.53801081617577,189.07142857142853,0.0,192.21376584524268,184.87250000000003,177.53123415475739,14.68,2.0
85,191.9,2020-04-15 10:45:00+05:30,192.1,191.4,192.1,1257246,81.29035651881217,190.07142857142853,-1.2476542973635958,193.23012647232082,185.33750000000003,177.44487352767925,15.79,1.0
86,191.8,2020-04-15 10:55:00+05:30,192.55,191.4,191.8,1908478,80.41761650144628,190.89999999999995,-0.8727400173658992,194.08543945728462,185.79000000000005,177.49456054271548,16.59,1.0
87,190.95,2020-04-15 11:05:00+05:30,191.8,190.85,191.7,1141249,73.22165227823086,191.42142857142855,-7.195964223215412,194.63705355956498,186.23750000000004,177.8379464404351,16.8,0.0
88,190.85,2020-04-15 11:15:00+05:30,191.5,190.85,191.0,856397,72.40083380135567,191.54285714285712,-0.8208184768751892,195.08186038621628,186.67250000000004,178.2631396137838,16.82,0.0
89,191.2,2020-04-15 11:25:00+05:30,191.35,190.8,190.9,1027754,73.51971254255402,191.54285714285712,1.118878741198344,195.5347960112407,187.08500000000004,178.63520398875937,16.9,0.0
90,191.05,2020-04-15 11:35:00+05:30,191.9,191.0,191.2,1005416,72.16935802795831,191.39999999999995,-1.3503545145957077,195.88157472205248,187.49000000000007,179.09842527794765,16.78,-0.0
91,190.05,2020-04-15 11:45:00+05:30,191.25,189.3,191.05,1638331,63.76131902828442,191.11428571428567,-8.408038999673892,196.00187357204462,187.86000000000007,179.71812642795553,16.28,-0.0
92,190.15,2020-04-15 11:55:00+05:30,190.55,189.25,190.05,995264,64.21035787565042,190.86428571428567,0.44903884736599764,195.93449946762948,188.28500000000005,180.63550053237063,15.3,-1.0
93,191.15,2020-04-15 12:05:00+05:30,191.35,190.0,190.2,741270,68.4239630417519,190.77142857142854,4.2136051661014875,195.83282419584026,188.76000000000005,181.68717580415984,14.15,-1.0
94,190.55,2020-04-15 12:15:00+05:30,191.4,189.9,191.2,964037,63.58671036765131,190.7142857142857,-4.837252674100597,195.4154007481736,189.21750000000006,183.01959925182652,12.4,-2.0
95,189.95,2020-04-15 12:25:00+05:30,190.8,189.95,190.55,745476,59.088130052978926,190.58571428571426,-4.498580314672381,194.7748035850069,189.62000000000006,184.46519641499322,10.31,-2.0
96,190.5,2020-04-15 12:35:00+05:30,190.7,189.95,190.0,664485,61.7588950507412,190.48571428571427,2.6707649977622765,194.542024908279,189.90500000000003,185.26797509172107,9.27,-1.0
97,189.75,2020-04-15 12:45:00+05:30,190.5,189.7,190.5,820689,56.35619035351558,190.29999999999998,-5.402704697225623,194.0490725245263,190.16750000000005,186.28592747547378,7.76,-2.0
98,189.85,2020-04-15 12:55:00+05:30,190.1,189.65,189.75,598576,56.897613046360256,190.27142857142854,0.5414226928446766,193.41308710943977,190.41500000000002,187.41691289056027,6.0,-2.0
99,190.15,2020-04-15 13:05:00+05:30,190.55,189.7,189.95,909359,58.55855564297407,190.27142857142854,1.6609425966138147,192.79468662569346,190.62250000000003,188.4503133743066,4.34,-2.0
100,189.95,2020-04-15 13:15:00+05:30,190.85,189.9,190.2,753819,56.982087915853775,190.09999999999997,-1.5764677271202956,192.30924715232993,190.75500000000002,189.20075284767012,3.11,-1.0
101,190.8,2020-04-15 13:25:00+05:30,190.85,189.7,189.95,878689,61.701134369374635,190.13571428571427,4.7190464535208605,192.30806590109353,190.79500000000002,189.2819340989065,3.03,-0.0
102,191.15,2020-04-15 13:35:00+05:30,192.0,190.55,190.8,1448196,63.47776081795637,190.30714285714285,1.7766264485817373,192.30291123713465,190.79250000000005,189.28208876286544,3.02,-0.0
103,189.9,2020-04-15 13:45:00+05:30,191.2,189.75,191.2,1351709,53.866964613215806,190.22142857142856,-9.610796204740566,192.1228712335289,190.68500000000003,189.24712876647115,2.88,-0.0
104,190.0,2020-04-15 13:55:00+05:30,190.5,189.75,189.9,962559,54.46097787442858,190.25714285714284,0.5940132612127726,191.8977046068556,190.58250000000004,189.26729539314448,2.63,-0.0
105,188.95,2020-04-15 14:05:00+05:30,190.0,188.7,190.0,1566134,47.53930707909843,190.12857142857143,-6.921670795330151,191.7891748312842,190.435,189.0808251687158,2.71,0.0
106,188.2,2020-04-15 14:15:00+05:30,189.1,187.75,188.95,1488152,43.30555199538142,189.85,-4.233755083717007,191.79016671475924,190.255,188.71983328524075,3.07,0.0
107,190.35,2020-04-15 14:25:00+05:30,190.55,188.2,188.2,1293579,55.53160376763032,189.90714285714284,12.226051772248901,191.7260522624933,190.225,188.72394773750668,3.0,-0.0
108,190.95,2020-04-15 14:35:00+05:30,191.5,190.15,190.25,1269606,58.23819361676442,189.92857142857142,2.7065898491340974,191.74045479383196,190.23,188.71954520616802,3.02,0.0
109,189.95,2020-04-15 14:45:00+05:30,191.0,189.6,190.85,1153142,52.50251840774122,189.75714285714284,-5.735675209023199,191.61091517534646,190.1675,188.72408482465352,2.89,-0.0
110,189.85,2020-04-15 14:55:00+05:30,190.8,189.4,189.95,1408223,51.95150838350755,189.74999999999997,-0.5510100242336691,191.49514283285663,190.1075,188.71985716714335,2.78,-0.0
111,189.05,2020-04-15 15:05:00+05:30,189.85,188.35,189.85,1836676,47.64367144991907,189.61428571428567,-4.307836933588483,191.52370706514944,190.05749999999998,188.59129293485051,2.93,0.0
112,189.6,2020-04-15 15:15:00+05:30,189.75,188.75,189.0,1698315,50.67205910202533,189.7071428571428,3.028387652106261,191.50947359059313,190.02999999999997,188.5505264094068,2.96,0.0
113,190.25,2020-04-15 15:25:00+05:30,190.5,189.55,189.6,524733,54.05443034587324,189.99999999999994,3.3823712438479134,191.37295570989528,189.98499999999996,188.59704429010463,2.78,-0.0
114,188.1,2020-04-16 09:15:00+05:30,190.55,187.1,189.65,2071637,43.44331510255814,189.67857142857136,-10.611115243315105,191.4575169113109,189.86249999999995,188.267483088689,3.19,0.0
115,188.4,2020-04-16 09:25:00+05:30,188.4,187.2,188.1,855544,45.06383929677796,189.31428571428566,1.6205241942198185,191.50763567947777,189.78499999999997,188.06236432052216,3.45,0.0
116,188.9,2020-04-16 09:35:00+05:30,190.3,188.05,188.35,1046307,47.75093732972283,189.16428571428565,2.687098032944874,191.4364125659945,189.70499999999998,187.97358743400548,3.46,0.0
117,188.45,2020-04-16 09:45:00+05:30,189.75,188.25,188.9,674200,45.58962078125564,188.9642857142857,-2.161316548467191,191.45965873029428,189.63999999999996,187.82034126970564,3.64,0.0
118,188.7,2020-04-16 09:55:00+05:30,189.4,188.0,188.35,552310,47.02420528871193,188.91428571428568,1.434584507456293,191.44635988856723,189.58249999999995,187.71864011143268,3.73,0.0
119,188.7,2020-04-16 10:05:00+05:30,189.5,188.55,188.7,466934,47.02420528871193,188.78571428571428,0.0,191.39361354847517,189.50999999999993,187.6263864515247,3.77,0.0
120,189.4,2020-04-16 10:15:00+05:30,189.5,188.7,188.7,334710,51.2022366739614,188.66428571428574,4.178031385249469,191.35509319211548,189.48249999999996,187.60990680788444,3.75,-0.0
121,190.0,2020-04-16 10:25:00+05:30,191.2,189.35,189.4,1239100,54.51364863494461,188.9357142857143,3.3114119609832073,191.22878547255834,189.44249999999994,187.65621452744153,3.57,-0.0
122,189.2,2020-04-16 10:35:00+05:30,190.2,189.05,190.0,548469,49.67347176992531,189.05,-4.840176865019302,190.94167417498122,189.34499999999994,187.74832582501867,3.19,-0.0
123,188.85,2020-04-16 10:45:00+05:30,189.25,188.5,189.25,557966,47.678920803060784,189.04285714285714,-1.994550966864523,190.88136752122364,189.29249999999993,187.70363247877623,3.18,-0.0
124,188.8,2020-04-16 10:55:00+05:30,189.2,188.6,188.8,552460,47.38619627401545,189.09285714285713,-0.2927245290453371,190.7993523592824,189.23249999999993,187.66564764071745,3.13,-0.0
125,188.85,2020-04-16 11:05:00+05:30,189.0,188.4,188.75,477981,47.73178143101211,189.11428571428567,0.3455851569966626,190.79878006817083,189.22749999999994,187.65621993182904,3.14,0.0
126,189.0,2020-04-16 11:15:00+05:30,189.15,188.6,188.85,588006,48.81790534139211,189.15714285714282,1.086123910380003,190.7677719051802,189.26749999999996,187.7672280948197,3.0,-0.0
127,188.55,2020-04-16 11:25:00+05:30,189.25,188.5,188.95,542593,45.746709736095966,189.03571428571422,-3.071195605296147,190.61916387789995,189.17749999999995,187.73583612209995,2.88,-0.0
128,188.3,2020-04-16 11:35:00+05:30,188.65,188.1,188.5,516906,44.087298587303835,188.79285714285706,-1.659411148792131,190.27184876604102,189.045,187.81815123395896,2.45,-0.0
129,187.5,2020-04-16 11:45:00+05:30,188.35,187.5,188.3,721771,39.188521473675515,188.54999999999993,-4.89877711362832,190.25369455654234,188.92249999999999,187.59130544345763,2.66,0.0
130,188.35,2020-04-16 11:55:00+05:30,188.55,187.5,187.55,526419,46.04805971540245,188.47857142857134,6.859538241726938,190.12667530998837,188.8475,187.56832469001162,2.56,-0.0
131,188.65,2020-04-16 12:05:00+05:30,188.7,187.9,188.35,609161,48.266110386894994,188.4571428571428,2.2180506714925414,190.10585214652534,188.8275,187.54914785347464,2.56,0.0
132,188.6,2020-04-16 12:15:00+05:30,189.0,188.3,188.6,665378,47.91256332315216,188.42142857142852,-0.3535470637428304,190.00588147683493,188.77749999999997,187.54911852316502,2.46,-0.0
133,188.5,2020-04-16 12:25:00+05:30,188.65,188.3,188.65,427330,47.16839579093321,188.34999999999994,-0.7441675322189525,189.70804766717046,188.69,187.67195233282953,2.04,-0.0
134,187.6,2020-04-16 12:35:00+05:30,188.65,187.45,188.35,611896,40.99678777706812,188.21428571428564,-6.1716080138650895,189.76528704388764,188.665,187.56471295611234,2.2,0.0
135,188.2,2020-04-16 12:45:00+05:30,188.25,187.55,187.6,482721,46.063469879236386,188.19999999999996,5.066682102168265,189.76897817232683,188.65499999999997,187.54102182767312,2.23,0.0
136,187.95,2020-04-16 12:55:00+05:30,188.2,187.75,188.2,406789,44.35440632593933,188.26428571428568,-1.7090635532970566,189.75791182557404,188.60749999999996,187.45708817442588,2.3,0.0
137,187.7,2020-04-16 13:05:00+05:30,188.15,187.55,187.95,476565,42.65025604938453,188.17142857142855,-1.704150276554799,189.78888646334508,188.56999999999996,187.35111353665485,2.44,0.0
138,187.9,2020-04-16 13:15:00+05:30,187.95,187.65,187.65,502175,44.48778563631858,188.0642857142857,1.8375295869340462,189.78295440333704,188.52999999999997,187.2770455966629,2.51,0.0
139,187.7,2020-04-16 13:25:00+05:30,187.9,187.5,187.9,550043,43.0039166690637,187.93571428571428,-1.4838689672548782,189.78319445574067,188.47999999999996,187.17680554425925,2.61,0.0
140,187.5,2020-04-16 13:35:00+05:30,187.7,187.3,187.65,478224,41.51276735891287,187.79285714285714,-1.4911493101508313,189.68281192376756,188.38499999999996,187.08718807623237,2.6,-0.0
141,187.45,2020-04-16 13:45:00+05:30,187.5,187.2,187.5,532658,41.128809158500566,187.77142857142857,-0.38395820041230166,189.37589876138756,188.25749999999996,187.13910123861237,2.24,-0.0
142,187.35,2020-04-16 13:55:00+05:30,187.65,187.1,187.45,496501,40.32547463973386,187.65,-0.8033345187667038,189.2609734918037,188.16499999999996,187.06902650819623,2.19,-0.0
143,187.25,2020-04-16 14:05:00+05:30,187.4,187.15,187.35,426606,39.49471767561075,187.54999999999998,-0.8307569641231112,189.20378693705544,188.08499999999998,186.96621306294452,2.24,0.0
144,187.3,2020-04-16 14:15:00+05:30,187.65,187.2,187.25,478377,40.158539270764585,187.4928571428571,0.6638215951538342,189.12808106287397,188.00999999999996,186.89191893712595,2.24,0.0
145,187.35,2020-04-16 14:25:00+05:30,187.6,187.3,187.35,449942,40.85732453035916,187.41428571428565,0.6987852595945725,189.01647073347732,187.93499999999997,186.85352926652263,2.16,-0.0
146,186.75,2020-04-16 14:35:00+05:30,187.35,186.15,187.35,960866,35.5001299438223,187.27857142857138,-5.357194586536856,188.90561198818352,187.82249999999996,186.7393880118164,2.17,0.0
147,186.6,2020-04-16 14:45:00+05:30,186.8,186.3,186.75,643624,34.28965634482344,187.14999999999992,-1.2104735989988598,188.8809912583896,187.72499999999997,186.56900874161033,2.31,0.0
148,186.0,2020-04-16 14:55:00+05:30,186.6,185.45,186.6,1270398,29.89814245680502,186.94285714285706,-4.391513888018423,188.96553446441246,187.60999999999996,186.25446553558746,2.71,0.0
149,186.0,2020-04-16 15:05:00+05:30,186.3,185.85,186.1,1770223,29.89814245680502,186.74999999999994,0.0,189.07023528112808,187.53499999999994,185.9997647188718,3.07,0.0
150,187.0,2020-04-16 15:15:00+05:30,187.2,185.85,186.0,1897148,43.808540483703595,186.71428571428564,13.910398026898577,188.97022559388787,187.46749999999994,185.964774406112,3.01,-0.0
151,187.15,2020-04-16 15:25:00+05:30,187.2,186.9,187.1,568502,45.55377481816115,186.6928571428571,1.7452343344575567,188.79297924128227,187.39249999999996,185.99202075871764,2.8,-0.0
152,190.15,2020-04-17 09:15:00+05:30,190.8,188.9,190.45,1474791,67.3770926444266,187.09285714285713,21.823317826265445,189.2671907903285,187.46999999999997,185.67280920967144,3.59,1.0
153,190.15,2020-04-17 09:25:00+05:30,190.35,189.5,190.1,2917517,67.3770926444266,187.57857142857142,0.0,189.671455800438,187.55249999999995,185.4335441995619,4.24,1.0
154,190.6,2020-04-17 09:35:00+05:30,190.7,189.55,190.25,529097,69.50357855298763,188.15,2.126485908561037,190.22241541211403,187.70249999999996,185.18258458788588,5.04,1.0
155,190.4,2020-04-17 09:45:00+05:30,190.85,190.35,190.6,442114,67.40073649869687,188.77857142857144,-2.102842054290761,190.6015528480961,187.81249999999997,185.02344715190384,5.58,1.0
156,190.95,2020-04-17 09:55:00+05:30,191.4,190.0,190.4,903063,70.08148968448843,189.4857142857143,2.680753185791559,191.08539929392532,187.96249999999998,184.83960070607463,6.25,1.0
157,190.2,2020-04-17 10:05:00+05:30,190.95,189.8,190.95,787227,62.530184698367435,189.94285714285715,-7.551304986120996,191.36258537453995,188.08749999999998,184.81241462546,6.55,0.0
158,190.0,2020-04-17 10:15:00+05:30,190.35,189.8,190.2,678080,60.65334634979924,190.35,-1.8768383485681923,191.5751608959281,188.19249999999997,184.80983910407184,6.77,0.0
159,189.1,2020-04-17 10:25:00+05:30,190.15,188.9,190.0,867288,52.95122485755771,190.2,-7.702121492241531,191.6601578620231,188.2625,184.86484213797686,6.8,0.0
160,189.65,2020-04-17 10:35:00+05:30,190.3,188.95,189.25,665510,56.57992460784809,190.1285714285714,3.62869975029038,191.80195509724015,188.36999999999998,184.9380449027598,6.86,0.0
161,189.4,2020-04-17 10:45:00+05:30,189.65,189.1,189.55,567217,54.52151120630058,189.95714285714286,-2.0584134015475115,191.90020263326437,188.4675,185.03479736673563,6.87,0.0
162,189.45,2020-04-17 10:55:00+05:30,189.6,189.3,189.4,504328,54.87510216128167,189.82142857142858,0.3535909549810867,191.9897126221911,188.5725,185.1552873778089,6.83,-0.0
163,189.3,2020-04-17 11:05:00+05:30,189.6,189.25,189.45,475873,53.53047416203435,189.58571428571426,-1.3446279992473151,192.04787945077686,188.675,185.30212054922316,6.75,-0.0
164,189.45,2020-04-17 11:15:00+05:30,189.55,189.25,189.3,563053,54.72519940043027,189.47857142857143,1.1947252383959182,192.1075682620613,188.78249999999997,185.45743173793863,6.65,-0.0
165,189.2,2020-04-17 11:25:00+05:30,189.45,188.85,189.35,670436,52.311249120999214,189.3642857142857,-2.413950279431056,192.13456083577285,188.87499999999997,185.6154391642271,6.52,-0.0
166,188.3,2020-04-17 11:35:00+05:30,189.2,188.25,189.2,556506,44.67180658710791,189.25,-7.639442533891305,192.0699339987947,188.9525,185.83506600120526,6.23,-0.0
167,188.0,2020-04-17 11:45:00+05:30,188.35,187.8,188.3,588113,42.446587447389675,189.0142857142857,-2.2252191397182344,191.97608390683857,189.02249999999998,186.0689160931614,5.91,-0.0
168,187.3,2020-04-17 11:55:00+05:30,188.25,187.25,188.0,645763,37.72459464176412,188.7142857142857,-4.721992805625554,191.8091239347317,189.0875,186.3658760652683,5.44,-0.0
169,187.3,2020-04-17 12:05:00+05:30,187.5,186.95,187.3,778118,37.72459464176412,188.40714285714282,0.0,191.61323908452408,189.1525,186.69176091547592,4.92,-1.0
170,188.0,2020-04-17 12:15:00+05:30,188.5,187.1,187.3,713645,44.841110501687446,188.22142857142853,7.116515859923325,191.515273454671,189.20250000000001,186.88972654532904,4.63,-0.0
171,187.95,2020-04-17 12:25:00+05:30,188.3,187.55,188.05,464242,44.45037494386362,188.0071428571428,-0.39073555782382385,191.4300905996274,189.2425,187.05490940037262,4.38,-0.0
172,188.2,2020-04-17 12:35:00+05:30,188.2,187.65,187.9,371235,46.939970226446235,187.86428571428567,2.489595282582613,191.33610642562613,189.14499999999998,186.95389357437384,4.38,0.0
173,188.6,2020-04-17 12:45:00+05:30,188.7,188.1,188.3,486763,50.7437359062005,187.90714285714282,3.803765679754264,191.21820979715488,189.06749999999997,186.91679020284505,4.3,-0.0
174,188.4,2020-04-17 12:55:00+05:30,189.0,188.2,188.6,501274,48.85776683384692,187.9642857142857,-1.885969072353582,191.00053051475243,188.95749999999998,186.91446948524754,4.09,-0.0
175,188.35,2020-04-17 13:05:00+05:30,188.75,187.85,188.3,523910,48.373721188283454,188.11428571428567,-0.4840456455634623,190.7964861372288,188.85499999999996,186.9135138627711,3.88,-0.0
176,188.0,2020-04-17 13:15:00+05:30,188.5,187.85,188.35,461478,45.011985254775176,188.2142857142857,-3.361735933508278,190.41268558952856,188.70749999999998,187.0023144104714,3.41,-0.0
177,188.2,2020-04-17 13:25:00+05:30,188.3,187.85,187.95,351577,47.26716844556561,188.2428571428571,2.255183190790433,190.17300815694864,188.6075,187.04199184305133,3.13,-0.0
178,187.8,2020-04-17 13:35:00+05:30,188.25,187.75,188.15,400750,43.430751435136905,188.22142857142853,-3.836417010428704,189.95658226383253,188.4975,187.03841773616747,2.92,-0.0
179,187.95,2020-04-17 13:45:00+05:30,188.25,187.8,187.8,368404,45.22612825246232,188.18571428571425,1.7953768173254119,189.88971866599192,188.44,186.99028133400807,2.9,-0.0
180,188.0,2020-04-17 13:55:00+05:30,188.4,187.85,187.95,449566,45.843138139035226,188.09999999999997,0.6170098865729088,189.70120853669164,188.3575,187.01379146330834,2.69,-0.0
181,188.0,2020-04-17 14:05:00+05:30,188.2,187.95,188.0,364139,45.843138139035226,188.04285714285712,0.0,189.54568373689557,188.28749999999997,187.02931626310436,2.52,-0.0
182,188.6,2020-04-17 14:15:00+05:30,188.7,187.8,188.0,548090,53.182780701103724,188.0785714285714,7.339642562068498,189.3901959152082,188.24499999999998,187.09980408479174,2.29,-0.0
183,187.8,2020-04-17 14:25:00+05:30,188.7,187.8,188.55,498884,44.51928740642283,188.04999999999995,-8.66349329468089,189.2164979191264,188.17,187.12350208087358,2.09,-0.0
184,187.95,2020-04-17 14:35:00+05:30,188.2,187.65,187.85,580924,46.28611637770191,188.01428571428568,1.7668289712790752,188.9533337591545,188.09499999999997,187.23666624084544,1.72,-0.0
185,187.9,2020-04-17 14:45:00+05:30,188.3,187.65,188.0,594594,45.76296179445076,188.0285714285714,-0.5231545832511486,188.71548868469233,188.03,187.34451131530767,1.37,-0.0
186,188.2,2020-04-17 14:55:00+05:30,188.2,187.85,187.9,739936,49.454423595051026,188.0642857142857,3.6914618006002655,188.70362089253763,188.02499999999998,187.34637910746233,1.36,-0.0
187,188.45,2020-04-17 15:05:00+05:30,188.7,187.95,188.2,1204791,52.36407179626684,188.1285714285714,2.9096482012158162,188.75197815699514,188.04749999999996,187.34302184300478,1.41,0.0
188,188.1,2020-04-17 15:15:00+05:30,188.45,187.7,188.45,1762630,48.18232439692751,188.1428571428571,-4.181747399339329,188.6978277807859,188.08749999999995,187.477172219214,1.22,-0.0
189,188.2,2020-04-17 15:25:00+05:30,188.3,187.9,188.05,608776,49.42505346601467,188.08571428571426,1.2427290690871544,188.6183795605574,188.13249999999994,187.64662043944247,0.97,-0.0
190,186.45,2020-04-20 09:15:00+05:30,189.95,185.9,189.95,1165703,34.03971202786967,187.89285714285714,-15.385341438144998,188.95113203914264,188.05499999999992,187.1588679608572,1.79,1.0
191,185.3,2020-04-20 09:25:00+05:30,186.65,185.2,186.45,1040222,27.89466030110404,187.5142857142857,-6.1450517267656295,189.44720014308217,187.92249999999996,186.39779985691774,3.05,1.0
192,185.2,2020-04-20 09:35:00+05:30,185.95,184.6,185.4,913571,27.430928355658537,187.1285714285714,-0.46373194544550245,189.71522597412124,187.77249999999995,185.82977402587866,3.89,1.0
193,184.8,2020-04-20 09:45:00+05:30,185.5,184.7,185.1,677909,25.59779850948786,186.6428571428571,-1.833129846170678,189.89295108377678,187.58249999999995,185.27204891622313,4.62,1.0
194,184.85,2020-04-20 09:55:00+05:30,185.0,184.1,184.7,737292,26.26115010584492,186.12857142857138,0.6633515963570602,189.98118649210497,187.40499999999994,184.82881350789492,5.15,1.0
195,184.1,2020-04-20 10:05:00+05:30,184.9,184.0,184.9,603923,22.95507542888413,185.5571428571428,-3.3060746769607903,190.1179374391747,187.19249999999994,184.26706256082517,5.85,1.0
196,182.85,2020-04-20 10:15:00+05:30,184.15,182.4,184.1,1824782,18.72415722503348,184.79285714285706,-4.230918203850649,190.4151845081152,186.93499999999995,183.4548154918847,6.96,1.0
197,182.85,2020-04-20 10:25:00+05:30,183.6,182.75,182.85,1144786,18.72415722503348,184.27857142857133,0.0,190.5387537068961,186.66749999999996,182.79624629310382,7.74,1.0
198,181.75,2020-04-20 10:35:00+05:30,183.0,180.65,182.85,3108290,15.75963851520001,183.7714285714285,-2.96451870983347,190.77206370799362,186.36499999999995,181.95793629200628,8.81,1.0
199,182.35,2020-04-20 10:45:00+05:30,182.4,181.6,181.8,811870,22.92757561083495,183.36428571428561,7.16793709563494,190.77082408637153,186.08499999999995,181.39917591362837,9.37,1.0
200,182.35,2020-04-20 10:55:00+05:30,182.6,181.85,182.4,827351,22.92757561083495,183.0142857142856,0.0,190.67956501472898,185.80249999999995,180.92543498527093,9.75,0.0
201,181.55,2020-04-20 11:05:00+05:30,182.45,181.5,182.35,810233,20.261601994845577,182.54285714285703,-2.6659736159893725,190.59256450223097,185.47999999999996,180.36743549776895,10.23,0.0
202,181.05,2020-04-20 11:15:00+05:30,181.55,181.0,181.5,1080379,18.790946124511052,182.10714285714275,-1.4706558703345252,190.35802090662747,185.10249999999996,179.84697909337245,10.51,0.0
203,180.3,2020-04-20 11:25:00+05:30,181.15,180.1,181.05,1195216,16.818925429822812,181.74285714285705,-1.97202069468824,190.23677208870345,184.72749999999996,179.21822791129648,11.02,1.0
204,180.45,2020-04-20 11:35:00+05:30,180.6,179.55,180.3,1631336,18.65755699420589,181.39999999999992,1.8386315643830784,189.9583686354474,184.35249999999996,178.7466313645525,11.21,0.0
205,180.3,2020-04-20 11:45:00+05:30,180.6,179.7,180.35,700133,18.22375383665731,181.19285714285706,-0.43380315754858145,189.5961787922047,183.97249999999997,178.34882120779523,11.25,0.0
206,180.25,2020-04-20 11:55:00+05:30,180.5,180.1,180.35,507244,18.072909353660847,180.89285714285708,-0.1508444829964617,189.06273752633027,183.575,178.0872624736697,10.98,-0.0
207,179.85,2020-04-20 12:05:00+05:30,180.75,179.85,180.25,682989,16.86987475101219,180.53571428571422,-1.203034602648657,188.3655968604122,183.14499999999998,177.92440313958775,10.44,-1.0
208,180.5,2020-04-20 12:15:00+05:30,180.6,179.8,180.0,497985,25.543322205258676,180.38571428571422,8.673447454246485,187.55568174469417,182.765,177.9743182553058,9.58,-1.0
209,180.4,2020-04-20 12:25:00+05:30,181.2,180.4,180.5,809435,25.10927317991529,180.29285714285712,-0.4340490253433842,186.53059230055354,182.375,178.21940769944646,8.31,-1.0
210,180.1,2020-04-20 12:35:00+05:30,180.55,180.05,180.5,598834,23.802529369986672,180.26428571428568,-1.3067438099286193,185.8572610728209,182.0575,178.2577389271791,7.6,-1.0
211,180.3,2020-04-20 12:45:00+05:30,180.45,180.0,180.05,538457,26.547004171314924,180.24285714285708,2.744474801328252,185.35881925079278,181.8075,178.25618074920723,7.1,-0.0
212,180.4,2020-04-20 12:55:00+05:30,180.75,180.3,180.35,473281,27.944468421415536,180.2571428571428,1.3974642501006116,184.78673086597092,181.56750000000002,178.34826913402912,6.44,-1.0
213,180.25,2020-04-20 13:05:00+05:30,180.5,180.1,180.3,528276,27.111254068499704,180.2571428571428,-0.8332143529158316,184.2229078887012,181.34,178.4570921112988,5.77,-1.0
214,180.25,2020-04-20 13:15:00+05:30,180.35,179.65,180.25,1102368,27.111254068499704,180.3142857142857,0.0,183.50684002496243,181.11,178.7131599750376,4.79,-1.0
215,180.0,2020-04-20 13:25:00+05:30,180.5,179.8,180.15,962178,25.633870732408795,180.2428571428571,-1.4773833360909094,182.891242154103,180.90500000000003,178.91875784589706,3.97,-1.0
216,180.1,2020-04-20 13:35:00+05:30,180.2,179.75,180.05,468109,27.339507698862562,180.19999999999996,1.705636966453767,182.55790571703113,180.7675,178.9770942829689,3.58,-0.0
217,180.05,2020-04-20 13:45:00+05:30,180.2,179.85,180.2,489738,27.005984441569325,180.1928571428571,-0.33352325729323695,182.15012757654029,180.62750000000003,179.10487242345977,3.05,-1.0
218,180.0,2020-04-20 13:55:00+05:30,180.1,179.85,180.0,415385,26.6557880685465,180.14999999999995,-0.35019637302282547,181.99044457794258,180.54000000000002,179.08955542205746,2.9,-0.0
219,180.05,2020-04-20 14:05:00+05:30,180.15,179.85,180.0,449104,27.66592269830825,180.09999999999994,1.010134629761751,181.61199088809474,180.42500000000004,179.23800911190534,2.37,-1.0
220,180.55,2020-04-20 14:15:00+05:30,180.6,179.9,180.05,919651,37.008750042077196,180.14285714285708,9.342827343768946,181.10830459716652,180.33500000000006,179.5616954028336,1.55,-1.0
221,180.95,2020-04-20 14:25:00+05:30,181.45,180.5,180.6,1142467,43.31639853627331,180.24285714285708,6.3076484941961155,180.90753848970647,180.30500000000004,179.7024615102936,1.21,-0.0
222,181.2,2020-04-20 14:35:00+05:30,181.9,180.75,181.05,1519451,46.89557158539648,180.41428571428565,3.5791730491231704,180.9563984882392,180.31250000000003,179.66860151176087,1.29,0.0
223,180.9,2020-04-20 14:45:00+05:30,181.2,180.6,181.15,846852,43.35758430440569,180.5285714285714,-3.537987280990791,181.03780379577552,180.34250000000003,179.64719620422454,1.39,0.0
224,180.7,2020-04-20 14:55:00+05:30,181.4,180.7,180.9,1076984,41.12979359700675,180.62142857142857,-2.2277907073989383,181.06722409246916,180.35500000000002,179.64277590753088,1.42,0.0
225,180.95,2020-04-20 15:05:00+05:30,181.0,180.35,180.7,1351245,44.938291248675554,180.75714285714284,3.8084976516688016,181.1469145944835,180.3875,179.6280854055165,1.52,0.0
226,180.45,2020-04-20 15:15:00+05:30,181.15,180.0,180.95,1534972,39.44242204319794,180.81428571428572,-5.495869205477611,181.1545545415927,180.39749999999998,179.64044545840727,1.51,-0.0
227,180.9,2020-04-20 15:25:00+05:30,180.95,180.45,180.45,527169,45.8599223888817,180.86428571428573,6.417500345683756,181.1926836118881,180.45,179.70731638811188,1.49,-0.0
228,182.4,2020-04-21 09:15:00+05:30,183.0,176.05,178.0,2477643,60.77993378889957,181.0714285714286,14.92001140001787,181.69111471824039,180.54500000000002,179.39888528175965,2.29,1.0
229,182.85,2020-04-21 09:25:00+05:30,183.0,181.25,182.45,1788688,63.986373477487554,181.30714285714288,3.2064396885879844,182.20519307730729,180.6675,179.1298069226927,3.08,1.0
230,182.7,2020-04-21 09:35:00+05:30,184.3,182.5,182.9,2282190,62.162043214304546,181.56428571428572,-1.8243302631830076,182.55682852023264,180.79749999999999,179.03817147976733,3.52,0.0
231,181.85,2020-04-21 09:45:00+05:30,183.15,181.8,182.7,957420,52.94930772042326,181.72857142857143,-9.212735493881283,182.6780675615677,180.87499999999997,179.07193243843224,3.61,0.0
232,181.7,2020-04-21 09:55:00+05:30,182.4,181.5,181.8,879008,51.49880843654945,181.83571428571426,-1.4504992838738104,182.76456916327598,180.93999999999997,179.11543083672396,3.65,0.0
233,182.1,2020-04-21 10:05:00+05:30,182.3,181.25,181.55,645618,55.03612841414511,182.07142857142853,3.537319977595658,182.89692456199415,181.03249999999997,179.1680754380058,3.73,0.0
234,181.75,2020-04-21 10:15:00+05:30,182.15,181.55,182.1,422012,51.496997837806425,182.1928571428571,-3.5391305763386853,182.96003027534002,181.10749999999996,179.2549697246599,3.71,-0.0
235,181.7,2020-04-21 10:25:00+05:30,181.8,181.5,181.75,471940,50.99252030231025,182.0928571428571,-0.5044775354961786,182.98613641213765,181.19249999999994,179.39886358786222,3.59,-0.0
236,181.6,2020-04-21 10:35:00+05:30,181.75,180.8,181.7,900377,49.938830048430624,181.91428571428565,-1.0536902538796227,182.99293663428887,181.26749999999996,179.54206336571104,3.45,-0.0
237,181.25,2020-04-21 10:45:00+05:30,181.75,181.0,181.75,413368,46.33034625385442,181.7071428571428,-3.608483794576202,182.955373976759,181.32749999999993,179.69962602324085,3.26,-0.0
238,181.15,2020-04-21 10:55:00+05:30,181.35,181.0,181.25,509453,45.3226756815827,181.60714285714283,-1.0076705722717207,182.89221073859133,181.38499999999993,179.87778926140854,3.01,-0.0
239,180.45,2020-04-21 11:05:00+05:30,181.2,180.3,181.15,488035,38.93837192237773,181.4285714285714,-6.384303759204968,182.8468190265293,181.40499999999992,179.96318097347054,2.88,-0.0
240,180.1,2020-04-21 11:15:00+05:30,180.6,179.6,180.4,880649,36.193140521918956,181.1428571428571,-2.7452314004587777,182.8929112371344,181.3824999999999,179.87208876286542,3.02,0.0
241,179.95,2020-04-21 11:25:00+05:30,180.35,179.85,180.05,478270,35.05255273181835,180.88571428571427,-1.1405877901006036,182.96450715942663,181.33249999999992,179.70049284057322,3.26,0.0
242,180.9,2020-04-21 11:35:00+05:30,181.4,179.75,179.9,764619,46.54271967637628,180.77142857142854,11.490166944557927,182.96011505244687,181.31749999999994,179.674884947553,3.29,0.0
243,180.35,2020-04-21 11:45:00+05:30,181.15,180.3,181.0,403978,41.91892867764748,180.59285714285713,-4.623790998728801,182.97978354266198,181.2899999999999,179.60021645733784,3.38,0.0
244,180.5,2020-04-21 11:55:00+05:30,180.6,180.15,180.35,304053,43.56558777192092,180.48571428571427,1.6466590942734385,182.9867667185581,181.27999999999992,179.57323328144173,3.41,0.0
245,180.2,2020-04-21 12:05:00+05:30,180.6,180.15,180.45,182804,41.05840588673171,180.34999999999997,-2.5071818851892047,183.0116136644923,181.24249999999992,179.47338633550754,3.54,0.0
246,179.95,2020-04-21 12:15:00+05:30,180.25,179.8,180.15,447973,39.04200087720192,180.2785714285714,-2.016405009529791,183.04687291527904,181.21749999999992,179.3881270847208,3.66,0.0
247,179.55,2020-04-21 12:25:00+05:30,179.95,179.25,179.95,505225,35.995970453466796,180.2,-3.0460304237351252,183.12270853076853,181.14999999999992,179.1772914692313,3.95,0.0
248,179.9,2020-04-21 12:35:00+05:30,180.0,179.4,179.5,230651,40.379185808299354,180.19285714285712,4.383215354832558,182.98096254403882,181.02499999999992,179.06903745596102,3.91,-0.0
249,180.45,2020-04-21 12:45:00+05:30,180.85,179.85,179.9,522952,46.571306015378866,180.1285714285714,6.192120207079512,182.67519178265152,180.90499999999992,179.1348082173483,3.54,-0.0
250,180.05,2020-04-21 12:55:00+05:30,180.4,179.8,180.4,282777,43.067999321656,180.08571428571426,-3.5033066937228625,182.3647427082904,180.77249999999995,179.1802572917095,3.18,-0.0
251,180.05,2020-04-21 13:05:00+05:30,180.15,180.0,180.0,282244,43.067999321656,180.02142857142854,0.0,182.2208774774601,180.68249999999995,179.1441225225398,3.08,-0.0
252,179.9,2020-04-21 13:15:00+05:30,180.05,179.85,180.05,185646,41.70362303542087,179.97857142857143,-1.3643762862351352,182.09031419689487,180.59249999999997,179.09468580310508,3.0,-0.0
253,179.9,2020-04-21 13:25:00+05:30,179.95,179.65,179.9,215195,41.70362303542087,179.97142857142856,0.0,181.8297291252004,180.4825,179.13527087479957,2.69,-0.0
254,180.2,2020-04-21 13:35:00+05:30,180.35,179.8,179.9,304277,45.694108856963304,180.06428571428572,3.9904858215424355,181.6167408095267,180.40499999999997,179.19325919047324,2.42,-0.0
255,179.95,2020-04-21 13:45:00+05:30,180.2,179.95,180.15,215581,43.0495326538122,180.07142857142858,-2.6445762031511038,181.3789166303373,180.31749999999997,179.25608336966263,2.12,-0.0
256,179.9,2020-04-21 13:55:00+05:30,180.1,179.8,179.95,270979,42.51950473060261,179.99285714285716,-0.5300279232095875,181.1194076970895,180.2325,179.34559230291046,1.77,-0.0
257,179.95,2020-04-21 14:05:00+05:30,180.0,179.85,179.85,188579,43.27167293067436,179.97857142857146,0.7521682000717504,180.92093074979425,180.16749999999996,179.41406925020567,1.51,-0.0
258,180.7,2020-04-21 14:15:00+05:30,180.8,179.85,179.9,511136,53.170616525850114,180.0714285714286,9.898943595175751,180.79461527075543,180.14499999999995,179.49538472924448,1.3,-0.0
259,180.55,2020-04-21 14:25:00+05:30,180.7,180.35,180.7,363154,51.24463568622063,180.16428571428574,-1.9259808396294815,180.8109403189864,180.14999999999998,179.48905968101354,1.32,0.0
260,180.05,2020-04-21 14:35:00+05:30,180.6,180.0,180.55,652421,45.34802960090636,180.18571428571428,-5.896606085314275,180.8096138397895,180.14749999999998,179.48538616021045,1.32,0.0
261,179.85,2020-04-21 14:45:00+05:30,180.05,179.55,180.0,427620,43.20639012334599,180.13571428571427,-2.1416394775603678,180.81235858680358,180.14249999999998,179.47264141319638,1.34,0.0
262,179.35,2020-04-21 14:55:00+05:30,179.85,179.15,179.8,489486,38.33245973107054,180.04999999999995,-4.873930392275447,180.72442558735753,180.065,179.40557441264247,1.32,-0.0
263,179.55,2020-04-21 15:05:00+05:30,179.95,179.3,179.3,816508,41.190218589469026,179.99999999999994,2.8577588583984834,180.7082584469012,180.025,179.3417415530988,1.37,0.0
264,179.9,2020-04-21 15:15:00+05:30,179.95,179.4,179.5,761195,45.91386752557237,179.99285714285708,4.723648936103345,180.64218011809837,179.995,179.34781988190164,1.29,-0.0
265,179.5,2020-04-21 15:25:00+05:30,180.0,179.4,179.85,354002,41.78332000126582,179.8214285714285,-4.13054752430655,180.63558941127746,179.96,179.28441058872255,1.35,0.0
266,177.95,2020-04-22 09:15:00+05:30,179.0,176.15,179.0,1202910,30.378537664652868,179.44999999999996,-11.404782336612953,180.98465199295683,179.86,178.7353480070432,2.25,1.0
267,177.45,2020-04-22 09:25:00+05:30,178.4,177.1,177.95,622016,27.747478749146936,179.0785714285714,-2.631058915505932,181.31093938455828,179.755,178.1990606154417,3.11,1.0
268,177.9,2020-04-22 09:35:00+05:30,178.35,177.4,177.45,491630,33.342953830484646,178.79999999999998,5.59547508133771,181.4153528354457,179.655,177.8946471645543,3.52,0.0
269,178.1,2020-04-22 09:45:00+05:30,178.25,177.75,178.0,302095,35.725412752247166,178.62142857142857,2.3824589217625203,181.38593461510388,179.5375,177.6890653848961,3.7,0.0
270,179.7,2020-04-22 09:55:00+05:30,179.75,178.05,178.1,523672,50.85783131864786,178.64285714285714,15.132418566400695,181.3545801183172,179.51999999999998,177.68541988168278,3.67,-0.0
271,181.6,2020-04-22 10:05:00+05:30,181.6,179.6,179.6,1582842,62.22981972841981,178.88571428571427,11.371988409771951,181.64495670219588,179.59749999999997,177.55004329780405,4.09,0.0
272,182.25,2020-04-22 10:15:00+05:30,183.55,181.45,181.55,2568703,65.19699545399669,179.2785714285714,2.9671757255768796,182.08056435905695,179.71499999999997,177.349435640943,4.73,1.0
273,181.75,2020-04-22 10:25:00+05:30,182.3,181.4,182.3,1189736,61.21334130756699,179.82142857142853,-3.9836541464297,182.34215974047765,179.80749999999995,177.27284025952224,5.07,0.0
274,181.55,2020-04-22 10:35:00+05:30,182.15,180.85,181.7,1453278,59.643478559592914,180.40714285714282,-1.5698627479740779,182.52303800258915,179.87499999999997,177.2269619974108,5.3,0.0
275,181.0,2020-04-22 10:45:00+05:30,181.6,180.85,181.55,687246,55.433271228021866,180.84999999999994,-4.210207331571048,182.6230079591597,179.92749999999998,177.23199204084025,5.39,0.0
276,181.0,2020-04-22 10:55:00+05:30,181.0,180.85,180.95,717392,55.433271228021866,181.26428571428568,0.0,182.72020457058247,179.9825,177.2447954294175,5.48,0.0
277,181.15,2020-04-22 11:05:00+05:30,181.6,180.9,180.95,776130,56.40659920158442,181.47142857142853,0.9733279735625544,182.82936297889876,180.0425,177.25563702110122,5.57,0.0
278,180.9,2020-04-22 11:15:00+05:30,181.35,180.9,181.15,435031,54.278887329278845,181.37142857142857,-2.127711872305575,182.8507090136745,180.0525,177.25429098632551,5.6,0.0
279,180.8,2020-04-22 11:25:00+05:30,181.0,180.6,180.95,335177,53.41100995732243,181.16428571428568,-0.8678773719564177,182.87477616639865,180.065,177.25522383360135,5.62,0.0
280,180.95,2020-04-22 11:35:00+05:30,181.1,180.65,180.75,291533,54.58404720098312,181.04999999999998,1.1730372436606942,182.9474562366203,180.10999999999999,177.27254376337967,5.67,0.0
281,180.95,2020-04-22 11:45:00+05:30,181.05,180.9,180.95,428196,54.58404720098312,180.96428571428572,0.0,183.02379989542885,180.165,177.30620010457113,5.72,0.0
282,180.95,2020-04-22 11:55:00+05:30,181.0,180.9,180.9,336108,54.584047200983115,180.95714285714286,-7.105427357601002e-15,183.09731208154454,180.24499999999998,177.3926879184554,5.7,-0.0
283,180.85,2020-04-22 12:05:00+05:30,181.05,180.85,180.95,642327,53.46320041914303,180.93571428571428,-1.1208467818400862,183.15486610544212,180.30999999999997,177.46513389455782,5.69,-0.0
284,179.7,2020-04-22 12:15:00+05:30,180.85,179.55,180.85,808258,42.62360211738542,180.72857142857143,-10.839598301757611,183.152330533736,180.29999999999995,177.4476694662639,5.7,0.0
285,180.15,2020-04-22 12:25:00+05:30,180.3,179.45,179.65,727154,47.13992867843021,180.62142857142857,4.516326561044792,183.16116436772936,180.33249999999995,177.50383563227055,5.66,-0.0
286,180.1,2020-04-22 12:35:00+05:30,180.55,180.0,180.15,385852,46.70007140700461,180.52142857142854,-0.43985727142560194,183.04174030825092,180.43999999999997,177.83825969174902,5.2,-0.0
287,180.05,2020-04-22 12:45:00+05:30,180.15,179.8,180.1,487595,46.23546757016764,180.3928571428571,-0.4646038368369645,182.77176962320837,180.57,178.36823037679162,4.4,-1.0
288,180.45,2020-04-22 12:55:00+05:30,180.9,179.9,180.05,755460,50.47991626273387,180.32142857142853,4.24444869256623,182.50900562559926,180.69749999999996,178.88599437440067,3.62,-1.0
289,180.95,2020-04-22 13:05:00+05:30,181.15,180.45,180.5,699966,55.236985149333975,180.32142857142853,4.757068886600102,182.17755472096582,180.83999999999997,179.50244527903413,2.68,-1.0
290,182.0,2020-04-22 13:15:00+05:30,182.0,180.9,181.05,715866,63.22614646067025,180.48571428571427,7.989161311336275,182.2752471857868,180.95499999999998,179.63475281421316,2.64,-0.0
291,181.2,2020-04-22 13:25:00+05:30,182.0,181.0,181.95,412781,55.14986110397517,180.7,-8.076285356695081,182.2258993193238,180.93499999999997,179.64410068067616,2.58,-0.0
292,181.3,2020-04-22 13:35:00+05:30,181.5,181.0,181.1,462945,55.908035455020105,180.86428571428567,0.7581743510449357,182.0368132961167,180.8875,179.7381867038833,2.3,-0.0
293,182.25,2020-04-22 13:45:00+05:30,182.4,181.25,181.3,471758,62.40925098166743,181.17142857142855,6.5012155266473215,182.1584935794373,180.91249999999997,179.66650642056263,2.49,0.0
294,181.6,2020-04-22 13:55:00+05:30,182.45,181.6,182.25,288351,56.29327127249822,181.3928571428571,-6.11597970916921,182.16656743830708,180.91499999999996,179.66343256169284,2.5,0.0
295,182.15,2020-04-22 14:05:00+05:30,182.5,181.6,181.6,535515,59.87631337675948,181.63571428571427,3.58304210426126,182.34073936040718,180.97249999999997,179.60426063959275,2.74,0.0
296,182.45,2020-04-22 14:15:00+05:30,182.8,182.1,182.15,289566,61.71972332012904,181.84999999999997,1.843409943369565,182.5646606269334,181.04499999999996,179.52533937306652,3.04,0.0
297,182.2,2020-04-22 14:25:00+05:30,182.55,182.2,182.5,295798,59.275722272022215,181.8785714285714,-2.444001048106827,182.7025823884409,181.09749999999994,179.49241761155898,3.21,0.0
298,182.35,2020-04-22 14:35:00+05:30,182.5,182.2,182.2,304572,60.291723854778006,182.04285714285712,1.0160015827557913,182.86593942294962,181.16999999999993,179.47406057705024,3.39,0.0
299,182.85,2020-04-22 14:45:00+05:30,182.85,181.95,182.35,585508,63.555610740247815,182.26428571428568,3.263886885469809,183.11568802764725,181.27249999999992,179.4293119723526,3.69,0.0
300,181.8,2020-04-22 14:55:00+05:30,182.95,181.55,182.85,538772,53.59313636424657,182.19999999999996,-9.962474376001246,183.16605944059899,181.31499999999994,179.4639405594009,3.7,0.0
301,182.25,2020-04-22 15:05:00+05:30,182.45,181.7,181.75,595949,56.724028092489284,182.29285714285712,3.130891728242716,183.26802319343446,181.37999999999994,179.49197680656542,3.78,0.0
302,182.6,2020-04-22 15:15:00+05:30,182.7,182.05,182.2,791866,59.03875214148959,182.3571428571428,2.3147240490003043,183.4145232418804,181.46249999999995,179.5104767581195,3.9,0.0
303,182.7,2020-04-22 15:25:00+05:30,182.95,182.5,182.6,379865,59.70196494671832,182.39285714285708,0.6632128052287314,183.55944243461454,181.55499999999995,179.55055756538536,4.01,0.0
304,182.0,2020-04-23 09:15:00+05:30,182.95,181.1,182.95,976067,53.207607627263656,182.36428571428564,-6.494357319454664,183.48090265366528,181.66999999999996,179.85909734633464,3.62,-0.0
305,183.55,2020-04-23 09:25:00+05:30,183.65,181.8,182.0,837704,62.8454162167709,182.53571428571422,9.637808589507245,183.6880715411077,181.83999999999997,179.99192845889226,3.7,0.0
306,182.45,2020-04-23 09:35:00+05:30,183.7,182.3,183.6,618396,54.298039147797915,182.47857142857137,-8.547377068972985,183.63027739419383,181.95749999999995,180.28472260580608,3.35,-0.0
307,182.55,2020-04-23 09:45:00+05:30,183.2,182.2,182.4,559828,54.89857851866282,182.58571428571423,0.600539370864908,183.51088701817253,182.08249999999995,180.65411298182738,2.86,-0.0
308,182.65,2020-04-23 09:55:00+05:30,182.85,182.35,182.55,359985,55.52790916667518,182.6428571428571,0.6293306480123562,183.4156430608756,182.19249999999997,180.96935693912434,2.45,-0.0
309,182.5,2020-04-23 10:05:00+05:30,182.8,182.2,182.65,366125,54.30386983174633,182.6285714285714,-1.2240393349288468,183.34966856512827,182.26999999999998,181.1903314348717,2.16,-0.0
310,182.8,2020-04-23 10:15:00+05:30,182.85,182.5,182.5,217883,56.37512191657099,182.6428571428571,2.071252084824657,183.40669359536068,182.31,181.21330640463933,2.19,0.0
311,183.05,2020-04-23 10:25:00+05:30,183.45,182.8,182.8,502393,58.08032036184494,182.79285714285712,1.7051984452739504,183.41373946875,182.4025,181.39126053125,2.02,-0.0
312,183.0,2020-04-23 10:35:00+05:30,183.3,182.9,183.05,314360,57.595430161596234,182.7142857142857,-0.48489020024870655,183.38830373468423,182.4875,181.5866962653158,1.8,-0.0
313,182.9,2020-04-23 10:45:00+05:30,183.15,182.75,183.0,409442,56.57806428332129,182.7785714285714,-1.0173658782749442,183.4315631456027,182.52,181.60843685439733,1.82,0.0
314,182.95,2020-04-23 10:55:00+05:30,183.2,182.85,182.85,290642,56.98717587733141,182.83571428571426,0.4091115940101204,183.40756097334287,182.5875,181.76743902665714,1.64,-0.0
315,182.85,2020-04-23 11:05:00+05:30,183.0,182.85,182.9,311949,55.85373337531787,182.86428571428567,-1.133442502013537,183.42346980690849,182.6225,181.82153019309152,1.6,-0.0
316,182.9,2020-04-23 11:15:00+05:30,183.0,182.85,182.85,365972,56.321516550447804,182.92142857142855,0.46778317512993084,183.45083399100108,182.645,181.83916600899894,1.61,0.0
317,182.95,2020-04-23 11:25:00+05:30,183.0,182.9,182.95,475791,56.81432148322752,182.94285714285712,0.4928049327797197,183.47075256438737,182.6825,181.89424743561264,1.58,-0.0
318,183.55,2020-04-23 11:35:00+05:30,183.8,182.9,182.95,555834,62.309759717074115,183.0142857142857,5.495438233846592,183.60351225616324,182.7425,181.88148774383677,1.72,0.0
319,183.4,2020-04-23 11:45:00+05:30,183.6,183.0,183.55,429924,60.24574102441026,183.07142857142858,-2.0640186926638577,183.67925070365962,182.77000000000004,181.86074929634046,1.82,0.0
320,183.0,2020-04-23 11:55:00+05:30,183.5,182.9,183.4,335022,55.01248228921108,183.08571428571426,-5.233258735199179,183.62033637076095,182.83,182.03966362923907,1.58,-0.0
321,183.3,2020-04-23 12:05:00+05:30,183.4,182.9,182.95,441684,57.96189110520101,183.13571428571427,2.9494088159899334,183.64977473978755,182.88250000000002,182.1152252602125,1.53,-0.0
322,182.95,2020-04-23 12:15:00+05:30,183.65,182.95,183.3,422975,53.55085300062654,183.15,-4.411038104574473,183.6560284038108,182.90000000000003,182.14397159618926,1.51,-0.0
323,182.45,2020-04-23 12:25:00+05:30,183.4,182.25,182.95,1995121,47.93821809276963,183.08571428571426,-5.612634907856908,183.66540203685787,182.88750000000002,182.10959796314216,1.56,0.0
324,181.5,2020-04-23 12:35:00+05:30,182.65,181.5,182.45,1950503,39.47298928728664,182.8785714285714,-8.465228805482994,183.78009124026485,182.8625,181.94490875973517,1.84,0.0
325,180.9,2020-04-23 12:45:00+05:30,181.65,180.65,181.55,3729814,35.24036655766115,182.5,-4.23262272962549,183.94629290101227,182.73000000000002,181.51370709898777,2.43,1.0
326,182.8,2020-04-23 12:55:00+05:30,183.0,180.7,180.7,2004474,52.580532513725366,182.41428571428568,17.34016595606422,183.9568821824213,182.74750000000003,181.53811781757875,2.42,-0.0
327,183.85,2020-04-23 13:05:00+05:30,183.9,182.45,182.8,966528,59.09845203678719,182.53571428571425,6.5179195230618205,184.11346118312588,182.81250000000003,181.51153881687418,2.6,0.0
328,183.25,2020-04-23 13:15:00+05:30,184.0,182.9,183.9,604184,54.48940616086639,182.5285714285714,-4.609045875920799,184.15530134385267,182.84250000000003,181.5296986561474,2.63,0.0
329,183.0,2020-04-23 13:25:00+05:30,183.5,182.95,183.25,324978,52.64701386044438,182.53571428571425,-1.8423923004220057,184.17185505337443,182.8675,181.56314494662558,2.61,-0.0
330,182.9,2020-04-23 13:35:00+05:30,183.35,182.55,183.0,441321,51.89121102634061,182.59999999999997,-0.7558028341037684,184.17653220819128,182.8725,181.56846779180873,2.61,0.0
331,182.75,2020-04-23 13:45:00+05:30,183.0,182.6,182.95,309086,50.71510084682648,182.7785714285714,-1.1761101795141329,184.15983595794967,182.85750000000002,181.55516404205036,2.6,-0.0
332,182.7,2020-04-23 13:55:00+05:30,182.85,182.4,182.7,320269,50.30580649902598,183.03571428571425,-0.409294347800504,184.14483595794965,182.8425,181.54016404205035,2.6,0.0
333,182.55,2020-04-23 14:05:00+05:30,182.8,182.45,182.7,538541,49.027473770956334,182.99999999999997,-1.2783327280696426,184.1334744029434,182.825,181.51652559705659,2.62,0.0
