,close,date,high,low,open,volume,RSI_14,sma_7,RSI_Trend,ub,mb,lb,band_diff,band_diff_trend
0,406.75,2020-04-09 09:15:00+05:30,411.2,404.0,405.0,2847897,0.0,0.0,,,,,,
1,408.85,2020-04-09 09:25:00+05:30,410.6,400.7,406.4,1944582,100.0,0.0,100.0,,,,,
2,408.7,2020-04-09 09:35:00+05:30,412.25,406.25,408.8,1378288,99.45355191256819,0.0,-0.5464480874318127,,,,,
3,403.4,2020-04-09 09:45:00+05:30,409.5,402.15,408.55,1284452,82.3338359819047,0.0,-17.11971593066349,,,,,
4,408.9,2020-04-09 09:55:00+05:30,409.9,403.1,403.2,1026081,85.18404885020917,0.0,2.8502128683044674,,,,,
5,408.35,2020-04-09 10:05:00+05:30,409.45,406.4,409.3,702280,83.72926984241954,0.0,-1.4547790077896252,,,,,
6,407.8,2020-04-09 10:15:00+05:30,410.0,407.0,408.4,793136,82.21715124335746,407.5357142857143,-1.5121185990620774,,,,,
7,408.6,2020-04-09 10:25:00+05:30,409.2,407.35,407.85,647286,82.70637393886224,407.8,0.4892226955047789,,,,,
8,407.5,2020-04-09 10:35:00+05:30,408.85,407.0,408.6,626372,79.46901772947609,407.60714285714283,-3.2373562093861494,,,,,
9,401.1,2020-04-09 10:45:00+05:30,407.6,400.15,407.55,2832467,63.817302940941595,406.5214285714286,-15.651714788534498,,,,,
10,403.55,2020-04-09 10:55:00+05:30,404.5,399.4,400.5,1673827,66.53456398110177,406.54285714285714,2.7172610401601744,,,,,
11,405.85,2020-04-09 11:05:00+05:30,408.0,402.35,403.6,1442545,68.89608551523459,406.10714285714283,2.3615215341328195,,,,,
12,401.65,2020-04-09 11:15:00+05:30,406.4,401.3,406.1,794239,60.50033814443444,405.15000000000003,-8.395747370800152,,,,,
13,406.4,2020-04-09 11:25:00+05:30,407.0,401.65,401.65,730209,65.6052267343679,404.95,5.104888589933466,,,,,
14,406.4,2020-04-09 11:35:00+05:30,408.8,405.7,406.4,819717,65.6052267343679,404.6357142857143,0.0,,,,,
15,407.5,2020-04-09 11:45:00+05:30,409.0,405.8,406.25,701997,66.75903836391313,404.6357142857143,1.1538116295452312,,,,,
16,405.8,2020-04-09 11:55:00+05:30,408.5,405.3,407.5,478002,63.228843959625316,405.30714285714294,-3.530194404287819,,,,,
17,405.0,2020-04-09 12:05:00+05:30,406.8,403.15,405.75,863163,61.57861495755889,405.5142857142858,-1.6502290020664248,,,,,
18,402.45,2020-04-09 12:15:00+05:30,405.9,402.0,404.75,875482,56.51535408850851,405.02857142857147,-5.0632608690503815,,,,,
19,403.8,2020-04-09 12:25:00+05:30,405.5,402.2,402.3,621853,58.46258786552803,405.33571428571435,1.9472337770195196,410.9183709767715,405.91749999999996,400.91662902322844,10.0,
20,403.0,2020-04-09 12:35:00+05:30,404.4,402.65,403.8,431542,56.8382958612579,404.85,-1.6242920042701314,410.87846936886143,405.7299999999999,400.5815306311384,10.3,0.0
21,405.85,2020-04-09 12:45:00+05:30,407.65,402.95,403.2,816967,60.995837299965224,404.7714285714286,4.157541438707327,410.51616087769895,405.5799999999999,400.6438391223009,9.87,-0.0
22,408.0,2020-04-09 12:55:00+05:30,408.0,405.7,405.85,489392,63.82661301341426,404.84285714285716,2.830775713449036,410.39722683550116,405.54499999999996,400.69277316449876,9.7,-0.0
23,407.75,2020-04-09 13:05:00+05:30,412.3,407.3,407.9,1696571,63.251764544076266,405.12142857142857,-0.5748484693379936,410.5998410486601,405.76249999999993,400.92515895133977,9.67,-0.0
24,409.75,2020-04-09 13:15:00+05:30,410.7,407.85,407.95,580322,65.89787343785227,405.8,2.6461088937760024,410.77161485902565,405.80499999999995,400.83838514097425,9.93,0.0
25,415.0,2020-04-09 13:25:00+05:30,418.35,408.5,409.75,2793335,71.66554009155442,407.59285714285716,5.76766665370215,412.51227553784395,406.13749999999993,399.7627244621559,12.75,3.0
26,412.0,2020-04-09 13:35:00+05:30,416.7,412.0,415.1,1244625,64.90976248063211,408.7642857142857,-6.755777610922308,413.21086383691653,406.3474999999999,399.4841361630833,13.73,1.0
27,410.65,2020-04-09 13:45:00+05:30,413.95,409.65,411.75,1135089,62.07398723929277,409.85714285714283,-2.8357752413393413,413.51332261161764,406.44999999999993,399.3866773883822,14.13,0.0
28,409.1,2020-04-09 13:55:00+05:30,410.8,406.4,410.65,1670717,58.89267927870628,410.32142857142856,-3.181307960586487,413.67911845872214,406.5299999999999,399.3808815412777,14.3,0.0
29,408.1,2020-04-09 14:05:00+05:30,411.2,406.7,409.1,792597,56.86772640631322,410.3357142857143,-2.024952872393065,413.5811703612523,406.87999999999994,400.1788296387476,13.4,-1.0
30,406.95,2020-04-09 14:15:00+05:30,408.75,406.05,408.05,491832,54.54503580608458,410.22142857142853,-2.32269060022864,413.56540684192396,407.04999999999995,400.53459315807595,13.03,-0.0
31,409.2,2020-04-09 14:25:00+05:30,410.8,405.0,406.65,1265800,58.14686300392557,410.14285714285705,3.60182719784099,413.77512111873216,407.2174999999999,400.6598788812677,13.12,0.0
32,408.45,2020-04-09 14:35:00+05:30,409.4,407.2,409.15,402383,56.538625347151566,409.20714285714274,-1.6082376567740013,413.5832583056322,407.5575,401.5317416943678,12.05,-1.0
33,411.5,2020-04-09 14:45:00+05:30,412.5,408.35,408.45,932910,61.23426941406567,409.1357142857142,4.695644066914106,414.0595940612838,407.8125,401.5654059387162,12.49,0.0
34,418.35,2020-04-09 14:55:00+05:30,421.85,411.25,411.25,2788684,69.26566396894637,410.23571428571415,8.031394554880698,416.1868617672793,408.41,400.63313823272074,15.55,3.0
35,420.85,2020-04-09 15:05:00+05:30,423.0,418.1,418.1,1712974,71.57987565814499,411.9142857142856,2.314211689198615,418.61735959292037,409.07750000000004,399.5376404070797,19.08,4.0
36,419.8,2020-04-09 15:15:00+05:30,422.7,419.05,420.65,1385969,69.22233355714656,413.58571428571423,-2.3575421009984296,420.30788085980913,409.77750000000003,399.24711914019093,21.06,2.0
37,420.0,2020-04-09 15:25:00+05:30,421.0,419.1,420.0,325130,69.42887410797607,415.44999999999993,0.20654055082951572,421.7397806262646,410.52750000000003,399.3152193737355,22.42,1.0
38,405.85,2020-04-13 09:15:00+05:30,417.95,404.0,417.95,2100536,45.93965785478172,414.97142857142853,-23.48921625319435,421.48933292563135,410.69750000000005,399.90566707436875,21.58,-1.0
39,405.2,2020-04-13 09:25:00+05:30,408.55,403.0,405.85,1184041,45.18343594258788,414.5071428571428,-0.756221912193844,421.38775249972423,410.7675000000001,400.14724750027597,21.24,-0.0
40,402.0,2020-04-13 09:35:00+05:30,407.95,402.0,404.9,1503343,41.55663914879837,413.15,-3.6267967937895094,421.4999064787824,410.7175000000001,399.93509352121777,21.56,0.0
41,403.85,2020-04-13 09:45:00+05:30,405.8,402.0,402.0,1227314,44.3383164158889,411.07857142857137,2.7816772670905294,421.6247356585162,410.6175000000001,399.610264341484,22.01,0.0
42,405.15,2020-04-13 09:55:00+05:30,406.0,403.5,403.9,777335,46.27347524433863,408.8357142857143,1.9351588284497296,421.6966191720317,410.4750000000001,399.25338082796844,22.44,0.0
43,410.95,2020-04-13 10:05:00+05:30,414.35,404.9,404.95,1780419,53.96356315465006,407.5714285714285,7.6900879103114335,421.7840429138443,410.6350000000001,399.4859570861559,22.3,-0.0
44,410.55,2020-04-13 10:15:00+05:30,412.85,409.05,410.95,962119,53.39593046937362,406.22142857142853,-0.5676326852764433,421.8164116085702,410.67500000000007,399.53358839142993,22.28,-0.0
45,409.45,2020-04-13 10:25:00+05:30,411.5,409.05,410.55,538807,51.78279931655141,406.7357142857142,-1.6131311528222056,421.3603787517842,410.39750000000015,399.4346212482161,21.93,-0.0
46,413.0,2020-04-13 10:35:00+05:30,416.4,409.45,409.85,992245,56.364453348515745,407.84999999999997,4.581654031964334,421.4502018212994,410.4475000000001,399.4447981787008,22.01,0.0
47,411.5,2020-04-13 10:45:00+05:30,414.15,410.6,413.0,491040,54.02836268065563,409.20714285714286,-2.3360906678601125,421.5025574256226,410.4900000000001,399.4774425743776,22.03,0.0
48,410.9,2020-04-13 10:55:00+05:30,412.0,409.5,411.45,498924,53.080674417534766,410.2142857142857,-0.9476882631208667,421.5741324063532,410.5800000000001,399.585867593647,21.99,-0.0
49,412.15,2020-04-13 11:05:00+05:30,412.5,410.9,410.9,306077,54.85721640623628,411.2142857142857,1.776541988701517,421.7334083977927,410.7825000000001,399.8315916022075,21.9,-0.0
50,411.75,2020-04-13 11:15:00+05:30,413.8,411.05,412.15,490320,54.150635439572994,411.3285714285715,-0.7065809666632887,421.829197484723,411.02250000000004,400.21580251527706,21.61,-0.0
51,411.7,2020-04-13 11:25:00+05:30,412.4,410.0,411.5,421525,54.056906424683056,411.49285714285713,-0.0937290148899379,421.9232268652136,411.14750000000004,400.37177313478645,21.55,-0.0
52,421.75,2020-04-13 11:35:00+05:30,424.8,411.5,411.8,2440397,66.57886852333216,413.25,12.521962098649105,423.4910396978255,411.8125,400.1339603021745,23.36,2.0
53,422.2,2020-04-13 11:45:00+05:30,427.9,420.85,422.15,1986544,67.01241317361303,414.5642857142857,0.4335446502808651,424.9124669612317,412.3475,399.78253303876835,25.13,2.0
54,420.1,2020-04-13 11:55:00+05:30,424.75,420.0,422.2,1074830,62.9110247039339,415.7928571428571,-4.101388469679129,425.1987686234782,412.43500000000006,399.6712313765219,25.53,0.0
55,422.65,2020-04-13 12:05:00+05:30,424.35,418.65,420.1,863489,65.65947652725237,417.47142857142853,2.7484518233184687,425.5610835255153,412.525,399.48891647448465,26.07,1.0
56,419.6,2020-04-13 12:15:00+05:30,423.1,419.25,422.8,551663,59.938219315752654,418.5357142857142,-5.721257211499712,425.527872169712,412.51500000000004,399.5021278302881,26.03,-0.0
57,416.5,2020-04-13 12:25:00+05:30,419.65,414.25,419.5,1200701,54.71929402089483,419.21428571428567,-5.218925294857826,425.0188925300862,412.34000000000003,399.6611074699139,25.36,-1.0
58,417.4,2020-04-13 12:35:00+05:30,418.75,415.65,416.6,629320,55.919321022466406,420.0285714285714,1.200027001571577,425.40240773104205,412.9175,400.432592268958,24.97,-0.0
59,417.1,2020-04-13 12:45:00+05:30,418.5,416.0,417.4,452784,55.39234481567624,419.3642857142857,-0.5269762067901667,425.57592340343433,413.5125,401.44907659656565,24.13,-1.0
60,416.6,2020-04-13 12:55:00+05:30,417.5,415.3,417.35,408703,54.47098810370209,418.5642857142857,-0.9213567119741484,425.0770099226111,414.2425,403.4079900773889,21.67,-2.0
61,413.0,2020-04-13 13:05:00+05:30,418.4,412.2,416.6,877416,48.24830994608062,417.55,-6.222678157621473,424.4001356474509,414.7,404.9998643525491,19.4,-2.0
62,412.05,2020-04-13 13:15:00+05:30,414.8,411.6,412.7,773381,46.73117377253086,416.0357142857143,-1.5171361735497584,423.75530242994193,415.04499999999996,406.334697570058,17.42,-2.0
63,412.9,2020-04-13 13:25:00+05:30,414.95,411.0,412.2,664774,48.29768128665726,415.0785714285715,1.5665075141263998,423.70215290737514,415.1424999999999,406.5828470926247,17.12,-0.0
64,414.1,2020-04-13 13:35:00+05:30,414.5,411.5,412.55,400035,50.51037119575383,414.7357142857143,2.212689909096568,423.62202258171874,415.32,407.01797741828125,16.6,-1.0
65,414.7,2020-04-13 13:45:00+05:30,416.95,413.4,414.15,642665,51.62514034309246,414.34999999999997,1.1147691473386345,423.422161311159,415.5825,407.74283868884095,15.68,-1.0
66,414.05,2020-04-13 13:55:00+05:30,416.45,414.0,414.7,377630,50.30319617274925,413.9142857142857,-1.3219441703432082,423.4156845863059,415.63499999999993,407.854315413694,15.56,-0.0
67,412.25,2020-04-13 14:05:00+05:30,415.95,411.5,414.4,747935,46.73431886467018,413.29285714285714,-3.568877308079074,423.3761201332811,415.67249999999996,407.9688798667188,15.41,-0.0
68,414.3,2020-04-13 14:15:00+05:30,414.7,410.35,412.05,670790,50.99828147974506,413.47857142857146,4.263962615074881,423.2469279071092,415.8424999999999,408.43807209289065,14.81,-1.0
69,416.6,2020-04-13 14:25:00+05:30,419.8,413.3,414.3,989551,55.31982986514937,414.12857142857143,4.321548385404313,423.2669076420216,416.06499999999994,408.8630923579783,14.4,-0.0
70,418.65,2020-04-13 14:35:00+05:30,419.0,414.3,416.5,717730,58.80691903074833,414.95,3.4870891655989595,423.3995109383914,416.40999999999997,409.4204890616085,13.98,-0.0
71,416.2,2020-04-13 14:45:00+05:30,420.9,415.3,418.8,866439,53.439027997530594,415.25,-5.367891033217738,423.26667042543403,416.63499999999993,410.00332957456584,13.26,-1.0
72,416.95,2020-04-13 14:55:00+05:30,418.35,415.6,416.2,540247,54.79922255108021,415.57142857142856,1.3601945535496185,422.579607378084,416.395,410.21039262191596,12.37,-1.0
73,418.3,2020-04-13 15:05:00+05:30,419.0,416.55,417.0,839291,57.22169979377046,416.17857142857144,2.422477242690249,421.83550772942596,416.19999999999993,410.5644922705739,11.27,-1.0
74,419.35,2020-04-13 15:15:00+05:30,421.6,417.9,418.2,1190204,59.05953588860114,417.1928571428571,1.8378360948306778,421.69782911587475,416.1624999999999,410.62717088412506,11.07,-0.0
75,420.0,2020-04-13 15:25:00+05:30,420.0,419.05,419.3,218029,60.19947280550672,418.0071428571428,1.139936916905583,421.01053051496774,416.0299999999999,411.0494694850321,9.96,-1.0
76,433.3,2020-04-15 09:15:00+05:30,435.95,424.15,434.0,4163217,75.3335873625026,420.39285714285717,15.134114556995875,425.82197245896884,416.71499999999986,407.6080275410309,18.21,8.0
77,436.75,2020-04-15 09:25:00+05:30,437.75,433.0,433.05,2246178,77.70214233392514,422.9785714285714,2.3685549714225402,430.49919877008057,417.72749999999985,404.95580122991913,25.54,7.0
78,436.4,2020-04-15 09:35:00+05:30,438.8,436.05,436.8,1805278,76.89544297461353,425.86428571428576,-0.8066993593116081,433.93188590942543,418.6774999999999,403.42311409057436,30.51,5.0
79,443.45,2020-04-15 09:45:00+05:30,444.9,435.7,436.4,2029183,81.14234435420553,429.65000000000003,4.246901379592003,438.81145136855656,419.9949999999999,401.1785486314432,37.63,7.0
80,445.9,2020-04-15 09:55:00+05:30,446.6,440.4,443.35,1690464,82.35609870570946,433.59285714285716,1.2137543515039226,443.4571194286407,421.45999999999987,399.46288057135905,43.99,6.0
81,445.25,2020-04-15 10:05:00+05:30,447.95,444.2,445.85,1090101,80.86894172346571,437.29285714285714,-1.4871569822437465,447.09348808169716,423.0724999999999,399.0515119183026,48.04,4.0
82,446.4,2020-04-15 10:15:00+05:30,447.75,444.4,445.25,872757,81.50526573535095,441.06428571428575,0.636324011885236,450.3550583908251,424.78999999999985,399.2249416091746,51.13,3.0
83,446.75,2020-04-15 10:25:00+05:30,449.5,445.8,446.55,1271793,81.70471542898406,442.9857142857143,0.19944969363311316,453.1896698435572,426.4824999999999,399.7753301564426,53.41,2.0
84,447.75,2020-04-15 10:35:00+05:30,447.85,445.0,446.9,586439,82.29229173587098,444.5571428571429,0.5875763068869162,455.8109209896939,428.16499999999985,400.5190790103058,55.29,2.0
85,447.95,2020-04-15 10:45:00+05:30,451.05,447.5,447.9,1042063,82.41394067310341,446.20714285714286,0.12164893723243608,458.05690749233673,429.8274999999999,401.598092507663,56.46,1.0
86,447.15,2020-04-15 10:55:00+05:30,448.3,445.5,447.65,809587,80.04515543575081,446.7357142857143,-2.368785237352597,459.6983274918991,431.4824999999999,403.2666725081007,56.43,-0.0
87,446.55,2020-04-15 11:05:00+05:30,447.2,445.4,447.15,462739,78.22905837049825,446.8285714285715,-1.8160970652525634,460.65060786739673,433.1974999999999,405.744392132603,54.91,-2.0
88,445.85,2020-04-15 11:15:00+05:30,448.0,445.55,446.55,666340,76.06087118772871,446.9142857142857,-2.168187182769543,461.2649087042192,434.7749999999999,408.28509129578066,52.98,-2.0
89,443.95,2020-04-15 11:25:00+05:30,446.0,443.0,446.0,982158,70.36056441198785,446.5642857142857,-5.700306775740856,461.4806192963025,436.1424999999999,410.80438070369735,50.68,-2.0
90,442.2,2020-04-15 11:35:00+05:30,445.7,442.0,444.1,3619571,65.49206889342744,445.91428571428565,-4.868495518560408,461.3925744802096,437.32,413.2474255197904,48.15,-3.0
91,441.7,2020-04-15 11:45:00+05:30,443.3,440.1,442.4,910426,64.1267893115093,445.0499999999999,-1.365279581918145,460.5671809759996,438.59499999999997,416.62281902400036,43.94,-4.0
92,441.85,2020-04-15 11:55:00+05:30,444.35,440.25,441.8,706901,64.36677972606225,444.1785714285714,0.239990414552949,459.32968958192953,439.84,420.3503104180704,38.98,-5.0
93,444.35,2020-04-15 12:05:00+05:30,444.5,441.6,441.75,460678,68.1867903300048,443.77857142857135,3.820010603942549,457.8550315415197,441.14250000000004,424.4299684584804,33.43,-6.0
94,444.5,2020-04-15 12:15:00+05:30,445.8,443.55,444.35,680824,68.40564455216986,443.48571428571415,0.21885422216506356,455.63034788896834,442.4,429.1696521110316,26.46,-7.0
95,442.05,2020-04-15 12:25:00+05:30,444.9,441.0,444.65,661286,61.02165713735077,442.94285714285706,-7.383987414819089,451.522243728677,443.50249999999994,435.4827562713229,16.04,-10.0
96,441.95,2020-04-15 12:35:00+05:30,444.75,441.2,442.25,639620,60.73348907981154,442.6571428571428,-0.2881680575392309,450.42516259629036,443.93500000000006,437.44483740370976,12.98,-3.0
97,438.55,2020-04-15 12:45:00+05:30,442.15,438.1,441.8,1308584,51.78008472176019,442.13571428571424,-8.953404358051351,450.1343974205379,444.025,437.9156025794621,12.22,-1.0
98,439.35,2020-04-15 12:55:00+05:30,440.4,437.5,438.65,789581,53.516503634851254,441.8,1.7364189130910646,449.61255369555266,444.1725,438.73244630444736,10.88,-1.0
99,438.4,2020-04-15 13:05:00+05:30,440.0,437.5,439.35,611934,51.160473082470176,441.3071428571429,-2.3560305523810783,449.9392148465053,443.91999999999996,437.9007851534946,12.04,1.0
100,432.8,2020-04-15 13:15:00+05:30,438.65,432.5,438.6,1264455,39.98553345976467,439.6571428571429,-11.174939622705509,450.9871554122211,443.265,435.54284458777886,15.44,3.0
101,435.15,2020-04-15 13:25:00+05:30,436.3,432.0,432.7,1030107,45.37749476864041,438.3214285714286,5.391961308875743,451.2212180285279,442.75999999999993,434.29878197147195,16.92,1.0
102,433.0,2020-04-15 13:35:00+05:30,436.4,433.0,435.1,634380,41.68729549632306,437.02857142857147,-3.6901992723173507,451.4156070777399,442.09,432.7643929222601,18.65,2.0
103,430.8,2020-04-15 13:45:00+05:30,432.5,427.5,432.4,1580175,38.258756756617615,435.43571428571437,-3.428538739705445,451.61489644758046,441.2924999999999,430.97010355241935,20.64,2.0
104,426.3,2020-04-15 13:55:00+05:30,432.7,425.95,430.9,1290339,32.39063268477619,433.68571428571437,-5.868124071841422,452.0627592801843,440.2199999999999,428.3772407198155,23.69,3.0
105,420.8,2020-04-15 14:05:00+05:30,426.85,418.45,426.45,2158442,26.94986807273463,431.0357142857144,-5.440764612041562,452.9801960622204,438.86249999999984,424.7448039377793,28.24,5.0
106,414.7,2020-04-15 14:15:00+05:30,420.65,412.65,420.5,1980073,22.446469572878186,427.6500000000001,-4.503398499856445,454.46429740374344,437.2399999999999,420.01570259625635,34.45,6.0
107,420.3,2020-04-15 14:25:00+05:30,422.5,414.6,414.7,1889506,33.44223226593513,425.8642857142858,10.995762693056946,454.1370832201784,435.9274999999999,417.7179167798214,36.42,2.0
108,422.1,2020-04-15 14:35:00+05:30,425.0,418.8,420.25,1373173,36.55598147652915,424.00000000000006,3.1137492105940154,453.3189241091244,434.7399999999999,416.1610758908754,37.16,1.0
109,419.65,2020-04-15 14:45:00+05:30,422.95,418.05,421.5,939827,34.21004225694645,422.0928571428572,-2.3459392195826965,452.73545493858325,433.5249999999998,414.31454506141637,38.42,1.0
110,417.6,2020-04-15 14:55:00+05:30,420.65,417.0,419.55,1069982,32.33992118184264,420.2071428571429,-1.8701210751038104,452.30047030452505,432.2949999999998,412.2895296954745,40.01,2.0
111,417.5,2020-04-15 15:05:00+05:30,418.25,415.25,417.65,1190459,32.24731488996875,418.95,-0.09260629187389213,451.61582662985666,431.08499999999975,410.55417337014285,41.06,1.0
112,417.1,2020-04-15 15:15:00+05:30,418.8,415.55,417.55,1346917,31.85438466904351,418.4214285714285,-0.392930220925237,450.6283736709092,429.84749999999974,409.0666263290903,41.56,0.0
113,419.0,2020-04-15 15:25:00+05:30,419.0,416.75,416.95,365778,35.85271305280949,419.0357142857143,3.9983283837659798,448.71887050614134,428.57999999999976,408.44112949385817,40.28,-1.0
114,402.55,2020-04-16 09:15:00+05:30,409.1,400.7,408.6,2277392,23.174691442086825,416.5,-12.678021610722666,448.30764906200915,426.48249999999973,404.6573509379903,43.65,3.0
115,406.0,2020-04-16 09:25:00+05:30,407.5,402.0,402.6,1394925,28.856693473413443,414.2,5.682002031326618,447.039771206813,424.6799999999997,402.32022879318646,44.72,1.0
116,410.0,2020-04-16 09:35:00+05:30,415.2,405.3,405.55,3065090,34.87114582571955,412.82142857142856,6.014452352306108,444.8032946689941,423.0824999999997,401.3617053310053,43.44,-1.0
117,407.7,2020-04-16 09:45:00+05:30,416.75,407.7,410.0,1854121,33.13646056427983,411.40714285714284,-1.7346852614397221,443.01609687168695,421.5399999999998,400.06390312831263,42.95,-0.0
118,404.4,2020-04-16 09:55:00+05:30,409.65,404.05,407.5,1605470,30.771247034793575,409.5357142857143,-2.3652135294862546,440.85039700601095,419.79249999999973,398.7346029939885,42.12,-1.0
119,408.0,2020-04-16 10:05:00+05:30,408.4,403.0,404.4,1191574,36.12738980994494,408.2357142857143,5.356142775151362,438.0232221720059,418.27249999999975,398.5217778279936,39.5,-3.0
120,411.0,2020-04-16 10:15:00+05:30,412.0,406.8,408.05,1171292,40.27435082644093,407.09285714285716,4.146961016495993,435.9386154939137,417.1824999999998,398.42638450608587,37.51,-2.0
121,408.8,2020-04-16 10:25:00+05:30,411.3,408.5,410.85,716522,38.31002368009573,407.9857142857143,-1.9643271463451981,432.93285529029663,415.8649999999998,398.79714470970293,34.14,-3.0
122,407.5,2020-04-16 10:35:00+05:30,408.9,406.75,408.6,694367,37.15676039441368,408.2,-1.1532632856820513,429.99733249906757,414.5899999999998,399.18266750093204,30.81,-3.0
123,407.7,2020-04-16 10:45:00+05:30,408.15,406.25,407.45,431902,37.468638764291725,407.87142857142857,0.31187836987804474,427.0894613877464,413.43499999999983,399.7805386122533,27.31,-4.0
124,409.0,2020-04-16 10:55:00+05:30,410.7,407.7,407.7,637936,39.56802113580415,408.0571428571429,2.0993823715124265,424.9227708376868,412.5699999999999,400.21722916231295,24.71,-3.0
125,411.1,2020-04-16 11:05:00+05:30,413.25,408.4,408.8,771570,42.90281494571137,409.0142857142857,3.334793809907218,423.8236496130018,412.0849999999999,400.34635038699804,23.48,-1.0
126,417.25,2020-04-16 11:15:00+05:30,418.45,411.05,411.05,1659374,51.3668105277141,410.3357142857143,8.463995582002731,424.1248498499395,412.2124999999999,400.30015015006035,23.82,0.0
127,417.75,2020-04-16 11:25:00+05:30,422.05,415.75,417.6,2063287,51.989931867447204,411.3,0.6231213397331032,423.68332565048604,412.0849999999999,400.4866743495138,23.2,-1.0
128,418.7,2020-04-16 11:35:00+05:30,419.45,415.55,417.85,1025441,53.21644272616872,412.71428571428567,1.226510858721518,422.98278635214956,411.91499999999996,400.84721364785037,22.14,-1.0
129,415.05,2020-04-16 11:45:00+05:30,418.95,414.1,418.7,877779,48.12899657841238,413.7928571428571,-5.087446147756346,422.25601797617514,411.68499999999995,401.11398202382475,21.14,-1.0
130,418.8,2020-04-16 11:55:00+05:30,419.3,414.8,415.05,829162,53.090753953704045,415.37857142857143,4.961757375291668,422.4698800753931,411.7449999999999,401.02011992460666,21.45,0.0
131,420.9,2020-04-16 12:05:00+05:30,421.4,417.6,418.8,826471,55.64924890402025,417.0785714285715,2.558494950316202,423.1209711526341,411.91499999999985,400.7090288473656,22.41,1.0
132,424.0,2020-04-16 12:15:00+05:30,424.5,420.5,420.95,1296393,59.1879329295566,418.92142857142863,3.538684025536355,424.51396176537827,412.2599999999999,400.0060382346215,24.51,2.0
133,419.8,2020-04-16 12:25:00+05:30,424.0,419.5,423.7,1027195,53.01601469012625,419.28571428571433,-6.1719182394303544,424.6514329021707,412.29999999999984,399.94856709782897,24.7,0.0
134,419.15,2020-04-16 12:35:00+05:30,420.6,417.25,419.8,1069391,52.110365792955136,419.4857142857144,-0.9056488971711119,424.94196538751163,413.1299999999998,401.318034612488,23.62,-1.0
135,417.55,2020-04-16 12:45:00+05:30,419.1,413.95,418.8,1552456,49.85283364855077,419.3214285714287,-2.2575321444043652,425.1760967112938,413.7074999999998,402.23890328870584,22.94,-1.0
136,419.65,2020-04-16 12:55:00+05:30,421.15,416.6,417.85,1139929,52.74637031505104,419.97857142857157,2.8935366665002675,425.81278162195093,414.18999999999977,402.5672183780486,23.25,0.0
137,418.65,2020-04-16 13:05:00+05:30,420.75,417.75,419.8,594549,51.23045074991455,419.95714285714297,-1.5159195651364854,426.10179658369077,414.7374999999997,403.3732034163087,22.73,-1.0
138,418.4,2020-04-16 13:15:00+05:30,420.0,416.6,419.0,734549,50.83709186016745,419.6000000000001,-0.3933588897471054,425.801398626329,415.4374999999997,405.07360137367044,20.73,-2.0
139,417.8,2020-04-16 13:25:00+05:30,419.4,417.2,418.15,464083,49.847848518044856,418.71428571428584,-0.9892433421225917,425.7218310671333,415.92749999999967,406.13316893286606,19.59,-1.0
140,419.95,2020-04-16 13:35:00+05:30,422.0,417.75,417.75,1178618,53.35083307394733,418.7357142857144,3.502984555902472,426.0383599910058,416.3749999999997,406.71164000899364,19.33,-0.0
141,419.7,2020-04-16 13:45:00+05:30,420.7,418.2,419.85,682826,52.88824541166005,418.81428571428575,-0.46258766228727666,425.9961921067085,416.9199999999998,407.84380789329106,18.15,-1.0
142,419.2,2020-04-16 13:55:00+05:30,420.15,417.5,420.05,549680,51.91864921349603,419.05,-0.9695961981640195,425.4642316476553,417.5049999999998,409.54576835234434,15.92,-2.0
143,419.2,2020-04-16 14:05:00+05:30,419.4,417.5,419.05,334948,51.91864921349604,418.9857142857142,7.105427357601002e-15,424.5855765552159,418.0799999999998,411.57442344478375,13.01,-3.0
144,419.55,2020-04-16 14:15:00+05:30,421.65,419.0,419.15,991306,52.623763812329514,419.1142857142857,0.7051145988334753,423.53179797294,418.6074999999998,413.68320202705956,9.85,-3.0
145,420.4,2020-04-16 14:25:00+05:30,423.0,419.1,419.45,1148446,54.37374521120098,419.4,1.7499813988714692,422.55803023980826,419.07249999999976,415.58696976019127,6.97,-3.0
146,420.5,2020-04-16 14:35:00+05:30,421.5,419.65,420.15,559730,54.586277898238016,419.7857142857142,0.21253268703703299,422.6653751521075,419.2349999999998,415.80462484789206,6.86,-0.0
147,423.05,2020-04-16 14:45:00+05:30,425.0,420.2,420.65,1248701,59.73672438740955,420.2285714285714,5.150446489171536,423.25121033099373,419.4999999999997,415.7487896690057,7.5,1.0
148,422.25,2020-04-16 14:55:00+05:30,423.5,419.75,423.05,1290636,57.53225697676028,420.59285714285716,-2.204467410649272,423.60131058075814,419.67749999999967,415.7536894192412,7.85,0.0
149,421.5,2020-04-16 15:05:00+05:30,424.5,420.25,422.25,1440368,55.465721319879435,420.92142857142863,-2.066535656880845,423.3390827609086,419.9999999999997,416.66091723909085,6.68,-1.0
150,423.6,2020-04-16 15:15:00+05:30,427.0,421.25,421.5,1465679,59.817901078217595,421.55000000000007,4.35217975833816,423.8913299667796,420.2399999999998,416.58867003321996,7.3,1.0
151,426.0,2020-04-16 15:25:00+05:30,426.0,423.35,423.75,428939,64.13205404091201,422.4714285714286,4.314152962694415,424.96170725302176,420.4949999999998,416.0282927469778,8.93,2.0
152,448.2,2020-04-17 09:15:00+05:30,455.0,444.15,450.0,3127232,82.6684797706165,426.4428571428571,18.53642572970449,434.8500971448427,421.7049999999998,408.5599028551569,26.29,17.0
153,448.25,2020-04-17 09:25:00+05:30,449.1,446.2,448.5,1311923,82.69017747645375,430.40714285714284,0.021697705837254944,440.786893653535,423.1274999999999,405.46810634646477,35.32,9.0
154,445.7,2020-04-17 09:35:00+05:30,448.25,445.05,448.2,1183465,77.37024648803367,433.64285714285705,-5.319930988420083,444.66317708385935,424.4549999999999,404.2468229161405,40.42,5.0
155,444.55,2020-04-17 09:45:00+05:30,447.65,443.55,445.75,1172602,75.02598462972689,436.82857142857137,-2.34426185830678,447.6148939402327,425.80499999999995,403.9951060597672,43.62,3.0
156,443.5,2020-04-17 09:55:00+05:30,445.1,440.65,444.55,1632891,72.85543248445858,439.97142857142853,-2.170552145268317,449.9676287717214,426.99749999999995,404.02737122827847,45.94,2.0
157,441.0,2020-04-17 10:05:00+05:30,444.4,437.45,443.25,1407779,67.82415462706268,442.45714285714286,-5.031277857395892,451.54525709138534,428.11499999999995,404.68474290861457,46.86,1.0
158,445.0,2020-04-17 10:15:00+05:30,449.0,440.1,440.85,2009657,71.24571072823282,445.1714285714285,3.4215561011701396,453.56306267859037,429.445,405.3269373214096,48.24,1.0
159,441.0,2020-04-17 10:25:00+05:30,446.0,440.1,445.2,1540499,63.92506242250531,444.14285714285717,-7.320648305727509,454.59615845911827,430.605,406.61384154088177,47.98,-0.0
160,440.5,2020-04-17 10:35:00+05:30,443.95,437.6,440.8,1657310,63.0529134470803,443.0357142857143,-0.8721489754250129,455.4619438612578,431.6325,407.8030561387422,47.66,-0.0
161,436.35,2020-04-17 10:45:00+05:30,440.7,433.9,440.7,1782823,56.199390159574556,441.7,-6.853523287505745,455.6950191449271,432.465,409.2349808550729,46.46,-1.0
162,436.1,2020-04-17 10:55:00+05:30,439.0,435.5,436.3,800126,55.8058715952976,440.49285714285713,-0.39351856427695253,455.72349687365306,433.30999999999995,410.89650312634683,44.83,-2.0
163,438.9,2020-04-17 11:05:00+05:30,441.8,435.3,436.3,992104,59.247694435061554,439.8357142857143,3.441822839763951,455.81113592779036,434.2949999999999,412.77886407220944,43.03,-2.0
164,439.3,2020-04-17 11:15:00+05:30,441.85,438.55,438.6,953234,59.730186527823655,439.59285714285716,0.4824920927621008,455.73586865833295,435.2824999999999,414.8291313416669,40.91,-2.0
165,437.6,2020-04-17 11:25:00+05:30,440.0,436.65,439.25,621952,56.659842818960435,438.5357142857143,-3.07034370886322,455.3708035625801,436.1424999999999,416.9141964374198,38.46,-2.0
166,436.45,2020-04-17 11:35:00+05:30,438.4,435.1,437.7,677437,54.614642636481655,437.88571428571424,-2.04520018247878,454.70390782042693,436.93999999999994,419.17609217957295,35.53,-3.0
167,436.25,2020-04-17 11:45:00+05:30,436.7,434.65,436.2,673266,54.24790098631716,437.2785714285714,-0.36674165016449223,454.1289220204432,437.6,421.07107797955683,33.06,-2.0
168,434.45,2020-04-17 11:55:00+05:30,437.3,432.6,436.4,1061119,50.93294963594669,437.0071428571428,-3.314951350370471,453.1807293356771,438.21000000000004,423.239270664323,29.94,-3.0
169,436.65,2020-04-17 12:05:00+05:30,437.0,434.0,434.45,748503,54.58571332235134,437.0857142857143,3.652763686404647,451.7516709279791,438.96750000000003,426.18332907202097,25.57,-4.0
170,436.7,2020-04-17 12:15:00+05:30,438.7,435.75,436.5,724518,54.66831056261704,436.77142857142854,0.0825972402656987,450.2523227444744,439.62250000000006,428.99267725552573,21.26,-4.0
171,436.7,2020-04-17 12:25:00+05:30,438.0,435.55,436.95,523150,54.66831056261704,436.3999999999999,0.0,448.7898915695782,440.1575000000001,431.525108430422,17.26,-4.0
172,437.8,2020-04-17 12:35:00+05:30,438.55,436.0,436.75,606870,56.6786397230235,436.4285714285714,2.0103291604064637,447.4434272351205,439.6375,431.83157276487947,15.61,-2.0
173,441.5,2020-04-17 12:45:00+05:30,442.1,437.8,437.8,1235652,62.67465606669176,437.15,5.996016343668259,446.05036061414864,439.3,432.5496393858514,13.5,-2.0
174,441.25,2020-04-17 12:55:00+05:30,442.85,439.7,441.7,936797,62.04973719852356,437.8642857142857,-0.6249188681682014,445.2041866635793,439.0775,432.95081333642065,12.25,-1.0
175,438.65,2020-04-17 13:05:00+05:30,441.25,437.7,441.25,772740,55.81651746342602,438.4642857142857,-6.233219735097542,444.3415869185881,438.78249999999997,433.2234130814118,11.12,-1.0
176,438.5,2020-04-17 13:15:00+05:30,438.75,437.2,438.65,950232,55.47031059260057,438.7285714285714,-0.34620687082544777,443.62876023874855,438.53249999999997,433.4362397612514,10.19,-1.0
177,440.1,2020-04-17 13:25:00+05:30,440.7,438.05,438.45,685102,58.43203800941328,439.2142857142857,2.961727416812714,443.5073422076267,438.4875,433.4676577923733,10.04,-0.0
178,440.75,2020-04-17 13:35:00+05:30,441.95,439.05,440.1,879837,59.60740958239597,439.79285714285714,1.1753715729826837,442.4171453886904,438.275,434.13285461130954,8.28,-2.0
179,443.0,2020-04-17 13:45:00+05:30,443.45,440.0,440.45,1105118,63.45908525415619,440.5357142857143,3.8516756717602263,442.8752339120489,438.375,433.8747660879511,9.0,1.0
180,443.9,2020-04-17 13:55:00+05:30,444.5,441.7,443.15,1063586,64.9008336628471,440.87857142857143,1.4417484086909127,443.6052579505705,438.54499999999996,433.4847420494294,10.12,1.0
181,445.8,2020-04-17 14:05:00+05:30,447.35,443.0,443.9,1453975,67.79014664011905,441.52857142857147,2.889312977271942,444.910964265831,439.0174999999999,433.12403573416884,11.79,2.0
182,448.1,2020-04-17 14:15:00+05:30,449.5,444.45,445.75,1374268,70.91172779954681,442.87857142857143,3.1215811594277625,446.60261763831136,439.61749999999995,432.63238236168854,13.97,2.0
183,447.4,2020-04-17 14:25:00+05:30,449.0,446.25,448.1,952900,68.72860434540905,444.15000000000003,-2.183123454137757,447.8318500167989,440.0424999999999,432.2531499832009,15.58,2.0
184,449.1,2020-04-17 14:35:00+05:30,450.55,446.5,447.45,1313292,71.05889901392308,445.4357142857143,2.3302946685140284,449.29709834849956,440.53249999999997,431.7679016515004,17.53,2.0
185,457.95,2020-04-17 14:45:00+05:30,458.4,449.0,449.0,2914553,79.58695998593605,447.89285714285717,8.528060972012966,453.1480942173134,441.55,429.9519057826866,23.2,6.0
186,464.8,2020-04-17 14:55:00+05:30,464.8,457.4,457.75,2399389,83.61217102591463,451.00714285714287,4.025211039978586,458.27705240158355,442.9674999999999,427.6579475984163,30.62,7.0
187,483.45,2020-04-17 15:05:00+05:30,483.5,464.8,464.8,1837391,89.61591488601724,456.65714285714284,6.0037438601026025,468.70374694112854,445.3275,421.95125305887143,46.75,16.0
188,485.9,2020-04-17 15:15:00+05:30,485.9,482.0,483.55,1884713,90.12759173891749,462.38571428571424,0.5116768529002513,476.88669386205703,447.8999999999999,418.9133061379428,57.97,11.0
189,481.0,2020-04-17 15:25:00+05:30,485.9,478.3,485.9,752020,81.48003504647613,467.0857142857143,-8.647556692441356,482.11021751014897,450.11749999999995,418.12478248985093,63.99,6.0
190,465.5,2020-04-20 09:15:00+05:30,483.45,462.5,482.0,3437098,61.408365762696775,469.6714285714285,-20.071669283779357,483.59992705506124,451.5574999999999,419.51507294493854,64.08,0.0
191,468.45,2020-04-20 09:25:00+05:30,473.45,464.5,465.5,2384897,63.2632142577335,472.43571428571425,1.8548484950367268,485.2340684780572,453.14499999999987,421.0559315219425,64.18,0.0
192,465.35,2020-04-20 09:35:00+05:30,468.7,464.35,468.25,1844622,59.99967720999252,473.49285714285713,-3.263537047740982,486.20067570172637,454.5224999999999,422.8443242982735,63.36,-1.0
193,467.55,2020-04-20 09:45:00+05:30,470.45,463.6,464.25,1397379,61.51691228673049,473.88571428571424,1.5172350767379683,487.3906625565115,455.82499999999993,424.2593374434884,63.13,-0.0
194,467.9,2020-04-20 09:55:00+05:30,468.45,465.25,467.55,1203035,61.76538354737681,471.6642857142857,0.24847126064631908,488.3807078833403,457.1574999999999,425.93429211665955,62.45,-1.0
195,467.1,2020-04-20 10:05:00+05:30,469.6,466.2,468.0,863853,60.79908807606409,468.9785714285714,-0.9662954713127192,488.830104828004,458.5799999999999,428.3298951719959,60.5,-2.0
196,466.4,2020-04-20 10:15:00+05:30,468.0,466.0,467.05,633768,59.91580694962022,466.89285714285717,-0.8832811264438689,488.869007756116,459.9749999999999,431.0809922438838,57.79,-3.0
197,470.7,2020-04-20 10:25:00+05:30,472.0,466.25,466.45,1372737,63.43041586187123,467.63571428571424,3.5146089122510134,489.18282505906063,461.50499999999994,433.82717494093924,55.36,-2.0
198,470.0,2020-04-20 10:35:00+05:30,471.3,468.0,470.5,1055238,62.470151768693,467.85714285714283,-0.9602640931782318,489.0742096638708,462.9674999999999,436.860790336129,52.21,-3.0
199,470.45,2020-04-20 10:45:00+05:30,470.75,468.7,470.05,632210,62.8594129108439,468.5857142857143,0.38926114215090024,488.86505915009695,464.34,439.814940849903,49.05,-3.0
200,472.65,2020-04-20 10:55:00+05:30,473.75,470.0,470.5,1124968,64.7825783759122,469.3142857142857,1.923165465068294,488.56695912847397,465.7775,442.988040871526,45.58,-3.0
201,471.1,2020-04-20 11:05:00+05:30,473.25,470.1,472.8,646652,62.333606254526636,469.77142857142854,-2.448972121385559,487.88871068683625,467.0425,446.1962893131638,41.69,-4.0
202,468.55,2020-04-20 11:15:00+05:30,471.4,468.5,471.1,944242,58.42081744947268,469.9785714285714,-3.9127888050539568,486.90910001202286,468.06499999999994,449.220899987977,37.69,-4.0
203,461.15,2020-04-20 11:25:00+05:30,470.5,461.15,468.6,1901814,48.839751636855915,469.2285714285714,-9.581065812616764,485.28347491314133,468.75249999999994,452.22152508685855,33.06,-5.0
204,462.3,2020-04-20 11:35:00+05:30,465.35,459.9,460.95,1732468,50.20644207848525,468.02857142857147,1.3666904416293377,483.5154998675147,469.4124999999999,455.30950013248514,28.21,-5.0
205,466.0,2020-04-20 11:45:00+05:30,466.0,461.05,462.25,884076,54.424899900476916,467.4571428571429,4.218457821991663,482.96807048402974,469.8149999999999,456.66192951597003,26.31,-2.0
206,464.55,2020-04-20 11:55:00+05:30,466.6,464.15,466.0,607671,52.546135614889174,466.6142857142858,-1.8787642855877422,482.97609699910004,469.8024999999999,456.62890300089975,26.35,0.0
207,466.5,2020-04-20 12:05:00+05:30,467.0,464.35,464.55,492703,54.8056251429993,465.7357142857144,2.259489528110123,480.5137242056863,468.9549999999998,457.39627579431334,23.12,-3.0
208,466.25,2020-04-20 12:15:00+05:30,466.75,464.65,466.5,353327,54.447686768029385,465.04285714285726,-0.3579383749699119,476.37672669350076,467.97249999999985,459.56827330649895,16.81,-6.0
209,465.5,2020-04-20 12:25:00+05:30,468.5,465.5,466.25,592139,53.32256355536869,464.60714285714295,-1.1251232126606965,472.99917625504764,467.1974999999999,461.3958237449521,11.6,-5.0
210,463.75,2020-04-20 12:35:00+05:30,466.2,463.1,465.5,698399,50.69042899918124,464.97857142857146,-2.632134556187445,473.0700953718936,467.10999999999984,461.14990462810607,11.92,0.0
211,464.15,2020-04-20 12:45:00+05:30,464.5,462.0,463.75,833522,51.282385382279635,465.2428571428572,0.5919563830983918,472.96085786009775,466.8949999999998,460.8291421399019,12.13,0.0
212,464.95,2020-04-20 12:55:00+05:30,466.0,462.9,464.0,605602,52.51031218062534,465.09285714285716,1.227926798345706,472.96489672369125,466.87499999999983,460.7851032763084,12.18,0.0
213,464.95,2020-04-20 13:05:00+05:30,465.7,463.2,464.95,402955,52.510312180625355,465.15,1.4210854715202004e-14,472.8850240013216,466.7449999999999,460.6049759986782,12.28,0.0
214,468.2,2020-04-20 13:15:00+05:30,468.35,464.5,464.8,696899,57.551278721091194,465.39285714285705,5.040966540465838,472.9133559521328,466.75999999999993,460.60664404786706,12.31,0.0
215,465.8,2020-04-20 13:25:00+05:30,468.35,465.25,468.05,504117,53.07119689275514,465.32857142857137,-4.480081828336054,472.86068602918516,466.6949999999999,460.5293139708146,12.33,0.0
216,464.2,2020-04-20 13:35:00+05:30,465.8,463.35,465.7,551276,50.2621103912908,465.14285714285705,-2.8090865014643427,472.8505364788967,466.5849999999999,460.31946352110316,12.53,0.0
217,464.05,2020-04-20 13:45:00+05:30,465.95,464.0,464.35,463706,49.99494005177036,465.18571428571425,-0.26717033952044034,472.30059452376406,466.2524999999999,460.2044054762357,12.1,-0.0
218,465.05,2020-04-20 13:55:00+05:30,465.1,463.05,464.05,510918,51.83312586512519,465.3142857142857,1.8381858133548334,471.80753120810357,466.0049999999998,460.2024687918961,11.61,-0.0
219,465.8,2020-04-20 14:05:00+05:30,466.4,464.4,465.35,431521,53.22200050926523,465.4357142857143,1.3888746441400386,471.18461846837744,465.77249999999975,460.36038153162207,10.82,-1.0
220,468.0,2020-04-20 14:15:00+05:30,470.0,465.75,465.75,1358588,57.12719432253209,465.8714285714286,3.9051938132668624,470.02888686236594,465.5399999999998,461.05111313763365,8.98,-2.0
221,470.45,2020-04-20 14:25:00+05:30,473.7,468.0,468.0,1469508,61.02904041143424,466.1928571428572,3.901846088902147,469.8333433920561,465.5074999999998,461.1816566079435,8.65,-0.0
222,468.9,2020-04-20 14:35:00+05:30,471.25,468.0,470.65,822995,57.465777920707446,466.6357142857143,-3.5632624907267925,469.9051586128413,465.5249999999998,461.1448413871583,8.76,0.0
223,459.25,2020-04-20 14:45:00+05:30,469.1,459.15,468.8,2421229,41.29879569547027,465.9285714285715,-16.166982225237177,470.2681597197331,465.42999999999984,460.5918402802666,9.68,1.0
224,455.7,2020-04-20 14:55:00+05:30,463.8,454.35,459.6,2433689,37.15736582148696,464.7357142857143,-4.141429873983306,471.48888838036845,465.0999999999999,458.71111161963137,12.78,3.0
225,457.95,2020-04-20 15:05:00+05:30,459.0,455.0,456.0,1420029,41.18317642531955,463.72142857142853,4.025810603832589,471.8198499226743,464.69749999999993,457.5751500773256,14.24,1.0
226,452.2,2020-04-20 15:15:00+05:30,458.7,451.9,457.65,1778031,35.010575277730226,461.77857142857135,-6.172601147589326,473.135350264955,464.08000000000004,455.0246497350451,18.11,4.0
227,453.0,2020-04-20 15:25:00+05:30,453.1,451.35,452.15,553626,36.43799852223177,459.6357142857142,1.4274232445015471,473.6369880251756,463.40500000000003,453.1730119748245,20.46,2.0
228,426.9,2020-04-21 09:15:00+05:30,439.85,425.6,436.0,2232002,20.566753041755433,453.41428571428565,-15.87124548047634,480.6010310173413,461.4375,442.2739689826587,38.33,18.0
229,427.15,2020-04-21 09:25:00+05:30,427.9,421.65,426.65,2339370,20.92205374036955,447.44999999999993,0.3553006986141156,483.9287430410105,459.52,435.1112569589895,48.82,10.0
230,428.8,2020-04-21 09:35:00+05:30,430.0,426.0,427.05,1030170,23.3586605369279,443.09999999999997,2.436606796558351,485.66227316810574,457.7724999999999,429.8827268318941,55.78,7.0
231,427.9,2020-04-21 09:45:00+05:30,428.8,426.8,428.75,667978,22.943390200740936,439.12857142857143,-0.4152703361869641,486.6733709952963,455.9599999999999,425.24662900470355,61.43,6.0
232,427.95,2020-04-21 09:55:00+05:30,429.45,427.25,427.95,653776,23.02526370184124,434.84285714285716,0.08187350110030422,486.9285377653028,454.10999999999996,421.2914622346971,65.64,4.0
233,427.7,2020-04-21 10:05:00+05:30,428.9,426.05,427.95,681677,22.89428063518011,431.34285714285716,-0.13098306666113047,486.6648223674844,452.24749999999995,417.8301776325155,68.83,3.0
234,428.0,2020-04-21 10:15:00+05:30,428.5,426.5,427.7,598065,23.456987253276154,427.7714285714286,0.562706618096044,485.41907225474387,450.2374999999999,415.05592774525593,70.36,2.0
235,425.2,2020-04-21 10:25:00+05:30,428.0,425.0,428.0,742598,21.853938927879696,427.5285714285714,-1.6030483253964576,484.2821196682724,448.2075,412.13288033172756,72.15,2.0
236,425.05,2020-04-21 10:35:00+05:30,425.45,421.0,425.2,1131564,21.768114068888323,427.2285714285714,-0.08582485899137282,482.91468256194776,446.2499999999999,409.585317438052,73.33,1.0
237,426.75,2020-04-21 10:45:00+05:30,427.2,424.5,425.1,537345,25.34641127234761,426.93571428571425,3.578297203459286,481.03200892512064,444.38499999999993,407.73799107487923,73.29,-0.0
238,424.6,2020-04-21 10:55:00+05:30,426.75,424.1,426.6,438792,23.860005540936044,426.46428571428567,-1.4864057314115655,478.67071097507437,442.3625,406.05428902492565,72.62,-1.0
239,423.1,2020-04-21 11:05:00+05:30,424.75,422.55,424.55,509605,22.85306721050074,425.77142857142854,-1.006938330435304,475.74598258672023,440.2275000000001,404.7090174132799,71.04,-2.0
240,422.6,2020-04-21 11:15:00+05:30,423.5,421.5,423.1,612702,22.51202330633666,425.0428571428571,-0.34104390416408137,471.7643238985158,437.9575000000001,404.1506761014844,67.61,-3.0
241,420.75,2020-04-21 11:25:00+05:30,422.7,419.05,422.6,1144185,21.248507628594254,424.0071428571428,-1.2635156777424044,466.4074482998725,435.4725,404.53755170012755,61.87,-6.0
242,419.8,2020-04-21 11:35:00+05:30,421.4,418.0,420.9,836894,20.60883737144775,423.2357142857143,-0.6396702571465056,460.3682485705313,433.01750000000004,405.6667514294688,54.7,-7.0
243,422.4,2020-04-21 11:45:00+05:30,422.45,419.2,419.8,757671,27.07899410876449,422.85714285714283,6.470156737316742,455.9263635988,431.175,406.42363640120004,49.5,-5.0
244,423.45,2020-04-21 11:55:00+05:30,424.45,422.15,422.25,756115,29.575136122686928,422.38571428571424,2.4961420139224373,451.64459264968957,429.5625,407.48040735031043,44.16,-5.0
245,421.7,2020-04-21 12:05:00+05:30,423.45,420.85,423.4,511642,27.86322410616812,421.97142857142853,-1.7119120165188093,445.5586614054127,427.75,409.9413385945873,35.62,-9.0
246,421.65,2020-04-21 12:15:00+05:30,422.25,420.6,421.7,495445,27.813687084522982,421.7642857142857,-0.04953702164513629,439.9813048364064,426.22249999999997,412.4636951635935,27.52,-8.0
247,418.55,2020-04-21 12:25:00+05:30,422.0,417.1,422.0,1105224,24.862360585211633,421.1857142857143,-2.9513264993113495,430.68470098839043,424.4999999999999,418.31529901160934,12.37,-15.0
248,418.9,2020-04-21 12:35:00+05:30,420.2,418.0,418.55,516839,25.819422287921213,420.92142857142863,0.9570617027095807,430.6548696241407,424.0999999999999,417.5451303758591,13.11,1.0
249,414.6,2020-04-21 12:45:00+05:30,419.85,413.05,418.95,1345036,22.095714921670762,420.17857142857144,-3.7237073662504514,431.1112154472608,423.47249999999997,415.83378455273913,15.28,2.0
250,415.4,2020-04-21 12:55:00+05:30,417.25,414.1,414.6,867178,24.28360337140616,419.17857142857144,2.1878884497353965,430.8152185083933,422.80249999999995,414.7897814916066,16.03,1.0
251,417.95,2020-04-21 13:05:00+05:30,417.95,414.5,415.6,639367,30.941203565154865,418.39285714285717,6.657600193748706,430.2200689061742,422.305,414.3899310938258,15.83,-0.0
252,415.95,2020-04-21 13:15:00+05:30,418.15,415.0,417.9,604503,28.80212469205553,417.57142857142856,-2.1390788730993364,429.6376042713809,421.70500000000004,413.7723957286192,15.87,0.0
253,416.85,2020-04-21 13:25:00+05:30,417.15,415.15,415.95,721061,31.110157532913647,416.88571428571424,2.308032840858118,428.8490484006675,421.1625,413.4759515993325,15.37,-0.0
254,416.6,2020-04-21 13:35:00+05:30,418.45,416.6,416.9,742608,30.811366136550248,416.6071428571428,-0.2987913963633986,427.82126381657366,420.59250000000003,413.3637361834264,14.46,-1.0
255,416.35,2020-04-21 13:45:00+05:30,417.1,415.5,416.6,1139519,30.495943659753877,416.2428571428571,-0.31542247679637114,427.27394036441945,420.15,413.0260596355805,14.25,-0.0
256,415.75,2020-04-21 13:55:00+05:30,416.6,415.7,416.2,409454,29.70984334572144,416.4071428571428,-0.7861003140324385,426.67507567160425,419.68500000000006,412.69492432839587,13.98,-0.0
257,417.3,2020-04-21 14:05:00+05:30,418.35,415.7,415.7,536187,34.413296545544725,416.6785714285714,4.7034531998232865,425.4262263165397,419.2125,412.99877368346023,12.43,-2.0
258,419.95,2020-04-21 14:15:00+05:30,420.45,417.15,417.35,993511,41.60743405736967,416.96428571428567,7.194137511824948,424.67093461938566,418.98,413.2890653806144,11.38,-1.0
259,421.4,2020-04-21 14:25:00+05:30,422.95,419.4,419.95,1306599,45.1525173476555,417.74285714285713,3.545083290285824,424.3736571539514,418.895,413.41634284604856,10.96,-0.0
260,419.0,2020-04-21 14:35:00+05:30,421.75,418.75,421.4,1185551,40.74337786487833,418.05,-4.409139482777164,423.9103521738707,418.715,413.51964782612924,10.39,-1.0
261,419.8,2020-04-21 14:45:00+05:30,421.3,418.3,418.8,774343,42.75020173938503,418.50714285714287,2.0068238745066935,423.8015222253651,418.6674999999999,413.5334777746347,10.27,-0.0
262,419.8,2020-04-21 14:55:00+05:30,421.4,419.1,420.0,958356,42.75020173938503,419.00000000000006,0.0,423.8015222253651,418.6674999999999,413.5334777746347,10.27,0.0
263,420.25,2020-04-21 15:05:00+05:30,421.35,419.6,419.75,1310012,43.98770855951438,419.6428571428572,1.2375068201293544,423.44915017909057,418.55999999999995,413.6708498209093,9.78,-0.0
264,421.7,2020-04-21 15:15:00+05:30,421.9,420.05,420.25,1200979,47.89598272138932,420.2714285714286,3.9082741618749424,423.0455877510676,418.47249999999997,413.8994122489323,9.15,-1.0
265,419.0,2020-04-21 15:25:00+05:30,422.45,418.5,421.85,485932,42.01694081522881,420.1357142857143,-5.879041906160516,422.66207786196844,418.3374999999999,414.0129221380314,8.65,-0.0
266,417.1,2020-04-22 09:15:00+05:30,422.0,413.15,418.55,1441470,38.44110288513666,419.5214285714286,-3.575837930092149,422.17157864046106,418.10999999999996,414.04842135953885,8.12,-1.0
267,417.2,2020-04-22 09:25:00+05:30,419.05,415.15,417.0,631127,38.7366218934262,419.2642857142857,0.2955190082895385,422.1181368569209,418.0425,413.96686314307914,8.15,0.0
268,412.2,2020-04-22 09:35:00+05:30,419.0,412.2,417.2,762370,30.780157614513456,418.1785714285714,-7.95646427891274,422.52099801681834,417.7075000000001,412.89400198318185,9.63,1.0
269,414.4,2020-04-22 09:45:00+05:30,415.0,412.0,412.55,611355,36.919616014619805,417.4071428571428,6.139458400106349,422.5389303019294,417.69750000000005,412.8560696980707,9.68,0.0
270,416.25,2020-04-22 09:55:00+05:30,416.85,413.3,414.5,592776,41.60963275267855,416.83571428571423,4.690016738058745,422.5109206879328,417.74000000000007,412.9690793120673,9.54,-0.0
271,415.0,2020-04-22 10:05:00+05:30,416.25,413.4,416.2,354909,39.474057863127946,415.8785714285714,-2.135574889550604,422.51604974640065,417.59250000000003,412.6689502535994,9.85,0.0
272,415.5,2020-04-22 10:15:00+05:30,417.95,414.2,414.7,583012,40.783269989846566,415.3785714285714,1.30921212671862,422.5291382952684,417.57,412.6108617047316,9.92,0.0
273,417.5,2020-04-22 10:25:00+05:30,417.55,414.5,415.3,453316,45.830658044656545,415.43571428571425,5.0473880548099785,422.5502772787403,417.60249999999996,412.65472272125965,9.9,-0.0
274,423.05,2020-04-22 10:35:00+05:30,425.5,417.5,418.0,2386798,56.82768484514005,416.2714285714286,10.997026800483503,423.4093797327181,417.9249999999999,412.4406202672817,10.97,1.0
275,421.65,2020-04-22 10:45:00+05:30,425.35,421.2,423.35,877906,53.85747295964917,417.6214285714286,-2.970211885490876,423.86289028719426,418.1899999999999,412.5171097128055,11.35,0.0
276,423.95,2020-04-22 10:55:00+05:30,424.0,420.65,421.5,641591,57.76320881451744,418.9857142857143,3.9057358548682686,424.6996117218976,418.5999999999999,412.5003882781022,12.2,1.0
277,428.3,2020-04-22 11:05:00+05:30,428.65,423.85,423.95,1462569,63.974203882280754,420.7071428571429,6.210995067763314,426.59205687470416,419.1499999999999,411.7079431252957,14.88,3.0
278,430.8,2020-04-22 11:15:00+05:30,434.0,428.35,428.6,2198450,66.9795131781173,422.9642857142858,3.005309295836547,428.7800435277325,419.6924999999998,410.60495647226713,18.18,3.0
279,426.0,2020-04-22 11:25:00+05:30,430.95,425.65,430.85,1492942,57.12591846146698,424.4642857142858,-9.85359471665032,429.4157926460301,419.92249999999984,410.42920735396956,18.99,1.0
280,427.2,2020-04-22 11:35:00+05:30,428.7,424.05,426.05,1150421,58.75935711200695,425.85,1.633438650539972,430.35175908595994,420.33249999999987,410.3132409140398,20.04,1.0
281,425.9,2020-04-22 11:45:00+05:30,429.0,425.0,427.15,701153,56.25875328470072,426.25714285714287,-2.500603827306236,430.95543915571636,420.63749999999993,410.3195608442835,20.64,1.0
282,425.95,2020-04-22 11:55:00+05:30,426.55,422.55,425.9,829829,56.33572044972605,426.87142857142857,0.07696716502533008,431.5211847662822,420.945,410.3688152337178,21.15,1.0
283,425.6,2020-04-22 12:05:00+05:30,427.75,425.0,426.0,651925,55.59822728241736,427.10714285714283,-0.7374931673086849,431.98350762524893,421.2125,410.441492374751,21.54,0.0
284,426.0,2020-04-22 12:15:00+05:30,426.8,425.0,425.5,414070,56.30228698339996,426.7785714285714,0.7040597009825973,432.40908626256316,421.42749999999995,410.44591373743674,21.96,0.0
285,427.8,2020-04-22 12:25:00+05:30,428.0,424.5,425.95,509306,59.4205485805568,426.34999999999997,3.118261597156838,433.14086287566073,421.86749999999995,410.59413712433917,22.55,1.0
286,426.0,2020-04-22 12:35:00+05:30,428.0,425.65,427.5,469517,55.1800165511113,426.34999999999997,-4.240532029445497,433.4957522809313,422.3124999999999,411.1292477190685,22.37,-0.0
287,426.35,2020-04-22 12:45:00+05:30,427.15,425.5,426.0,308349,55.83994001196776,426.2285714285714,0.6599234608564615,433.8204774843255,422.76999999999987,411.7195225156742,22.1,-0.0
288,428.1,2020-04-22 12:55:00+05:30,430.0,426.1,426.6,629093,59.08386751796789,426.5428571428571,3.2439275060001265,433.66013170842916,423.5649999999999,413.4698682915706,20.19,-2.0
289,425.8,2020-04-22 13:05:00+05:30,428.75,425.4,428.15,515530,53.519358443639206,426.5214285714286,-5.564509074328683,433.2953321015414,424.1349999999999,414.97466789845834,18.32,-2.0
290,423.45,2020-04-22 13:15:00+05:30,426.0,421.5,425.8,1037398,48.493962118817,426.2142857142857,-5.0253963248222036,432.8840216479951,424.4949999999999,416.1059783520047,16.78,-2.0
291,418.55,2020-04-22 13:25:00+05:30,423.7,416.85,423.4,1431451,40.04954132001739,425.15000000000003,-8.444420798799612,432.33433123637815,424.67249999999984,417.01066876362154,15.32,-1.0
292,416.95,2020-04-22 13:35:00+05:30,419.9,415.45,418.6,1147237,37.738661918597856,423.59999999999997,-2.310879401419534,432.0610170354614,424.7449999999999,417.42898296453836,14.63,-1.0
293,418.3,2020-04-22 13:45:00+05:30,419.65,416.1,417.0,896819,40.840388537231114,422.5,3.1017266186332577,431.9412339404556,424.78499999999985,417.6287660595441,14.31,-0.0
294,419.0,2020-04-22 13:55:00+05:30,420.45,418.1,418.25,775710,42.44157863690253,421.45,1.6011900996714132,432.1621316394319,424.58249999999987,417.00286836056785,15.16,1.0
295,423.0,2020-04-22 14:05:00+05:30,425.35,418.6,419.0,1458172,50.65959380125364,420.7214285714286,8.218015164351115,432.14322501014317,424.6499999999999,417.1567749898567,14.99,-0.0
296,426.05,2020-04-22 14:15:00+05:30,427.85,422.8,423.0,1268900,55.83730863682975,420.75714285714287,5.177714835576111,432.2657571977939,424.7549999999998,417.24424280220575,15.02,0.0
297,427.0,2020-04-22 14:25:00+05:30,428.4,424.45,425.85,990540,57.338980643729386,421.2642857142858,1.501672006899632,432.09331362509937,424.6899999999999,417.2866863749004,14.81,-0.0
298,431.85,2020-04-22 14:35:00+05:30,433.3,426.6,427.0,1448063,64.05824396995544,423.1642857142857,6.719263326226056,432.34057974355875,424.74249999999995,417.14442025644115,15.2,0.0
299,429.65,2020-04-22 14:45:00+05:30,434.45,429.6,431.95,1596733,59.48168247036503,424.97857142857146,-4.576561499590412,432.8198017541193,424.9249999999999,417.0301982458805,15.79,1.0
300,428.95,2020-04-22 14:55:00+05:30,432.65,427.7,429.7,1203093,58.060323523232,426.5,-1.4213589471330295,433.0509519981349,425.01249999999993,416.97404800186496,16.08,0.0
301,431.7,2020-04-22 15:05:00+05:30,432.4,428.0,429.0,1261632,61.91101932054622,428.3142857142857,3.8506957973142164,433.87641852931733,425.30249999999995,416.72858147068257,17.15,1.0
302,433.5,2020-04-22 15:15:00+05:30,433.5,431.55,431.7,1073044,64.22629420479771,429.8142857142857,2.315274884251494,435.00582153852525,425.67999999999995,416.35417846147465,18.65,2.0
303,433.15,2020-04-22 15:25:00+05:30,433.8,433.0,433.35,330974,63.41905325035218,430.82857142857137,-0.8072409544455326,435.96290920805126,426.0574999999999,416.1520907919485,19.81,1.0
