,close,date,high,low,open,volume,RSI_14,sma_7,RSI_Trend,ub,mb,lb,band_diff,band_diff_trend
0,637.85,2020-04-13 09:15:00+05:30,639.4,627.05,629.0,407629,0.0,0.0,,,,,,
1,640.4,2020-04-13 09:25:00+05:30,646.7,636.1,637.45,457937,100.0,0.0,100.0,,,,,
2,644.0,2020-04-13 09:35:00+05:30,646.4,640.0,640.2,389939,100.0,0.0,0.0,,,,,
3,646.25,2020-04-13 09:45:00+05:30,651.7,643.4,644.0,727541,100.0,0.0,0.0,,,,,
4,644.1,2020-04-13 09:55:00+05:30,649.45,643.6,646.05,418941,94.01560713753166,0.0,-5.98439286246834,,,,,
5,641.25,2020-04-13 10:05:00+05:30,646.0,640.35,644.05,310961,86.61598993980067,0.0,-7.39961719773099,,,,,
6,638.75,2020-04-13 10:15:00+05:30,641.1,638.0,641.1,379982,80.62165714203545,641.8000000000001,-5.9943327977652245,,,,,
7,640.25,2020-04-13 10:25:00+05:30,642.0,637.75,638.5,218792,81.45111901099445,642.1428571428571,0.829461868959001,,,,,
8,643.85,2020-04-13 10:35:00+05:30,645.8,639.65,640.35,221332,83.29878621726382,642.6357142857144,1.847667206269378,,,,,
9,644.9,2020-04-13 10:45:00+05:30,645.8,643.35,643.7,157029,83.8054800253401,642.7642857142857,0.5066938080762782,,,,,
10,642.0,2020-04-13 10:55:00+05:30,644.95,639.55,644.95,223392,76.86895553125167,642.157142857143,-6.936524494088431,,,,,
11,644.85,2020-04-13 11:05:00+05:30,645.55,641.6,641.65,160955,78.73201767914105,642.2642857142857,1.86306214788938,,,,,
12,643.95,2020-04-13 11:15:00+05:30,647.0,643.2,644.85,185535,76.63293337372411,642.65,-2.0990843054169375,,,,,
13,643.1,2020-04-13 11:25:00+05:30,644.0,642.0,643.8,149952,74.60975028482603,643.2714285714286,-2.0231830888980795,,,,,
14,641.8,2020-04-13 11:35:00+05:30,644.4,641.55,643.15,262516,71.50062183242251,643.4928571428572,-3.1091284524035245,,,,,
15,643.25,2020-04-13 11:45:00+05:30,644.8,641.65,642.0,194164,72.8591714768839,643.407142857143,1.358549644461391,,,,,
16,640.15,2020-04-13 11:55:00+05:30,643.75,640.0,643.3,105569,65.65347115173924,642.7285714285715,-7.205700325144662,,,,,
17,640.75,2020-04-13 12:05:00+05:30,642.0,639.1,640.1,160389,66.34719633426093,642.5500000000001,0.693725182521689,,,,,
18,640.25,2020-04-13 12:15:00+05:30,641.35,639.4,640.95,102298,65.16598125179289,641.8928571428571,-1.181215082468043,,,,,
19,640.45,2020-04-13 12:25:00+05:30,641.6,639.95,640.25,358333,65.43109769959273,641.3928571428571,0.26511644779984067,646.631852236276,642.1075000000001,637.5831477637241,9.05,
20,640.1,2020-04-13 12:35:00+05:30,640.8,640.0,640.45,58514,64.50585648724604,640.9642857142857,-0.9252412123466911,646.3971811195187,642.22,638.0428188804814,8.35,-1.0
21,641.1,2020-04-13 12:45:00+05:30,642.7,638.3,640.2,162576,65.98580824046627,640.8642857142858,1.4799517532202344,646.379369170265,642.2550000000001,638.1306308297352,8.25,-0.0
22,640.5,2020-04-13 12:55:00+05:30,641.7,640.0,641.35,52562,64.25467101752015,640.4714285714286,-1.731137222946117,646.1896036433292,642.0800000000002,637.9703963566711,8.22,-0.0
23,639.95,2020-04-13 13:05:00+05:30,641.0,639.55,640.5,79384,62.63257213968574,640.4428571428572,-1.6220988778344108,645.4751709422953,641.7650000000001,638.0548290577049,7.42,-1.0
24,638.5,2020-04-13 13:15:00+05:30,640.0,638.5,639.9,97981,58.44367107196087,640.1214285714286,-4.188901067724871,645.2970446233651,641.4850000000001,637.6729553766352,7.62,0.0
25,637.0,2020-04-13 13:25:00+05:30,639.5,636.55,638.6,156787,54.39105659249868,639.657142857143,-4.052614479462193,645.5811785127596,641.2725000000002,636.9638214872407,8.62,1.0
26,639.7,2020-04-13 13:35:00+05:30,640.0,636.0,637.0,192347,59.7952661798429,639.5500000000001,5.404209587344219,645.5314380591808,641.3200000000002,637.1085619408195,8.42,-0.0
27,638.5,2020-04-13 13:45:00+05:30,640.0,637.1,639.95,175696,56.58608675880417,639.3214285714286,-3.2091794210387263,645.6071007336611,641.2325000000002,636.8578992663392,8.75,0.0
28,638.6,2020-04-13 13:55:00+05:30,639.8,637.3,638.5,91201,56.7941871099157,638.9642857142857,0.20810035111152558,645.3132221848955,640.9700000000001,636.6267778151048,8.69,-0.0
29,638.65,2020-04-13 14:05:00+05:30,639.5,637.2,638.6,84448,56.905416933902835,638.6999999999999,0.11122982398713788,644.6990311064262,640.6575000000001,636.6159688935741,8.08,-1.0
30,637.0,2020-04-13 14:15:00+05:30,639.0,636.6,638.65,97263,52.135495777659195,638.2785714285714,-4.76992115624364,644.7095527535976,640.4075000000001,636.1054472464027,8.6,1.0
31,639.45,2020-04-13 14:25:00+05:30,640.0,636.8,637.0,160906,57.792816345695776,638.4142857142857,5.657320568036582,643.9109355419794,640.1375000000002,636.364064458021,7.55,-1.0
32,640.4,2020-04-13 14:35:00+05:30,641.0,639.3,639.7,153071,59.778010449722125,638.8999999999999,1.9851941040263483,643.2857527837989,639.9600000000002,636.6342472162014,6.65,-1.0
33,639.4,2020-04-13 14:45:00+05:30,641.0,639.0,640.3,124716,56.752076544719564,638.8571428571428,-3.02593390500256,642.7594332971707,639.7750000000001,636.7905667028294,5.97,-1.0
34,637.3,2020-04-13 14:55:00+05:30,640.0,637.1,639.4,209644,50.922564234667306,638.6857142857142,-5.829512310052259,642.569933774108,639.5500000000001,636.5300662258921,6.04,0.0
35,636.8,2020-04-13 15:05:00+05:30,638.4,636.15,637.15,367959,49.6157747327552,638.4285714285713,-1.3067895019121067,641.9463377935003,639.2275000000001,636.5086622064998,5.44,-1.0
36,637.35,2020-04-13 15:15:00+05:30,637.5,636.2,636.95,325629,51.102263051145805,638.2428571428571,1.486488318390606,641.8932975693192,639.0875000000001,636.281702430681,5.61,0.0
37,637.0,2020-04-13 15:25:00+05:30,637.4,636.5,637.15,128913,50.089509595864996,638.2428571428571,-1.0127534552808086,641.7390139133151,638.9000000000001,636.060986086685,5.68,0.0
38,646.05,2020-04-15 09:15:00+05:30,653.3,641.5,651.4,1036942,67.83827509631905,639.1857142857143,17.748765500454056,643.4426276706597,639.19,634.9373723293404,8.51,3.0
39,643.1,2020-04-15 09:25:00+05:30,646.05,641.05,646.0,375719,60.30956413431698,639.5714285714287,-7.528710962002073,643.8936308056216,639.3225,634.7513691943784,9.14,1.0
40,644.9,2020-04-15 09:35:00+05:30,647.4,642.55,643.15,235956,63.00728613252646,640.357142857143,2.697721998209481,644.7658263652355,639.5625,634.3591736347645,10.41,1.0
41,649.6,2020-04-15 09:45:00+05:30,650.0,644.85,644.95,324243,68.94309071653188,642.1142857142859,5.9358045840054245,646.8451407635646,639.9875,633.1298592364353,13.72,3.0
42,650.3,2020-04-15 09:55:00+05:30,651.0,648.15,649.65,396385,69.72232978995393,644.0428571428573,0.7792390734220476,648.7449042893891,640.4775,632.2100957106109,16.53,3.0
43,650.0,2020-04-15 10:05:00+05:30,650.4,647.05,650.4,331748,68.92416621040347,645.8500000000001,-0.7981635795504616,650.2707650809538,640.9799999999999,631.689234919046,18.58,2.0
44,650.25,2020-04-15 10:15:00+05:30,651.0,649.95,650.05,266419,69.24018087099392,647.7428571428572,0.31601466059045435,651.6502249345234,641.5674999999999,631.4847750654764,20.17,2.0
45,650.7,2020-04-15 10:25:00+05:30,652.0,649.95,650.0,213169,69.83481203352773,648.407142857143,0.5946311625338012,652.8756859132451,642.2524999999999,631.6293140867548,21.25,1.0
46,648.45,2020-04-15 10:35:00+05:30,650.9,648.0,650.7,319694,63.25088262562668,649.1714285714286,-6.583929407901046,653.5877351582312,642.6899999999999,631.7922648417687,21.8,1.0
47,648.0,2020-04-15 10:45:00+05:30,649.35,646.0,648.4,212162,61.99206169221895,649.6142857142858,-1.2588209334077334,654.1217619112103,643.165,632.2082380887896,21.91,0.0
48,647.75,2020-04-15 10:55:00+05:30,648.5,645.75,647.95,421645,61.26259588504234,649.35,-0.7294658071766094,654.5407355910218,643.6225,632.7042644089781,21.84,-0.0
49,647.9,2020-04-15 11:05:00+05:30,650.15,646.75,647.75,468154,61.55490725364211,649.0071428571428,0.29231136859976914,654.8995175330981,644.0849999999999,633.2704824669017,21.63,-0.0
50,647.0,2020-04-15 11:15:00+05:30,648.5,646.6,647.95,101393,58.69311386082585,648.5785714285713,-2.86179339281626,654.9349860157548,644.5849999999999,634.235013984245,20.7,-1.0
51,646.05,2020-04-15 11:25:00+05:30,647.1,646.0,647.0,115753,55.74691399391742,647.9785714285714,-2.9461998669084295,654.9929122733569,644.9149999999998,634.8370877266428,20.16,-1.0
52,646.1,2020-04-15 11:35:00+05:30,647.25,646.0,646.05,198908,55.87246373391336,647.3214285714286,0.12554973999593955,655.0603405513947,645.1999999999999,635.3396594486052,19.72,-0.0
53,645.5,2020-04-15 11:45:00+05:30,646.95,645.05,646.15,173091,53.8964131889989,646.9,-1.9760505449144574,654.9797809306714,645.5049999999999,636.0302190693284,18.95,-1.0
54,645.5,2020-04-15 11:55:00+05:30,646.95,644.7,645.55,110831,53.8964131889989,646.5428571428572,0.0,654.5689373454488,645.915,637.2610626545511,17.31,-2.0
55,646.3,2020-04-15 12:05:00+05:30,646.95,645.2,645.5,76071,56.28707528114441,646.3357142857143,2.3906620921455115,653.9053597105498,646.39,638.8746402894502,15.03,-2.0
56,648.85,2020-04-15 12:15:00+05:30,649.0,646.25,646.55,138053,62.892232824155165,646.4714285714288,6.605157543010755,653.222635336132,646.9649999999999,640.7073646638678,12.52,-3.0
57,649.9,2020-04-15 12:25:00+05:30,650.75,648.55,648.95,265058,65.22249878922628,646.8857142857144,2.3302659650711135,651.8895228460054,647.6099999999999,643.3304771539944,8.56,-4.0
58,649.05,2020-04-15 12:35:00+05:30,650.25,647.6,649.85,129898,61.837142431865495,647.3142857142858,-3.3853563573607843,652.0195527316486,647.76,643.5004472683514,8.52,-0.0
59,647.45,2020-04-15 12:45:00+05:30,650.1,647.05,649.05,113172,55.95014416456946,647.5071428571429,-5.886998267296036,651.6371627684745,647.9775,644.3178372315255,7.32,-1.0
60,647.8,2020-04-15 12:55:00+05:30,649.95,647.15,647.5,144365,56.916393681415514,647.8357142857143,0.9662495168460552,651.4866257564595,648.1225,644.7583742435404,6.73,-1.0
61,647.95,2020-04-15 13:05:00+05:30,649.5,647.35,647.85,165528,57.34820105071888,648.1857142857143,0.43180736930336394,651.3317120805233,648.04,644.7482879194766,6.58,-0.0
62,647.75,2020-04-15 13:15:00+05:30,648.5,646.55,648.0,243159,56.53459216223117,648.3928571428571,-0.8136088884877068,651.028481724156,647.9125,644.796518275844,6.23,-0.0
63,650.9,2020-04-15 13:25:00+05:30,651.8,647.35,647.75,502930,64.96522944119332,648.6857142857142,8.430637278962145,651.2228322552005,647.9575,644.6921677447995,6.53,0.0
64,651.75,2020-04-15 13:35:00+05:30,651.8,649.8,650.9,178902,66.83459813320465,648.9499999999999,1.869368692011335,651.5765498689628,648.0325,644.4884501310372,7.09,1.0
65,649.7,2020-04-15 13:45:00+05:30,651.8,649.3,651.8,489894,58.69971532215558,649.0428571428571,-8.134882811049067,651.3938240213967,647.9825,644.5711759786033,6.82,-0.0
66,648.5,2020-04-15 13:55:00+05:30,650.15,648.25,649.75,268160,54.51668092654934,649.1928571428571,-4.183034395606242,651.3978395339102,647.9849999999999,644.5721604660896,6.83,0.0
67,645.7,2020-04-15 14:05:00+05:30,648.5,645.0,648.5,258214,46.237113887546855,648.892857142857,-8.279567039002487,651.4324355949872,647.87,644.3075644050128,7.12,0.0
68,643.0,2020-04-15 14:15:00+05:30,645.95,642.1,645.9,247177,39.93830708637148,648.1857142857142,-6.298806801175374,651.8090353306815,647.6324999999999,643.4559646693184,8.35,1.0
69,645.4,2020-04-15 14:25:00+05:30,648.0,643.15,643.2,228220,46.867180024468,647.8499999999998,6.928872938096518,651.7984053148563,647.5074999999999,643.2165946851436,8.58,0.0
70,646.45,2020-04-15 14:35:00+05:30,646.5,643.25,645.6,166242,49.60625788767704,647.2142857142856,2.7390778632090402,651.7916000205088,647.48,643.1683999794913,8.62,0.0
71,644.4,2020-04-15 14:45:00+05:30,647.5,643.0,646.5,183354,44.755222148439785,646.1642857142855,-4.851035739237254,651.8839093015531,647.3975,642.911090698447,8.97,0.0
72,641.6,2020-04-15 14:55:00+05:30,646.3,640.0,644.4,628122,39.12708859076529,645.0071428571428,-5.628133557674495,652.3335356977735,647.1725,642.0114643022265,10.32,1.0
73,638.6,2020-04-15 15:05:00+05:30,641.9,635.8,641.75,974688,34.1691338843049,643.592857142857,-4.9579547064603915,653.2319782851745,646.8275000000001,640.4230217148257,12.81,2.0
74,637.4,2020-04-15 15:15:00+05:30,640.9,636.6,638.7,839698,32.4005638432258,642.4071428571427,-1.7685700410791014,654.0819265966506,646.4225,638.7630734033494,15.32,3.0
75,640.0,2020-04-15 15:25:00+05:30,641.0,636.35,637.35,394731,39.684917234228045,641.9785714285714,7.284353391002249,654.2885612488785,646.1075000000001,637.9264387511216,16.36,1.0
76,614.4,2020-04-16 09:15:00+05:30,627.85,614.0,619.95,1903419,18.521736622473924,637.55,-21.16318061175412,660.6487504576087,644.385,628.1212495423913,32.53,16.0
77,614.0,2020-04-16 09:25:00+05:30,618.05,604.0,614.55,1600561,18.3570106317363,632.9142857142857,-0.1647259907376224,663.5401312645051,642.59,621.6398687354949,41.9,9.0
78,615.75,2020-04-16 09:35:00+05:30,620.9,613.3,614.05,806049,21.640494241883218,628.8214285714286,3.2834836101469165,664.8019763579896,640.9250000000001,617.0480236420105,47.75,6.0
79,610.15,2020-04-16 09:45:00+05:30,616.6,609.0,615.65,621763,19.006297867466614,624.3285714285713,-2.6341963744166037,666.3710079985109,639.0600000000001,611.7489920014892,54.62,7.0
80,611.05,2020-04-16 09:55:00+05:30,611.55,608.05,610.15,588426,20.677453082037403,620.392857142857,1.6711552145707884,666.9001626083443,637.2225000000001,607.5448373916558,59.36,5.0
81,614.7,2020-04-16 10:05:00+05:30,616.05,610.85,611.15,625523,27.23474657715181,617.1499999999999,6.557293495114408,666.4094920200433,635.5600000000001,604.7105079799568,61.7,2.0
82,619.85,2020-04-16 10:15:00+05:30,619.95,614.7,614.85,563509,35.35487337126344,614.2714285714285,8.120126794111627,665.2161310074541,634.1650000000001,603.113868992546,62.1,0.0
83,617.0,2020-04-16 10:25:00+05:30,621.6,617.0,619.85,427622,33.15018583854925,614.6428571428571,-2.204687532714189,663.3754142761251,632.47,601.564585723875,61.81,-0.0
84,617.65,2020-04-16 10:35:00+05:30,618.25,616.0,616.7,192121,34.15862529598543,615.1642857142857,1.0084394574361824,660.945894967721,630.7650000000001,600.5841050322792,60.36,-1.0
85,619.55,2020-04-16 10:45:00+05:30,619.55,616.6,617.85,290812,37.14349109486528,615.7071428571428,2.984865798879852,658.4519528797393,629.2574999999999,600.0630471202605,58.39,-2.0
86,621.45,2020-04-16 10:55:00+05:30,622.0,618.8,619.6,362765,40.069389903381115,617.3214285714286,2.925898808515832,655.8244310754875,627.905,599.9855689245124,55.84,-3.0
87,620.2,2020-04-16 11:05:00+05:30,623.0,619.15,621.6,335881,38.790094102560474,618.6285714285714,-1.2792958008206412,653.4345243627963,626.63,599.8254756372037,53.61,-2.0
88,621.75,2020-04-16 11:15:00+05:30,622.5,620.0,620.2,245977,41.29305516128285,619.6357142857142,2.502961058722377,651.303206814912,625.5675,599.831793185088,51.47,-2.0
89,622.5,2020-04-16 11:25:00+05:30,625.85,621.75,622.0,541432,42.51789497145408,620.0142857142856,1.2248398101712326,648.4221156767462,624.4225,600.4228843232538,48.0,-3.0
90,623.5,2020-04-16 11:35:00+05:30,625.0,621.0,622.7,316600,44.189856846034836,620.9428571428571,1.6719618745807523,644.9190948552995,623.275,601.6309051447005,43.29,-5.0
91,623.5,2020-04-16 11:45:00+05:30,626.0,623.0,623.5,331804,44.189856846034836,621.7785714285714,0.0,641.4635343113324,622.23,602.9964656886676,38.47,-5.0
92,624.0,2020-04-16 11:55:00+05:30,624.65,621.3,623.4,410007,45.115582159181734,622.4142857142857,0.9257253131468985,638.3305461445842,621.35,604.3694538554158,33.96,-5.0
93,624.0,2020-04-16 12:05:00+05:30,624.65,622.0,623.8,157919,45.11558215918174,622.7785714285714,7.105427357601002e-15,635.6176278826085,620.62,605.6223721173915,30.0,-4.0
94,624.6,2020-04-16 12:15:00+05:30,625.0,622.75,624.05,307475,46.35397146188844,623.407142857143,1.2383893027067003,632.912960747027,619.98,607.047039252973,25.87,-4.0
95,624.0,2020-04-16 12:25:00+05:30,624.95,624.0,624.75,136934,45.25432543628465,623.7285714285715,-1.0996460256037892,628.322750939229,619.1800000000001,610.0372490607712,18.29,-8.0
96,623.15,2020-04-16 12:35:00+05:30,624.5,622.35,624.05,234744,43.67366719889626,623.8214285714286,-1.5806582373883913,628.6337003316798,619.6175000000001,610.6012996683203,18.03,-0.0
97,629.4,2020-04-16 12:45:00+05:30,630.25,623.0,623.15,408421,55.87722531623949,624.6642857142857,12.203558117343228,629.9947272685414,620.3875,610.7802727314587,19.21,1.0
98,630.95,2020-04-16 12:55:00+05:30,634.55,626.3,629.3,373527,58.2907079570045,625.7285714285714,2.413482640765011,631.5795091923563,621.1475,610.7154908076437,20.86,2.0
99,628.5,2020-04-16 13:05:00+05:30,631.9,627.1,630.95,204600,53.32552168023916,626.3714285714285,-4.965186276765337,631.614929732447,622.065,612.5150702675531,19.1,-2.0
100,628.3,2020-04-16 13:15:00+05:30,629.4,626.55,628.55,554959,52.92917073267461,626.9857142857143,-0.39635094756454947,631.3364222665065,622.9275,614.5185777334935,16.82,-2.0
101,626.4,2020-04-16 13:25:00+05:30,628.75,626.25,628.3,115025,49.1887627475335,627.242857142857,-3.740407985141111,631.0991139038609,623.5125,615.9258860961392,15.17,-2.0
102,626.0,2020-04-16 13:35:00+05:30,627.2,626.0,626.25,118041,48.413091355439896,627.5285714285712,-0.7756713920936065,631.2790390237506,623.8199999999999,616.3609609762493,14.92,-0.0
103,626.65,2020-04-16 13:45:00+05:30,627.5,624.5,626.05,192235,49.79846499849146,628.0285714285712,1.3853736430515653,631.1253312536462,624.3025,617.4796687463538,13.65,-1.0
104,625.4,2020-04-16 13:55:00+05:30,626.65,624.25,626.6,187257,47.17474023365215,627.4571428571427,-2.6237247648393094,630.7608622469131,624.6899999999999,618.6191377530868,12.14,-2.0
105,624.7,2020-04-16 14:05:00+05:30,626.1,624.45,625.5,155242,45.72196017548668,626.5642857142856,-1.452780058165473,630.5165379968599,624.9475,619.37846200314,11.14,-1.0
106,625.5,2020-04-16 14:15:00+05:30,627.95,624.7,624.85,223443,47.704101481556535,626.1357142857141,1.982141306069856,630.4726427943018,625.15,619.8273572056981,10.65,-0.0
107,625.1,2020-04-16 14:25:00+05:30,627.5,624.45,625.5,246809,46.784152151098105,625.6785714285713,-0.9199493304584294,630.182472687837,625.395,620.6075273121629,9.57,-1.0
108,624.65,2020-04-16 14:35:00+05:30,625.9,624.3,625.4,169441,45.716046869561005,625.4285714285713,-1.0681052815371004,630.0290041094524,625.54,621.0509958905475,8.98,-1.0
109,624.1,2020-04-16 14:45:00+05:30,626.3,624.0,624.55,200708,44.38234010051735,625.1571428571427,-1.3337067690436584,629.9345286990216,625.62,621.3054713009784,8.63,-0.0
110,621.65,2020-04-16 14:55:00+05:30,624.4,621.1,624.25,802084,38.93350937656754,624.4428571428571,-5.448830723949804,630.1047291089405,625.5274999999999,620.9502708910593,9.15,1.0
111,624.55,2020-04-16 15:05:00+05:30,627.2,621.0,621.65,1282339,47.197078560712136,624.3214285714286,8.263569184144593,630.0827944539675,625.5799999999999,621.0772055460324,9.01,-0.0
112,625.2,2020-04-16 15:15:00+05:30,626.45,624.0,624.55,1149998,48.867260593351425,624.3928571428571,1.670182032639289,630.0857667623491,625.64,621.1942332376509,8.89,-0.0
113,626.9,2020-04-16 15:25:00+05:30,626.9,624.25,625.3,362354,53.050007893315225,624.592857142857,4.1827472999638005,630.194570930308,625.785,621.3754290696919,8.82,-0.0
114,637.35,2020-04-17 09:15:00+05:30,644.25,633.6,644.0,542575,69.54305645874358,626.342857142857,16.493048565428353,633.174924515835,626.4224999999999,619.6700754841648,13.5,5.0
115,642.5,2020-04-17 09:25:00+05:30,643.75,637.15,637.3,423191,74.32915095529523,628.8928571428571,4.786094496551655,637.1032796634637,627.3475,617.5917203365362,19.51,6.0
116,642.7,2020-04-17 09:35:00+05:30,645.95,640.5,642.35,408054,74.49676011804573,631.55,0.16760916275049453,640.0324200492882,628.325,616.6175799507118,23.41,4.0
117,643.35,2020-04-17 09:45:00+05:30,645.1,642.2,643.05,219327,75.06654129122792,634.65,0.5697811731821929,642.5242922786863,629.0225,615.5207077213138,27.0,4.0
118,639.5,2020-04-17 09:55:00+05:30,643.6,639.0,643.2,361666,65.70319124817003,636.7857142857143,-9.363350043057892,643.7278813112027,629.45,615.1721186887974,28.56,2.0
119,639.65,2020-04-17 10:05:00+05:30,641.9,638.0,639.4,226598,65.88175231991403,638.85,0.17856107174399938,644.9828929743693,630.0074999999999,615.0321070256306,29.95,1.0
120,639.95,2020-04-17 10:15:00+05:30,642.0,639.25,640.6,175331,66.26010040233083,640.7142857142857,0.3783480824168066,646.1794566260241,630.59,615.0005433739759,31.18,1.0
121,636.7,2020-04-17 10:25:00+05:30,639.9,636.2,639.9,181288,58.669687764116546,640.6214285714285,-7.590412638214289,646.7918667831929,631.1050000000001,615.4181332168074,31.37,0.0
122,636.1,2020-04-17 10:35:00+05:30,638.6,635.4,636.65,201048,57.363217962519265,639.7071428571428,-1.3064698015972809,647.2551304009623,631.6100000000001,615.9648695990379,31.29,-0.0
123,634.35,2020-04-17 10:45:00+05:30,636.1,632.2,636.1,229513,53.6132366221539,638.5142857142857,-3.749981340365366,647.5045861697807,631.9950000000001,616.4854138302195,31.02,-0.0
124,635.3,2020-04-17 10:55:00+05:30,637.75,633.7,634.5,211192,55.32077877989179,637.3642857142858,1.7075421577378904,647.7431480788639,632.4900000000001,617.2368519211363,30.51,-1.0
125,632.1,2020-04-17 11:05:00+05:30,636.3,632.1,635.3,236749,48.803856232144234,636.3071428571429,-6.516922547747555,647.6700819145523,632.8600000000001,618.049918085448,29.62,-1.0
126,632.55,2020-04-17 11:15:00+05:30,633.4,631.3,632.05,134109,49.70120054032796,635.2928571428573,0.897344308183726,647.6149805977435,633.2125000000001,618.8100194022567,28.8,-1.0
127,629.65,2020-04-17 11:25:00+05:30,632.65,628.2,632.5,255906,44.31101485058044,633.8214285714287,-5.390185689747518,647.4410751466849,633.44,619.4389248533153,28.0,-1.0
128,631.1,2020-04-17 11:35:00+05:30,631.95,628.5,629.65,128999,47.38365841268117,633.0214285714288,3.0726435621007298,647.1967404247293,633.7625,620.3282595752707,26.87,-1.0
129,629.5,2020-04-17 11:45:00+05:30,631.0,628.1,630.95,138859,44.46805986453046,632.0785714285715,-2.9155985481507116,646.8520687175982,634.0325,621.2129312824019,25.64,-1.0
130,627.55,2020-04-17 11:55:00+05:30,629.8,626.1,629.6,158354,41.14516035390685,631.107142857143,-3.322899510623607,646.1825666494592,634.3275000000001,622.472433350541,23.71,-2.0
131,630.0,2020-04-17 12:05:00+05:30,630.0,626.55,627.65,125768,46.54943580185808,630.3500000000001,5.404275447951228,645.73760817184,634.6000000000001,623.4623918281603,22.28,-1.0
132,630.0,2020-04-17 12:15:00+05:30,631.6,629.1,630.0,139880,46.549435801858074,630.0500000000001,-7.105427357601002e-15,645.3116961879437,634.84,624.3683038120564,20.94,-1.0
133,630.0,2020-04-17 12:25:00+05:30,631.15,629.4,630.15,198970,46.54943580185808,629.6857142857143,7.105427357601002e-15,645.0555482742697,634.9950000000001,624.9344517257306,20.12,-1.0
134,631.65,2020-04-17 12:35:00+05:30,632.5,629.75,630.0,127409,50.38181176668687,629.9714285714286,3.832375964828792,644.8125062028641,634.71,624.6074937971359,20.21,0.0
135,633.65,2020-04-17 12:45:00+05:30,634.5,631.5,631.65,201718,54.62831498207985,630.3357142857142,4.246503215392977,643.6854154582586,634.2675,624.8495845417415,18.84,-1.0
136,630.8,2020-04-17 12:55:00+05:30,634.0,630.5,633.6,126694,48.28647080175145,630.5214285714285,-6.341844180328401,642.3193415286166,633.6724999999999,625.0256584713832,17.29,-2.0
137,629.6,2020-04-17 13:05:00+05:30,631.1,629.15,630.8,110686,45.87176469957084,630.8142857142857,-2.4147061021806095,640.5051553735318,632.9849999999999,625.464844626468,15.04,-2.0
138,629.1,2020-04-17 13:15:00+05:30,630.3,628.15,629.6,121352,44.86501825266907,630.6857142857143,-1.0067464469017722,639.5116938869795,632.4649999999999,625.4183061130203,14.09,-1.0
139,629.8,2020-04-17 13:25:00+05:30,631.25,629.25,629.35,99621,46.63096155072225,630.657142857143,1.7659432980531804,638.2384039756073,631.9725,625.7065960243926,12.53,-2.0
140,629.6,2020-04-17 13:35:00+05:30,631.1,629.0,629.8,80354,46.175888186628264,630.6000000000001,-0.4550733640939839,636.5462618640541,631.4549999999999,626.3637381359457,10.18,-2.0
141,629.65,2020-04-17 13:45:00+05:30,631.0,629.15,629.55,88942,46.31693686664829,630.3142857142858,0.14104868002002746,635.6071730122527,631.1024999999998,626.597826987747,9.01,-1.0
142,629.55,2020-04-17 13:55:00+05:30,630.6,629.05,629.65,111963,46.056979406492225,629.7285714285716,-0.25995746015606613,634.6595849199044,630.7749999999999,626.8904150800953,7.77,-1.0
143,630.5,2020-04-17 14:05:00+05:30,631.0,629.05,629.5,133521,48.98624044213663,629.6857142857144,2.9292610356444087,634.0838193002144,630.5824999999998,627.0811806997851,7.0,-1.0
144,631.85,2020-04-17 14:15:00+05:30,632.4,629.2,630.45,174978,52.90036965474926,630.007142857143,3.914129212612629,633.2005102344141,630.4099999999999,627.6194897655856,5.58,-1.0
145,630.1,2020-04-17 14:25:00+05:30,632.5,630.0,631.75,174246,47.78232501889228,630.1500000000002,-5.118044635856982,632.9865256347797,630.3099999999998,627.63347436522,5.35,-0.0
146,629.65,2020-04-17 14:35:00+05:30,631.0,629.05,630.05,171824,46.53554644893765,630.1285714285715,-1.2467785699546283,632.6369691702963,630.1649999999998,627.6930308297034,4.94,-0.0
147,629.8,2020-04-17 14:45:00+05:30,631.45,628.0,629.65,239262,47.0316834868681,630.157142857143,0.4961370379304455,632.6387938314617,630.1724999999999,627.7062061685381,4.93,-0.0
148,628.2,2020-04-17 14:55:00+05:30,631.4,626.7,629.75,451288,42.501138115384336,629.95,-4.530545371483761,632.6027823043923,630.0274999999999,627.4522176956075,5.15,0.0
149,629.2,2020-04-17 15:05:00+05:30,629.25,626.0,628.15,645818,46.00220710770431,629.9,3.501068992319972,632.6041617306786,630.0124999999999,627.4208382693213,5.18,0.0
150,629.4,2020-04-17 15:15:00+05:30,630.0,628.1,629.15,700807,46.70120122513483,629.7428571428571,0.698994117430523,632.4465919011492,630.1049999999999,627.7634080988506,4.68,-0.0
151,633.5,2020-04-17 15:25:00+05:30,635.0,629.35,629.4,388610,58.5475870359577,629.9785714285714,11.846385810822866,633.0689632104821,630.28,627.4910367895178,5.58,1.0
152,650.95,2020-04-20 09:15:00+05:30,651.35,639.4,640.0,946898,79.46622749324027,632.9571428571427,20.91864045728257,640.9757600012947,631.3275,621.6792399987053,19.3,14.0
153,651.4,2020-04-20 09:25:00+05:30,654.5,650.0,651.15,689056,79.75002585121776,636.0642857142856,0.28379835797748854,645.5397770998169,632.3974999999999,619.255222900183,26.28,7.0
154,649.9,2020-04-20 09:35:00+05:30,653.0,647.8,651.0,648493,75.98033475778624,638.9357142857141,-3.7696910934315184,648.5935859666491,633.31,618.0264140333508,30.57,4.0
155,649.85,2020-04-20 09:45:00+05:30,652.7,649.35,649.45,385094,75.85162743318621,642.0285714285712,-0.12870732460002898,651.1022012087566,634.12,617.1377987912434,33.96,3.0
156,651.95,2020-04-20 09:55:00+05:30,652.45,646.6,649.9,455277,77.57017633012562,645.2785714285712,1.71854889693941,653.8401414049696,635.1775,616.5148585950304,37.33,3.0
157,652.8,2020-04-20 10:05:00+05:30,653.0,650.7,652.25,241880,78.24504087408775,648.6214285714285,0.6748645439621299,656.3739372029917,636.3375,616.3010627970083,40.07,3.0
158,655.9,2020-04-20 10:15:00+05:30,656.6,651.5,652.55,547214,80.54419179505899,651.8214285714284,2.2991509209712433,659.205094898298,637.6775,616.1499051017021,43.06,3.0
159,656.0,2020-04-20 10:25:00+05:30,658.45,653.25,655.8,446235,80.61536064103316,652.5428571428571,0.07116884597417084,661.6551879929852,638.9875,616.3198120070147,45.34,2.0
160,656.4,2020-04-20 10:35:00+05:30,657.2,654.3,656.0,237662,80.91607422095933,653.2571428571428,0.30071357992616754,663.8124218144651,640.3275,616.8425781855349,46.97,2.0
161,657.35,2020-04-20 10:45:00+05:30,657.8,655.5,656.0,223955,81.64437824964443,654.3214285714286,0.7283040286851019,665.8053658363941,641.7125,617.6196341636058,48.19,1.0
162,659.4,2020-04-20 10:55:00+05:30,660.0,657.45,657.8,437499,83.13967020858445,655.6857142857142,1.4952919589400153,667.8181522393589,643.205,618.5918477606411,49.23,1.0
163,658.65,2020-04-20 11:05:00+05:30,661.0,658.05,659.3,631089,80.55421364233757,656.642857142857,-2.585456566246876,669.3855514662067,644.6125,619.8394485337932,49.55,0.0
164,656.6,2020-04-20 11:15:00+05:30,659.0,655.55,659.0,405400,73.79874893425934,657.1857142857142,-6.755464708078236,670.4104945947106,645.85,621.2895054052894,49.12,-0.0
165,657.65,2020-04-20 11:25:00+05:30,659.5,656.25,656.6,200579,74.95718031817185,657.4357142857142,1.1584313839125144,671.1506769365359,647.2275,623.304323063464,47.85,-1.0
166,656.75,2020-04-20 11:35:00+05:30,658.5,656.3,657.5,207060,72.01799346122831,657.5428571428571,-2.939186856943536,671.3559904751339,648.5825,625.809009524866,45.55,-2.0
167,658.1,2020-04-20 11:45:00+05:30,658.5,656.0,657.0,179574,73.68484106663882,657.7857142857143,1.66684760541051,671.3282654019152,649.9975000000001,628.6667345980849,42.66,-3.0
168,657.45,2020-04-20 11:55:00+05:30,658.5,656.75,658.1,119774,71.47709950223631,657.8,-2.207741564402511,670.3719177128845,651.46,632.5480822871156,37.82,-5.0
169,657.0,2020-04-20 12:05:00+05:30,658.4,656.9,657.5,213411,69.91529694369389,657.4571428571428,-1.561802558542425,668.714093850081,652.85,636.9859061499191,31.73,-6.0
170,654.85,2020-04-20 12:15:00+05:30,657.2,653.15,657.0,433764,62.84934624030067,656.9142857142858,-7.06595070339322,665.5209521109791,654.1225000000001,642.724047889021,22.8,-9.0
171,651.75,2020-04-20 12:25:00+05:30,655.5,651.55,654.45,285711,54.324237059857495,656.2214285714286,-8.525109180443174,661.2050550197981,655.0350000000001,648.864944980202,12.34,-10.0
172,654.6,2020-04-20 12:35:00+05:30,654.75,651.15,652.0,239207,59.73210373319004,655.7857142857144,5.407866673332542,661.0874300632405,655.2175,649.3475699367594,11.74,-1.0
173,655.9,2020-04-20 12:45:00+05:30,656.0,652.65,654.6,167050,61.94535641930203,655.6642857142858,2.2132526861119928,661.0347196892288,655.4425,649.8502803107712,11.18,-1.0
174,655.1,2020-04-20 12:55:00+05:30,657.5,655.05,656.3,223536,59.76827777022675,655.2357142857144,-2.177078649075277,660.6568680886529,655.7025000000001,650.7481319113473,9.91,-1.0
175,656.75,2020-04-20 13:05:00+05:30,657.0,655.0,655.6,112240,62.681466195039036,655.1357142857144,2.913188424812283,660.1784454760723,656.0475,651.9165545239277,8.26,-2.0
176,657.0,2020-04-20 13:15:00+05:30,657.0,655.25,656.5,121753,63.117242966524884,655.1357142857144,0.43577677148584826,659.9677829241809,656.3,652.632217075819,7.34,-1.0
177,656.9,2020-04-20 13:25:00+05:30,657.0,656.45,656.9,82817,62.80134044483748,655.4285714285714,-0.3159025216874056,659.7871526953747,656.505,653.2228473046252,6.56,-1.0
178,656.0,2020-04-20 13:35:00+05:30,656.9,655.5,656.8,106396,59.89578908800661,656.0357142857143,-2.9055513568308697,659.788574786633,656.51,653.231425213367,6.56,0.0
179,653.75,2020-04-20 13:45:00+05:30,656.2,653.5,656.0,243162,53.261454682438,655.9142857142857,-6.634334405568609,659.8967442793098,656.3975,652.8982557206903,7.0,0.0
180,652.85,2020-04-20 13:55:00+05:30,655.0,652.15,653.75,254127,50.83587233819101,655.4785714285715,-2.4255823442469904,660.0620663300075,656.22,652.3779336699926,7.68,1.0
181,653.7,2020-04-20 14:05:00+05:30,654.5,652.3,652.85,168122,53.01231939237749,655.2785714285714,2.1764470541864824,659.9984774179148,656.0375000000001,652.0765225820854,7.92,0.0
182,652.5,2020-04-20 14:15:00+05:30,654.5,650.25,653.7,319021,49.66932945285639,654.6714285714286,-3.342989939521104,659.6221812512988,655.6925000000001,651.7628187487014,7.86,-0.0
183,653.95,2020-04-20 14:25:00+05:30,654.5,652.2,652.5,226923,53.486233250564474,654.2357142857143,3.816903797708086,659.2001805760985,655.4575000000002,651.7148194239019,7.49,-0.0
184,653.95,2020-04-20 14:35:00+05:30,654.3,652.6,653.95,203532,53.486233250564474,653.8142857142857,0.0,659.0849692047968,655.3250000000002,651.5650307952035,7.52,0.0
185,653.75,2020-04-20 14:45:00+05:30,655.0,652.65,653.95,239139,52.84514917980903,653.4928571428571,-0.641084070755447,658.785334961967,655.1300000000002,651.4746650380334,7.31,-0.0
186,653.8,2020-04-20 14:55:00+05:30,656.9,653.05,653.75,575954,52.996827961477045,653.5,0.15167878166801785,658.6004777718862,654.9825000000002,651.3645222281142,7.24,-0.0
187,652.4,2020-04-20 15:05:00+05:30,655.25,652.3,653.7,844324,48.31099155488555,653.4357142857142,-4.685836406591498,658.1768337232668,654.6975000000001,651.2181662767334,6.96,-0.0
188,653.8,2020-04-20 15:15:00+05:30,654.0,651.45,652.4,852537,52.80484916706101,653.4499999999999,4.493857612175461,657.761552827712,654.5150000000001,651.2684471722882,6.49,-0.0
189,650.95,2020-04-20 15:25:00+05:30,653.8,650.25,653.8,361472,44.35146535957789,653.2285714285714,-8.453383807483121,657.6081434937737,654.2125000000001,650.8168565062265,6.79,0.0
190,642.4,2020-04-21 09:15:00+05:30,644.05,627.8,627.8,1853392,29.232348430394552,651.5785714285713,-15.119116929183335,659.8501160238085,653.59,647.3298839761916,12.52,6.0
191,639.35,2020-04-21 09:25:00+05:30,645.65,636.3,642.95,909789,25.847388507430523,649.4928571428571,-3.384959922964029,661.8889567480535,652.97,644.0510432519466,17.84,5.0
192,643.1,2020-04-21 09:35:00+05:30,646.45,638.0,639.4,771476,35.70522513255307,647.9714285714286,9.857836625122545,662.2998047883187,652.3950000000001,642.4901952116815,19.81,2.0
193,642.0,2020-04-21 09:45:00+05:30,645.7,641.05,642.65,488052,34.266203711058765,646.2857142857143,-1.439021421494303,662.4811726732527,651.7,640.9188273267474,21.56,2.0
194,636.55,2020-04-21 09:55:00+05:30,642.4,635.0,642.0,672890,28.201653961181194,644.0214285714286,-6.064549749877571,663.3621145587069,650.7725,638.1828854412931,25.18,4.0
195,637.05,2020-04-21 10:05:00+05:30,638.8,635.25,636.5,314738,29.435544825709314,641.6285714285715,1.2338908645281208,663.4452672136817,649.7875,636.1297327863183,27.32,2.0
196,637.9,2020-04-21 10:15:00+05:30,638.1,636.5,637.7,116528,31.587971577872096,639.7642857142857,2.152426752162782,663.0273202191007,648.8325,634.6376797808992,28.39,1.0
197,641.0,2020-04-21 10:25:00+05:30,641.85,636.8,637.75,307117,38.907118264263595,639.5642857142858,7.319146686391498,662.1103508689215,648.0375,633.9646491310785,28.15,-0.0
198,638.5,2020-04-21 10:35:00+05:30,640.6,637.8,640.25,181816,35.59936411821158,639.4428571428572,-3.3077541460520123,661.3266829608109,647.1625,632.9983170391891,28.33,0.0
199,638.3,2020-04-21 10:45:00+05:30,639.0,637.45,638.5,147298,35.3405120345206,638.7571428571429,-0.2588520836909822,660.7256603578172,646.39,632.0543396421828,28.67,0.0
200,638.75,2020-04-21 10:55:00+05:30,639.0,638.2,638.3,133287,36.46001116436978,638.2928571428572,1.1194991298491814,660.069754356425,645.685,631.3002456435748,28.77,0.0
201,639.15,2020-04-21 11:05:00+05:30,640.75,638.5,638.8,164454,37.4959446137394,638.6642857142857,1.0359334493696153,659.1052643761144,644.9574999999999,630.8097356238853,28.3,-0.0
202,641.4,2020-04-21 11:15:00+05:30,642.5,638.5,639.1,324281,43.11413319038729,639.2857142857141,5.618188576647896,658.1702149042301,644.4024999999999,630.6347850957698,27.54,-1.0
203,639.75,2020-04-21 11:25:00+05:30,641.4,639.6,641.15,122989,40.25647691238241,639.55,-2.8576562780048818,656.8376121594362,643.6924999999999,630.5473878405636,26.29,-1.0
204,640.7,2020-04-21 11:35:00+05:30,640.9,639.05,640.0,106169,42.61485879675586,639.5071428571428,2.3583818843734505,655.3051953570025,643.0299999999999,630.7548046429972,24.55,-2.0
205,641.3,2020-04-21 11:45:00+05:30,642.0,639.5,640.6,142556,44.11533220394542,639.9071428571427,1.5004734071895598,653.6095334150332,642.4074999999998,631.2054665849664,22.4,-2.0
206,641.1,2020-04-21 11:55:00+05:30,641.55,640.2,641.3,72649,43.705105011321756,640.3071428571428,-0.41022719262366536,651.6124013152917,641.7724999999998,631.932598684708,19.68,-3.0
207,640.0,2020-04-21 12:05:00+05:30,641.4,639.5,641.15,82398,41.42355679957399,640.4857142857143,-2.2815482117477686,649.6430194807252,641.1524999999999,632.6619805192746,16.98,-3.0
208,639.85,2020-04-21 12:15:00+05:30,641.0,639.55,640.15,77591,41.10841106733962,640.5857142857143,-0.31514573223437026,646.5148679853561,640.4549999999999,634.3951320146438,12.12,-5.0
209,638.2,2020-04-21 12:25:00+05:30,639.9,637.1,639.9,204549,37.70984182261574,640.1285714285715,-3.3985692447238733,643.4081713930092,639.8174999999999,636.2268286069906,7.18,-5.0
210,638.2,2020-04-21 12:35:00+05:30,639.7,637.7,638.3,98594,37.70984182261574,639.907142857143,0.0,643.0504600177977,639.6075,636.1645399822022,6.89,-0.0
211,637.2,2020-04-21 12:45:00+05:30,638.25,636.9,638.25,142561,35.63886733973719,639.407142857143,-2.0709744828785546,643.1071566291625,639.5,635.8928433708375,7.21,0.0
212,638.45,2020-04-21 12:55:00+05:30,639.4,636.75,637.0,188720,40.06947045606293,639.0,4.4306031163257416,642.4749379019211,639.2675,636.060062098079,6.41,-1.0
213,639.35,2020-04-21 13:05:00+05:30,640.2,638.2,638.45,183366,43.10630074735281,638.75,3.0368302912898812,642.0749427133597,639.135,636.1950572866402,5.88,-1.0
214,637.7,2020-04-21 13:15:00+05:30,639.4,637.6,639.35,112165,39.185917329032634,638.4214285714286,-3.920383418320178,641.9594620429834,639.1925000000001,636.4255379570168,5.53,-0.0
215,637.85,2020-04-21 13:25:00+05:30,638.0,637.0,637.75,129329,39.7226204872029,638.1357142857142,0.536703158170269,641.8900166484493,639.2325000000002,636.574983351551,5.32,-0.0
216,639.3,2020-04-21 13:35:00+05:30,639.75,637.85,637.9,121867,44.794551735544786,638.2928571428572,5.071931248341883,641.8849254205252,639.3025000000001,636.7200745794751,5.16,-0.0
217,639.1,2020-04-21 13:45:00+05:30,639.45,638.2,639.25,87818,44.241588342280295,638.4214285714287,-0.5529633932644913,641.6637005318327,639.2075000000002,636.7512994681678,4.91,-0.0
218,638.2,2020-04-21 13:55:00+05:30,639.75,638.2,639.15,128760,41.74431694524883,638.5642857142858,-2.4972713970314615,641.6704607490086,639.1925000000002,636.7145392509918,4.96,0.0
219,638.1,2020-04-21 14:05:00+05:30,638.5,637.5,638.4,167082,41.464256939469664,638.5142857142858,-0.2800600057791698,641.6771838213217,639.1825000000002,636.6878161786788,4.99,0.0
220,640.1,2020-04-21 14:15:00+05:30,640.5,637.9,638.05,270783,48.85475454336998,638.6214285714287,7.3904976039003145,641.7683536810983,639.2500000000002,636.7316463189021,5.04,0.0
221,638.7,2020-04-21 14:25:00+05:30,641.0,638.25,639.85,250203,44.60897435423059,638.7642857142858,-4.2457801891393885,641.7576289752743,639.2275000000003,636.6973710247263,5.06,0.0
222,633.75,2020-04-21 14:35:00+05:30,638.8,632.2,638.6,619505,33.51759870903763,638.1785714285716,-11.091375645192961,642.1779140087043,638.8450000000004,635.5120859912964,6.67,2.0
223,635.3,2020-04-21 14:45:00+05:30,635.45,630.7,633.8,373828,38.66056994301386,637.607142857143,5.142971233976233,642.279429255385,638.6225000000003,634.9655707446155,7.31,1.0
224,632.55,2020-04-21 14:55:00+05:30,635.4,632.15,634.9,322413,33.68213647048215,636.6714285714287,-4.978433472531712,642.6341092219735,638.2150000000003,633.795890778027,8.84,2.0
225,633.75,2020-04-21 15:05:00+05:30,634.95,632.3,632.5,441577,37.4663157861798,636.0357142857144,3.7841793156976493,642.4333648461582,637.8375000000003,633.2416351538425,9.19,0.0
226,632.5,2020-04-21 15:15:00+05:30,634.2,631.9,633.75,527044,35.2123386754503,635.2357142857144,-2.253977110729501,642.3167045662841,637.4075000000003,632.4982954337164,9.82,1.0
227,632.8,2020-04-21 15:25:00+05:30,633.0,632.0,632.3,153902,36.20430248421158,634.1928571428572,0.9919638087612839,642.2058835697408,637.0475000000002,631.8891164302597,10.32,0.0
228,633.8,2020-04-22 09:15:00+05:30,635.2,628.3,633.2,645723,39.52799849607662,633.4928571428572,3.3236960118650387,641.9209463919722,636.7450000000001,631.5690536080281,10.35,0.0
229,644.4,2020-04-22 09:25:00+05:30,644.5,634.1,634.1,792264,62.080120196004025,635.0142857142857,22.552121699927405,643.2418196063926,637.0550000000001,630.8681803936075,12.37,2.0
230,639.0,2020-04-22 09:35:00+05:30,644.1,638.6,644.1,479570,51.535879052680286,635.5428571428572,-10.544241143323738,643.3231956498306,637.095,630.8668043501694,12.46,0.0
231,640.6,2020-04-22 09:45:00+05:30,641.55,639.0,639.0,221603,54.0274446790166,636.6928571428572,2.4915656263363104,643.6878293486628,637.2650000000001,630.8421706513374,12.85,0.0
232,640.6,2020-04-22 09:55:00+05:30,641.2,638.35,640.55,186848,54.0274446790166,637.6714285714287,0.0,643.9489712182256,637.3725000000001,630.7960287817746,13.15,0.0
233,637.45,2020-04-22 10:05:00+05:30,640.75,636.25,640.6,242627,48.351690337129945,638.3785714285715,-5.675754341886652,643.7882583033122,637.2775,630.7667416966879,13.02,-0.0
234,634.65,2020-04-22 10:15:00+05:30,637.5,634.0,637.5,292415,43.93356742978037,638.6428571428571,-4.418122907349577,643.7361946527673,637.125,630.5138053472327,13.22,0.0
235,637.15,2020-04-22 10:25:00+05:30,638.4,634.8,634.95,233208,48.46173592873955,639.1214285714285,4.528168498959182,643.6924397404483,637.0899999999999,630.4875602595515,13.2,-0.0
236,640.45,2020-04-22 10:35:00+05:30,641.65,637.0,637.15,278288,53.76944793152122,638.5571428571428,5.30771200278167,643.8502468838836,637.1475,630.4447531161164,13.41,0.0
237,637.55,2020-04-22 10:45:00+05:30,641.5,637.55,640.45,128683,48.99424958841169,638.35,-4.77519834310953,643.7132712297117,637.0699999999999,630.4267287702882,13.29,-0.0
238,639.85,2020-04-22 10:55:00+05:30,641.35,637.55,637.55,153864,52.59039078136203,638.2428571428571,3.5961411929503413,643.8950963295376,637.1524999999999,630.4099036704622,13.49,0.0
239,638.8,2020-04-22 11:05:00+05:30,640.7,638.05,639.85,76730,50.82853117152932,637.9857142857143,-1.7618596098327117,643.95801463487,637.1874999999999,630.4169853651298,13.54,0.0
240,638.15,2020-04-22 11:15:00+05:30,639.95,638.0,638.6,91015,49.71810869962064,638.0857142857142,-1.1104224719086773,643.7389888427876,637.0899999999999,630.4410111572122,13.3,-0.0
241,638.55,2020-04-22 11:25:00+05:30,640.4,638.0,638.15,115666,50.43570620949523,638.6428571428571,0.7175975098745866,643.7241766272521,637.0824999999998,630.4408233727474,13.28,-0.0
242,640.8,2020-04-22 11:35:00+05:30,640.9,638.75,639.0,87485,54.37968698272705,639.1642857142858,3.9439807732318215,644.0803070104467,637.4349999999997,630.7896929895527,13.29,0.0
243,641.35,2020-04-22 11:45:00+05:30,641.55,640.0,640.9,123181,55.3157080042216,639.2928571428573,0.9360210214945468,644.5229236186216,637.7374999999998,630.9520763813781,13.57,0.0
244,640.45,2020-04-22 11:55:00+05:30,641.5,640.0,641.35,75345,53.385452613421585,639.7071428571429,-1.9302553908000135,644.5565727366878,638.1324999999999,631.708427263312,12.85,-1.0
245,639.5,2020-04-22 12:05:00+05:30,641.5,639.25,640.75,104784,51.34859512614518,639.657142857143,-2.036857487276407,644.5249936419592,638.4199999999998,632.3150063580405,12.21,-1.0
246,638.7,2020-04-22 12:15:00+05:30,639.85,638.15,639.75,113227,49.63130193663216,639.6428571428571,-1.7172931895130148,644.1618166002629,638.7299999999999,633.2981833997369,10.86,-1.0
247,639.7,2020-04-22 12:25:00+05:30,640.0,637.4,638.7,141371,51.801235722741275,639.8642857142858,2.1699337861091124,643.7438779222184,639.075,634.4061220777817,9.34,-2.0
248,640.7,2020-04-22 12:35:00+05:30,641.0,639.15,639.3,74998,53.938266224336935,640.1714285714286,2.1370305015956603,643.4193946910358,639.4200000000001,635.4206053089644,8.0,-1.0
249,641.25,2020-04-22 12:45:00+05:30,641.4,639.55,640.5,93809,55.11696916181036,640.2357142857143,1.1787029374734246,642.6351258706096,639.2625,635.8898741293905,6.75,-1.0
250,644.45,2020-04-22 12:55:00+05:30,645.0,640.25,641.2,316362,61.318997894982225,640.6785714285713,6.202028733171865,643.6231214319116,639.5350000000001,635.4468785680886,8.18,1.0
251,642.45,2020-04-22 13:05:00+05:30,645.0,642.0,644.75,204183,56.101186850691064,640.9642857142856,-5.21781104429116,643.8967875037206,639.6275000000002,635.3582124962797,8.54,0.0
252,642.9,2020-04-22 13:15:00+05:30,643.0,642.1,642.45,107230,56.988036040501704,641.4499999999998,0.8868491898106399,644.2398998335825,639.7425000000001,635.2451001664176,8.99,0.0
253,642.5,2020-04-22 13:25:00+05:30,642.95,640.55,642.9,138960,55.906865266277194,641.992857142857,-1.0811707742245105,644.5174469389636,639.9950000000001,635.4725530610366,9.04,0.0
254,642.45,2020-04-22 13:35:00+05:30,642.8,641.6,642.75,131050,55.76444797840698,642.3857142857141,-0.14241728787021657,644.2665487955951,640.3850000000001,636.5034512044051,7.76,-1.0
255,642.4,2020-04-22 13:45:00+05:30,642.85,641.25,642.5,190638,55.611884751268285,642.6285714285713,-0.15256322713869253,644.3119056026876,640.6475000000002,636.9830943973127,7.33,-0.0
256,642.75,2020-04-22 13:55:00+05:30,642.95,641.45,642.15,239525,56.508850924242864,642.8428571428569,0.8969661729745795,644.5433207129026,640.7625,636.9816792870974,7.56,0.0
257,641.75,2020-04-22 14:05:00+05:30,642.95,641.0,642.75,186564,53.2010009624767,642.4571428571427,-3.3078499617661663,644.4569730780328,640.9725000000001,637.4880269219674,6.97,-1.0
258,642.7,2020-04-22 14:15:00+05:30,643.0,641.4,641.55,190946,55.84532290052259,642.492857142857,2.6443219380458913,644.6390676258461,641.1150000000001,637.5909323741541,7.05,0.0
259,642.5,2020-04-22 14:25:00+05:30,643.5,641.85,642.7,244120,55.13896075998307,642.4357142857142,-0.7063621405395182,644.6986065255849,641.3000000000002,637.9013934744155,6.8,-0.0
260,642.5,2020-04-22 14:35:00+05:30,643.0,641.05,642.5,167257,55.13896075998306,642.4357142857142,-1.4210854715202004e-14,644.6103227610935,641.5175000000002,638.4246772389068,6.19,-1.0
261,641.8,2020-04-22 14:45:00+05:30,642.95,641.5,642.5,63183,52.44623376025407,642.342857142857,-2.6927269997289898,644.4399389771976,641.6800000000002,638.9200610228028,5.52,-1.0
262,642.3,2020-04-22 14:55:00+05:30,642.5,641.25,641.8,151180,54.167942753452415,642.3285714285714,1.721708993198348,644.4957067855156,641.7550000000002,639.0142932144848,5.48,-0.0
263,641.65,2020-04-22 15:05:00+05:30,643.5,641.45,642.5,424138,51.55474939823162,642.1714285714286,-2.613193355220794,644.5046509447156,641.7700000000002,639.0353490552848,5.47,-0.0
264,641.75,2020-04-22 15:15:00+05:30,642.95,640.3,641.65,512561,51.938893610603714,642.1714285714286,0.3841442123720924,644.4984168794323,641.8350000000002,639.171583120568,5.33,-0.0
265,641.5,2020-04-22 15:25:00+05:30,642.0,639.15,642.0,232346,50.8532519273964,642.0,-1.0856416832073137,644.3696403603349,641.9350000000002,639.5003596396655,4.87,-0.0
266,638.85,2020-04-23 09:15:00+05:30,647.4,638.1,647.05,448497,41.05678816965674,641.4785714285715,-9.796463757739659,644.3357525764527,641.9425000000001,639.5492474235475,4.79,-0.0
267,643.5,2020-04-23 09:25:00+05:30,644.45,638.8,639.0,223693,56.78758990303934,641.6214285714286,15.730801733382599,644.3747439418354,642.1325,639.8902560581647,4.48,-0.0
268,643.2,2020-04-23 09:35:00+05:30,643.65,640.9,643.6,147752,55.75377141201433,641.8214285714286,-1.0338184910250092,644.4414787448269,642.2575,640.0735212551732,4.37,-0.0
269,647.1,2020-04-23 09:45:00+05:30,648.5,642.35,643.65,403137,64.74039146322764,642.5071428571429,8.986620051213308,645.5720244173251,642.5500000000001,639.527975582675,6.04,2.0
270,647.0,2020-04-23 09:55:00+05:30,651.0,644.85,647.05,380031,64.3793254422952,643.2714285714286,-0.3610660209324408,646.2092320933091,642.6775,639.1457679066909,7.06,1.0
271,644.65,2020-04-23 10:05:00+05:30,647.0,644.4,647.0,141603,56.41645519318954,643.6857142857143,-7.962870249105656,646.4248609577281,642.7875,639.1501390422719,7.27,0.0
272,644.85,2020-04-23 10:15:00+05:30,645.0,642.65,644.8,130554,56.904991677750964,644.1642857142858,0.48853648456142196,646.637767399914,642.885,639.132232600086,7.51,0.0
273,645.5,2020-04-23 10:25:00+05:30,645.5,643.95,644.85,95438,58.53187676317603,645.1142857142858,1.6268850854250658,646.9588944135112,643.0350000000001,639.111105586489,7.85,0.0
274,645.0,2020-04-23 10:35:00+05:30,645.6,644.3,645.5,113756,56.75691095907882,645.3285714285714,-1.7749658040972065,647.1711583921839,643.1625,639.1538416078162,8.02,0.0
275,646.6,2020-04-23 10:45:00+05:30,646.7,644.9,644.95,117080,60.84840277535192,645.8142857142858,4.091491816273098,647.6443755895502,643.3725000000001,639.1006244104499,8.54,1.0
276,648.3,2020-04-23 10:55:00+05:30,649.05,646.6,646.6,192550,64.67299723311677,645.9857142857144,3.824594457764853,648.4411101888883,643.65,638.8588898111117,9.58,1.0
277,648.6,2020-04-23 11:05:00+05:30,650.0,647.55,648.3,177331,65.31688623101172,646.2142857142859,0.6438889978949476,649.1750897813806,643.9925000000001,638.8099102186195,10.37,1.0
278,651.85,2020-04-23 11:15:00+05:30,652.0,648.55,648.6,284666,71.3987422380132,647.2428571428574,6.081856007001477,650.6648379324229,644.45,638.2351620675772,12.43,2.0
279,651.75,2020-04-23 11:25:00+05:30,653.75,650.45,651.85,206437,70.9862709357279,648.2285714285716,-0.41247130228529727,651.85094173314,644.9125,637.9740582668601,13.88,1.0
280,653.0,2020-04-23 11:35:00+05:30,653.0,651.0,651.75,192510,73.07978729985028,649.3000000000002,2.0935163641223795,653.1528213938561,645.4375,637.7221786061439,15.43,2.0
281,655.1,2020-04-23 11:45:00+05:30,655.85,652.0,652.8,279543,76.18832868048656,650.7428571428574,3.1085413806362823,654.7358182618561,646.1025000000001,637.469181738144,17.27,2.0
282,657.35,2020-04-23 11:55:00+05:30,657.7,654.3,655.0,276726,78.98792273144517,652.2785714285717,2.7995940509586035,656.6396227369909,646.8550000000001,637.0703772630094,19.57,2.0
283,655.95,2020-04-23 12:05:00+05:30,657.5,654.5,657.2,212787,73.21943766288706,653.3714285714287,-5.768485068558107,657.8314454711738,647.5700000000002,637.3085545288266,20.52,1.0
284,655.95,2020-04-23 12:15:00+05:30,657.85,655.65,655.95,169882,73.21943766288706,654.4214285714287,0.0,658.8074778305948,648.2800000000002,637.7525221694056,21.05,1.0
285,655.65,2020-04-23 12:25:00+05:30,656.0,653.5,655.9,165706,71.91423328883553,654.9642857142857,-1.3052043740515273,659.4983402688785,648.9875000000002,638.4766597311219,21.02,-0.0
286,658.1,2020-04-23 12:35:00+05:30,658.3,655.0,655.55,341533,75.72066794811177,655.8714285714286,3.806434659276235,660.0704326930581,649.9500000000002,639.8295673069422,20.24,-1.0
287,658.1,2020-04-23 12:45:00+05:30,659.55,657.5,658.15,342820,75.72066794811177,656.6000000000001,0.0,660.9466757803552,650.6800000000002,640.4133242196451,20.53,0.0
288,658.0,2020-04-23 12:55:00+05:30,658.3,656.0,657.85,282824,75.23797331970891,657.0142857142857,-0.4826946284028537,661.5491865938297,651.4200000000002,641.2908134061706,20.26,-0.0
289,656.5,2020-04-23 13:05:00+05:30,658.2,656.05,658.0,194536,68.21363874986335,656.8928571428571,-7.024334569845564,662.0474758571931,651.8900000000001,641.732524142807,20.31,0.0
290,654.75,2020-04-23 13:15:00+05:30,656.8,654.0,656.5,165791,61.05219100004697,656.7214285714286,-7.161447749816382,662.2389242799009,652.2775000000001,642.3160757200994,19.92,-0.0
291,655.95,2020-04-23 13:25:00+05:30,657.25,654.6,654.6,111519,63.85447428990604,656.7214285714286,2.8022832898590693,662.2487283397193,652.8425000000002,643.4362716602811,18.81,-1.0
292,657.0,2020-04-23 13:35:00+05:30,657.4,654.5,656.0,130064,66.14949641094428,656.9142857142858,2.2950221210382438,662.2314397572674,653.4500000000002,644.668560242733,17.56,-1.0
293,664.35,2020-04-23 13:45:00+05:30,665.0,656.95,657.0,549068,77.10710477602666,657.8071428571429,10.957608365082379,663.6163977375986,654.3925000000002,645.1686022624017,18.45,1.0
294,669.0,2020-04-23 13:55:00+05:30,669.0,663.15,664.05,646666,81.24373965722774,659.3642857142858,4.136634881201076,665.8573236839778,655.5925000000002,645.3276763160226,20.53,2.0
295,671.9,2020-04-23 14:05:00+05:30,674.0,668.55,669.0,920859,83.27365217285715,661.35,2.0299125156294195,668.5874111586351,656.8575000000002,645.1275888413653,23.46,3.0
296,675.6,2020-04-23 14:15:00+05:30,677.65,670.35,671.85,1059749,85.43892626545757,664.0785714285714,2.165274092600413,671.94411088441,658.2225000000002,644.5008891155904,27.44,4.0
297,675.2,2020-04-23 14:25:00+05:30,677.55,672.45,675.6,832242,84.17035789076658,667.0,-1.268568374690986,674.452922989404,659.5525000000002,644.6520770105965,29.8,2.0
298,675.0,2020-04-23 14:35:00+05:30,676.35,672.5,675.2,545280,83.50276204252842,669.7214285714286,-0.6675958482381645,676.6513926618726,660.7100000000003,644.7686073381279,31.88,2.0
299,679.75,2020-04-23 14:45:00+05:30,681.6,674.5,675.1,736269,86.28502285531991,672.9714285714286,2.782260812791492,679.5826734013281,662.1100000000002,644.6373265986724,34.95,3.0
300,680.1,2020-04-23 14:55:00+05:30,683.2,679.25,679.7,962859,86.46614322437114,675.2214285714286,0.18112036905122864,682.1258258405849,663.4650000000003,644.8041741594157,37.32,2.0
301,680.35,2020-04-23 15:05:00+05:30,683.5,679.5,680.25,956089,86.6022440986041,676.8428571428573,0.1361008742329659,684.394878146512,664.7275000000002,645.0601218534883,39.33,2.0
302,675.0,2020-04-23 15:15:00+05:30,680.85,674.95,680.35,1014212,70.3077465304549,677.2857142857144,-16.294497568149197,685.4665805080757,665.6100000000002,645.7534194919248,39.71,0.0
303,675.15,2020-04-23 15:25:00+05:30,676.0,674.2,675.0,285282,70.47547888767457,677.2214285714286,0.16773235721966273,686.3163494294383,666.5700000000002,646.823650570562,39.49,-0.0
304,673.65,2020-04-24 09:15:00+05:30,675.0,665.4,668.55,703558,66.43392576736697,677.0,-4.041553120307597,686.7793206457836,667.4550000000002,648.1306793542167,38.65,-1.0
305,667.5,2020-04-24 09:25:00+05:30,673.6,667.0,673.0,365616,53.01105908606735,675.9285714285714,-13.422866681299624,686.557311765087,668.0475000000001,649.5376882349133,37.02,-2.0
306,666.2,2020-04-24 09:35:00+05:30,671.45,666.0,667.5,335258,50.68004308274406,673.9928571428571,-2.331016003323292,686.3915334481163,668.4525000000001,650.5134665518839,35.88,-1.0
307,664.8,2020-04-24 09:45:00+05:30,667.1,662.0,666.15,325272,48.22090186224822,671.8071428571428,-2.4591412204958374,686.1536156763456,668.7875000000001,651.4213843236547,34.73,-1.0
308,665.2,2020-04-24 09:55:00+05:30,666.55,663.5,664.7,165969,48.98259751378545,669.642857142857,0.7616956515372308,685.858179692624,669.1475000000002,652.4368203073763,33.42,-1.0
309,663.65,2020-04-24 10:05:00+05:30,665.1,663.5,665.0,134643,46.149568456578855,668.0214285714284,-2.833029057206595,685.3604622830912,669.5050000000001,653.649537716909,31.71,-2.0
310,663.2,2020-04-24 10:15:00+05:30,663.8,660.6,663.65,257520,45.32986059626947,666.3142857142856,-0.8197078603093857,684.5281659905781,669.9275000000001,655.3268340094221,29.2,-3.0
311,661.7,2020-04-24 10:25:00+05:30,663.25,661.0,663.2,104417,42.61282569224235,664.6071428571428,-2.7170349040271162,683.8514102391549,670.2150000000001,656.5785897608454,27.27,-2.0
312,659.05,2020-04-24 10:35:00+05:30,662.6,657.95,661.9,259777,38.250778039387484,663.3999999999999,-4.362047652854869,683.5608210574834,670.3175000000001,657.0741789425168,26.49,-1.0
313,659.45,2020-04-24 10:45:00+05:30,661.0,658.85,659.3,153590,39.261457040365784,662.4357142857142,1.0106790009782998,683.9469170100377,670.0725000000001,656.1980829899625,27.75,1.0
314,659.95,2020-04-24 10:55:00+05:30,660.7,659.35,659.65,84396,40.57086760018949,661.742857142857,1.3094105598237036,684.2133798978203,669.6200000000001,655.0266201021799,29.19,1.0
315,660.55,2020-04-24 11:05:00+05:30,662.6,659.7,659.95,130571,42.18167243377729,661.0785714285713,1.6108048335877996,684.1467120311763,669.0525000000001,653.9582879688239,30.19,1.0
316,661.7,2020-04-24 11:15:00+05:30,661.9,660.5,660.8,71593,45.245034412442514,660.8,3.0633619786652275,683.4623711208984,668.3575000000002,653.252628879102,30.21,0.0
317,658.9,2020-04-24 11:25:00+05:30,661.8,658.15,661.7,176464,39.72611823793288,660.1857142857142,-5.518916174509634,682.8504709198905,667.5425000000001,652.2345290801097,30.62,0.0
318,658.35,2020-04-24 11:35:00+05:30,659.2,656.85,659.05,169499,38.726844826853856,659.7071428571428,-0.9992734110790238,682.120953042697,666.7100000000002,651.2990469573033,30.82,0.0
319,661.95,2020-04-24 11:45:00+05:30,664.0,658.25,658.65,255925,47.954942601474045,660.1214285714285,9.228097774620188,680.0725122439225,665.8200000000002,651.5674877560779,28.51,-2.0
320,660.0,2020-04-24 11:55:00+05:30,662.75,659.6,661.95,122451,44.08217241860813,660.1999999999999,-3.8727701828659136,677.5853645416377,664.8150000000002,652.0446354583627,25.54,-3.0
321,661.9,2020-04-24 12:05:00+05:30,661.9,659.4,659.85,77069,48.45051188679777,660.4785714285714,4.368339468189639,674.403460444873,663.8925000000002,653.3815395551273,21.02,-5.0
322,663.1,2020-04-24 12:15:00+05:30,663.7,661.75,661.75,121136,51.05138307309316,660.842857142857,2.600871186295393,672.4160453018039,663.2975000000001,654.1789546981963,18.24,-3.0
323,664.75,2020-04-24 12:25:00+05:30,666.0,662.85,663.1,330884,54.4541388913789,661.2785714285714,3.4027558182857405,670.0492532092914,662.7775000000001,655.5057467907089,14.54,-4.0
324,661.35,2020-04-24 12:35:00+05:30,665.7,661.0,664.75,138693,47.17642404983978,661.6285714285715,-7.277714841539122,667.3421032158535,662.1625000000001,656.9828967841468,10.36,-4.0
325,659.2,2020-04-24 12:45:00+05:30,661.5,658.55,661.3,160519,43.24089567834399,661.75,-3.935528371495792,666.4329169055638,661.7475000000002,657.0620830944365,9.37,-1.0
326,659.7,2020-04-24 12:55:00+05:30,660.5,658.0,659.35,76979,44.40247721004127,661.4285714285714,1.16158153169728,665.6906778436775,661.4225000000002,657.154322156323,8.54,-1.0
327,661.6,2020-04-24 13:05:00+05:30,661.75,658.75,659.65,89862,48.698919267218386,661.657142857143,4.296442057177117,665.2266651407521,661.2625000000003,657.2983348592485,7.93,-1.0
328,660.5,2020-04-24 13:15:00+05:30,662.0,659.95,661.6,68754,46.46040298498592,661.4571428571429,-2.2385162822324673,664.5404047809463,661.0275000000003,657.5145952190542,7.03,-1.0
329,660.05,2020-04-24 13:25:00+05:30,660.95,659.6,660.55,69702,45.53821085856092,661.0214285714286,-0.9221921264249957,664.1576876238754,660.8475000000002,657.537312376125,6.62,-0.0
330,660.5,2020-04-24 13:35:00+05:30,661.6,659.9,659.9,57203,46.678012940811705,660.4142857142858,1.1398020822507817,663.833544865526,660.7125000000002,657.5914551344744,6.24,-0.0
331,657.55,2020-04-24 13:45:00+05:30,660.75,657.25,660.5,91318,40.66909545505269,659.8714285714286,-6.008917485759014,663.8902466286575,660.5050000000001,657.1197533713428,6.77,1.0
332,659.55,2020-04-24 13:55:00+05:30,661.0,657.2,657.55,128239,45.76644715387506,659.9214285714287,5.097351698822372,663.8771747709617,660.5300000000001,657.1828252290385,6.69,-0.0
333,660.75,2020-04-24 14:05:00+05:30,661.8,658.1,659.55,195177,48.618803473639915,660.0714285714287,2.8523563197648514,663.9041420417724,660.595,657.2858579582277,6.62,-0.0
334,657.8,2020-04-24 14:15:00+05:30,661.0,657.5,660.75,93808,42.676558350226635,659.5285714285716,-5.942245123413279,664.017204773698,660.4875,656.9577952263019,7.06,0.0
335,659.05,2020-04-24 14:25:00+05:30,660.05,656.5,657.8,220020,45.70473320140346,659.3214285714287,3.0281748511768214,663.9998865285548,660.4125,656.8251134714452,7.17,0.0
336,662.0,2020-04-24 14:35:00+05:30,663.65,658.3,659.1,287552,52.13153463629466,659.6000000000001,6.426801434891203,664.0399747312894,660.4275,656.8150252687107,7.22,0.0
337,661.7,2020-04-24 14:45:00+05:30,663.85,661.05,662.3,158110,51.46438444452827,659.7714285714286,-0.6671501917663889,664.1476021743717,660.5675,656.9873978256282,7.16,-0.0
338,657.95,2020-04-24 14:55:00+05:30,662.35,657.1,661.45,237021,43.90135595979558,659.8285714285714,-7.5630284847326905,664.1837900411205,660.5475,656.9112099588796,7.27,0.0
339,656.25,2020-04-24 15:05:00+05:30,659.15,655.5,657.85,331444,40.962503510164986,659.3571428571429,-2.9388524496305948,664.3065827468231,660.2625,656.218417253177,8.09,1.0
340,656.75,2020-04-24 15:15:00+05:30,657.6,656.15,656.35,119404,42.188308239442684,658.7857142857143,1.225804729277698,664.4389302586545,660.1,655.7610697413455,8.68,1.0
