,close,date,high,low,open,volume,RSI_14,sma_7,RSI_Trend,ub,mb,lb,band_diff,band_diff_trend
0,335.3,2020-04-13 09:15:00+05:30,341.4,333.65,341.05,2279464,0.0,0.0,,,,,,
1,334.0,2020-04-13 09:25:00+05:30,337.4,333.5,335.2,1274671,0.0,0.0,0.0,,,,,
2,331.7,2020-04-13 09:35:00+05:30,336.1,331.4,334.0,1120887,0.0,0.0,0.0,,,,,
3,331.0,2020-04-13 09:45:00+05:30,333.85,330.6,331.65,800224,0.0,0.0,0.0,,,,,
4,331.3,2020-04-13 09:55:00+05:30,331.8,330.55,330.75,631935,1.7137860682017418,0.0,1.7137860682017418,,,,,
5,331.0,2020-04-13 10:05:00+05:30,333.4,330.3,331.2,865919,1.6827293500227114,0.0,-0.03105671817903044,,,,,
6,331.5,2020-04-13 10:15:00+05:30,332.45,330.7,331.05,416596,4.779871573300895,332.25714285714287,3.0971422232781833,,,,,
7,331.85,2020-04-13 10:25:00+05:30,332.25,330.85,331.4,450530,6.98863934213847,331.7642857142857,2.208767768837575,,,,,
8,333.8,2020-04-13 10:35:00+05:30,335.4,331.2,331.85,914303,18.35225963703907,331.7357142857143,11.363620294900599,,,,,
9,334.15,2020-04-13 10:45:00+05:30,335.65,332.6,333.95,673251,20.23593522694911,332.08571428571435,1.883675589910041,,,,,
10,333.5,2020-04-13 10:55:00+05:30,334.25,332.45,334.15,346827,19.343401213638003,332.4428571428572,-0.8925340133111064,,,,,
11,334.55,2020-04-13 11:05:00+05:30,334.85,333.4,333.5,315140,25.091118928429765,332.9071428571429,5.7477177147917615,,,,,
12,335.85,2020-04-13 11:15:00+05:30,336.65,334.35,334.5,655948,31.591028628243976,333.6,6.499909699814211,,,,,
13,335.5,2020-04-13 11:25:00+05:30,335.95,333.5,335.6,545954,30.815752927736483,334.17142857142863,-0.7752757005074926,,,,,
14,340.75,2020-04-13 11:35:00+05:30,345.25,335.3,335.55,2385914,50.45640376624101,335.4428571428572,19.640650838504527,,,,,
15,340.8,2020-04-13 11:45:00+05:30,344.5,340.6,341.0,1567439,50.60024019039903,336.4428571428572,0.14383642415801745,,,,,
16,339.2,2020-04-13 11:55:00+05:30,342.45,338.1,340.9,1121966,45.998137945751,337.1642857142857,-4.60210224464803,,,,,
17,340.85,2020-04-13 12:05:00+05:30,342.3,338.75,339.0,610525,50.952307956088866,338.2142857142857,4.954170010337869,,,,,
18,338.45,2020-04-13 12:15:00+05:30,341.5,338.3,340.85,646835,44.55018947421697,338.77142857142854,-6.402118481871895,,,,,
19,337.1,2020-04-13 12:25:00+05:30,338.5,336.25,338.3,923855,41.39911873423404,338.94999999999993,-3.1510707399829343,341.91425167910904,335.1075000000001,328.3007483208911,13.61,
20,338.6,2020-04-13 12:35:00+05:30,339.8,336.5,337.1,526940,45.97180329998342,339.39285714285705,4.572684565749384,342.25657775624416,335.2725000000001,328.28842224375603,13.97,0.0
21,339.45,2020-04-13 12:45:00+05:30,340.3,337.35,338.3,419939,48.42762362900283,339.20714285714274,2.45582032901941,342.74206811651004,335.5450000000001,328.3479318834901,14.39,0.0
22,338.9,2020-04-13 12:55:00+05:30,339.5,337.7,339.5,307113,46.94081460963528,338.9357142857142,-1.4868090193675485,343.0119943310132,335.9050000000001,328.79800566898695,14.21,-0.0
23,335.75,2020-04-13 13:05:00+05:30,340.1,335.0,338.9,791145,39.46719719732972,338.44285714285706,-7.473617412305565,342.8664771282369,336.14250000000004,329.4185228717632,13.45,-1.0
24,335.65,2020-04-13 13:15:00+05:30,336.95,334.55,335.2,857613,39.253532332076794,337.69999999999993,-0.21366486525292316,342.69458344079715,336.36,330.0254165592029,12.67,-1.0
25,334.8,2020-04-13 13:25:00+05:30,336.25,334.0,335.55,514489,37.400114372412325,337.17857142857144,-1.853417959664469,342.41847061579267,336.55000000000007,330.68152938420747,11.74,-1.0
26,334.8,2020-04-13 13:35:00+05:30,336.0,334.3,334.75,582964,37.400114372412325,336.85,0.0,342.15559787736225,336.71500000000003,331.2744021226378,10.88,-1.0
27,334.65,2020-04-13 13:45:00+05:30,336.2,334.1,334.75,702688,37.04215595525526,336.28571428571433,-0.35795841715706445,341.89806715360703,336.855,331.811932846393,10.09,-1.0
28,334.2,2020-04-13 13:55:00+05:30,335.5,333.65,334.55,519537,35.931099582502384,335.53571428571433,-1.111056372752877,341.8699974974969,336.875,331.8800025025031,9.99,-0.0
29,332.15,2020-04-13 14:05:00+05:30,334.8,332.0,334.1,713521,31.322006815631497,334.5714285714286,-4.609092766870887,342.0707281692045,336.775,331.4792718307955,10.59,1.0
30,334.25,2020-04-13 14:15:00+05:30,334.7,331.2,332.05,775007,39.83597359976611,334.35714285714295,8.513966784134617,342.0204771808054,336.8125,331.6045228191946,10.42,-0.0
31,335.45,2020-04-13 14:25:00+05:30,336.75,332.85,334.35,977467,44.100482719110495,334.3285714285715,4.264509119344382,341.99828378214227,336.85749999999996,331.71671621785765,10.28,-0.0
32,335.5,2020-04-13 14:35:00+05:30,335.7,333.15,335.3,625501,44.277711618109386,334.42857142857144,0.17722889899889083,341.99758001188036,336.84,331.6824199881196,10.32,0.0
33,332.9,2020-04-13 14:45:00+05:30,336.5,332.5,335.5,760569,37.60163596427215,334.15714285714284,-6.676075653837238,342.1339818350883,336.7099999999999,331.2860181649115,10.85,1.0
34,332.1,2020-04-13 14:55:00+05:30,333.45,332.05,332.95,598068,35.81238739631961,333.7928571428571,-1.7892485679525407,341.72451511694345,336.2775,330.8304848830565,10.89,0.0
35,330.25,2020-04-13 15:05:00+05:30,332.6,329.85,332.05,1144238,32.018133618344294,333.2285714285714,-3.794253777975314,341.3927876649382,335.74999999999994,330.10721233506166,11.29,0.0
36,329.9,2020-04-13 15:15:00+05:30,331.0,329.5,330.4,947703,31.341591030849315,332.90714285714284,-0.6765425874949784,341.25405176283203,335.28499999999997,329.3159482371679,11.94,1.0
37,331.1,2020-04-13 15:25:00+05:30,331.2,329.3,329.9,614746,36.310540451556264,332.45714285714286,4.968949420706949,340.4363198653339,334.79749999999996,329.158680134666,11.28,-1.0
38,341.65,2020-04-15 09:15:00+05:30,344.25,340.0,342.7,2576403,62.20691904181798,333.34285714285716,25.89637859026172,341.1836988911035,334.9574999999999,328.73130110889633,12.45,1.0
39,339.65,2020-04-15 09:25:00+05:30,343.0,337.8,341.7,1520178,57.43888150491454,333.9357142857143,-4.768037536903442,341.5939493048134,335.0849999999999,328.57605069518644,13.02,1.0
40,340.75,2020-04-15 09:35:00+05:30,343.4,339.55,339.8,1602734,59.28721021362203,335.0571428571429,1.8483287087074913,342.00960503458987,335.1924999999999,328.3753949654099,13.63,1.0
41,343.6,2020-04-15 09:45:00+05:30,344.65,340.6,340.75,1692819,63.68730034230933,336.7,4.400090128687296,342.97343000926674,335.3999999999999,327.8265699907331,15.15,2.0
42,347.3,2020-04-15 09:55:00+05:30,347.5,342.1,343.65,1975038,68.453988247397,339.1357142857143,4.766687905087679,344.9768438598506,335.81999999999994,326.6631561401493,18.31,3.0
43,346.4,2020-04-15 10:05:00+05:30,348.0,345.4,347.4,1352894,66.17836844254789,341.4928571428572,-2.2756198048491143,346.65873086956816,336.3524999999999,326.04626913043165,20.61,2.0
44,346.0,2020-04-15 10:15:00+05:30,347.45,344.3,346.4,792825,65.14188249375937,343.6214285714286,-1.036485948788524,348.0316071281966,336.86999999999995,325.7083928718033,22.32,2.0
45,349.2,2020-04-15 10:25:00+05:30,351.3,345.75,345.95,2485693,69.28622156653319,344.7,4.144339072773818,349.97962214282995,337.5899999999999,325.2003778571699,24.78,2.0
46,349.05,2020-04-15 10:35:00+05:30,349.55,347.35,349.4,1007351,68.87286441051766,346.04285714285714,-0.4133571560155218,351.6207294935213,338.3024999999999,324.9842705064785,26.64,2.0
47,349.75,2020-04-15 10:45:00+05:30,351.8,348.6,349.1,1187874,69.77897101096394,347.3285714285715,0.9061066004462788,353.190971842254,339.05749999999995,324.9240281577459,28.27,2.0
48,349.6,2020-04-15 10:55:00+05:30,350.5,348.05,349.7,1246412,69.31334748788875,348.1857142857143,-0.4656235230751946,354.513887359872,339.8275,325.141112640128,29.37,1.0
49,350.05,2020-04-15 11:05:00+05:30,350.5,349.1,349.6,754592,69.96094118173448,348.5785714285715,0.6475936938457352,355.61907237155754,340.72249999999997,325.8259276284424,29.79,0.0
50,349.5,2020-04-15 11:15:00+05:30,350.5,349.4,350.1,851097,68.07014536559588,349.0214285714286,-1.8907958161386063,356.5468758879217,341.485,326.4231241120783,30.12,0.0
51,348.5,2020-04-15 11:25:00+05:30,349.75,347.5,349.6,1014064,64.64899052251411,349.37857142857143,-3.4211548430817658,357.2292152246208,342.1375,327.04578477537916,30.18,0.0
52,347.5,2020-04-15 11:35:00+05:30,350.25,347.3,348.6,919551,61.32950922806279,349.1357142857143,-3.3194812944513217,357.6714554812444,342.7375,327.80354451875564,29.87,-0.0
53,346.95,2020-04-15 11:45:00+05:30,347.95,346.0,347.65,897322,59.51936111662451,348.8357142857143,-1.8101481114382807,357.7335981253294,343.44,329.1464018746706,28.59,-1.0
54,346.7,2020-04-15 11:55:00+05:30,348.4,346.0,347.0,768927,58.671674920588295,348.4,-0.8476861960362143,357.4826927957376,344.16999999999996,330.8573072042623,26.63,-2.0
55,347.95,2020-04-15 12:05:00+05:30,348.15,346.6,346.8,478977,61.615345289016474,348.16428571428565,2.9436703684281795,356.7231257233001,345.05499999999995,333.3868742766998,23.34,-3.0
56,346.95,2020-04-15 12:15:00+05:30,348.8,346.8,348.0,523459,58.05296369911998,347.7214285714285,-3.5623815898964963,355.153510519479,345.90749999999997,336.6614894805209,18.49,-5.0
57,344.0,2020-04-15 12:25:00+05:30,347.2,342.2,347.0,1863580,49.04453804453235,346.9357142857142,-9.008425654587626,352.74464060427886,346.55249999999995,340.36035939572105,12.38,-6.0
58,344.1,2020-04-15 12:35:00+05:30,345.85,342.8,344.2,856703,49.33156629861326,346.30714285714276,0.2870282540809086,352.54746025731004,346.675,340.80253974269,11.74,-1.0
59,341.15,2020-04-15 12:45:00+05:30,344.05,340.2,344.05,1314001,41.843515671137595,345.3999999999999,-7.4880506274756655,352.2725852069862,346.75,341.2274147930138,11.05,-1.0
60,343.25,2020-04-15 12:55:00+05:30,343.45,341.25,341.25,693168,47.90553618703299,344.8714285714285,6.062020515895398,351.9181297717527,346.875,341.8318702282473,10.09,-1.0
61,343.1,2020-04-15 13:05:00+05:30,344.3,341.85,343.2,1334160,47.52447629106932,344.3571428571428,-0.3810598959636735,351.96591942654976,346.85,341.7340805734503,10.23,0.0
62,338.2,2020-04-15 13:15:00+05:30,343.3,338.05,343.3,1655677,37.1333770820198,342.96428571428567,-10.391099209049521,352.7989379332277,346.395,339.99106206677226,12.81,3.0
63,340.9,2020-04-15 13:25:00+05:30,341.25,337.75,338.1,1521714,44.35334963012769,342.09999999999997,7.21997254810789,352.9792158520683,346.12,339.2607841479317,13.72,1.0
64,338.8,2020-04-15 13:35:00+05:30,341.9,338.2,340.95,1242755,40.46116026855711,341.35714285714283,-3.89218936157058,353.36135721953315,345.76,338.15864278046683,15.2,1.0
65,336.75,2020-04-15 13:45:00+05:30,338.55,334.7,338.55,1574672,37.04371677722003,340.3071428571429,-3.4174434913370817,353.5487002397806,345.1375,336.7262997602194,16.82,2.0
66,334.0,2020-04-15 13:55:00+05:30,337.7,333.0,336.6,1177343,33.01523900811269,339.2857142857143,-4.02847776910734,353.9377951269167,344.385,334.8322048730833,19.11,2.0
67,329.85,2020-04-15 14:05:00+05:30,334.0,329.65,334.0,1875104,28.056609212891075,337.37142857142857,-4.958629795221611,354.5928943628539,343.39,332.1871056371461,22.41,3.0
68,326.9,2020-04-15 14:15:00+05:30,330.1,325.0,330.0,1841267,25.16342793511869,335.0571428571429,-2.893181277772385,355.2630096782511,342.255,329.2469903217489,26.02,4.0
69,329.0,2020-04-15 14:25:00+05:30,329.7,326.5,326.9,1343956,30.646112199865172,333.7428571428572,5.4826842647464815,354.9407859192841,341.2025,327.46421408071586,27.48,1.0
70,328.0,2020-04-15 14:35:00+05:30,330.25,327.4,328.95,1368422,29.536419850640627,331.90000000000003,-1.1096923492245452,354.4828575181422,340.12749999999994,325.77214248185766,28.71,1.0
71,326.5,2020-04-15 14:45:00+05:30,328.4,326.0,327.95,1098846,27.904221063480023,330.14285714285717,-1.632198787160604,354.0381795315868,339.0275,324.01682046841313,30.02,1.0
72,327.85,2020-04-15 14:55:00+05:30,328.75,326.0,326.65,1244022,31.569380428675515,328.87142857142857,3.6651593651954926,353.29118675362184,338.04499999999996,322.7988132463781,30.49,0.0
73,327.15,2020-04-15 15:05:00+05:30,328.1,325.45,327.8,1585448,30.697933154959614,327.89285714285717,-0.8714472737159014,352.4372830418292,337.05499999999995,321.6727169581707,30.76,0.0
74,327.75,2020-04-15 15:15:00+05:30,328.05,326.95,327.2,1392096,32.41992704802439,327.59285714285716,1.7219938930647771,351.3219071264879,336.10749999999996,320.89309287351205,30.43,-0.0
75,328.5,2020-04-15 15:25:00+05:30,328.75,327.5,327.8,411129,34.607234441476635,327.82142857142856,2.187307393452244,349.6317183219259,335.135,320.63828167807407,28.99,-1.0
76,320.8,2020-04-16 09:15:00+05:30,325.6,319.45,325.3,2788235,25.48672120233205,326.65000000000003,-9.120513239144586,348.55264766256045,333.8275,319.1023523374395,29.45,0.0
77,324.5,2020-04-16 09:25:00+05:30,325.1,320.95,320.95,1855663,34.429211389004706,326.15000000000003,8.942490186672657,347.321722326609,332.8525,318.38327767339104,28.94,-1.0
78,328.25,2020-04-16 09:35:00+05:30,331.55,324.2,324.45,2659814,42.02356062526608,326.40000000000003,7.5943492362613725,345.644573293959,332.06,318.475426706041,27.17,-2.0
79,326.65,2020-04-16 09:45:00+05:30,330.2,326.0,328.1,1721795,39.90017739641352,326.22857142857146,-2.1233832288525605,344.41528246918546,331.335,318.2547175308145,26.16,-1.0
80,325.65,2020-04-16 09:55:00+05:30,328.0,325.0,326.7,1184249,38.58782480089043,326.0142857142858,-1.3123525955230875,342.4861831679618,330.455,318.42381683203814,24.06,-2.0
81,327.9,2020-04-16 10:05:00+05:30,329.0,325.35,325.6,955410,43.12092611862158,326.03571428571433,4.533101317731152,340.184488472802,329.69499999999994,319.20551152719787,20.98,-3.0
82,328.95,2020-04-16 10:15:00+05:30,329.45,326.8,327.9,1114555,45.1554639826393,326.1,2.0345378640177145,338.92874316830705,329.23249999999996,319.53625683169287,19.39,-2.0
83,328.55,2020-04-16 10:25:00+05:30,329.8,326.9,328.85,1189730,44.50240542943038,327.2071428571429,-0.6530585532089148,336.60565902031493,328.61499999999995,320.624340979685,15.98,-3.0
84,328.7,2020-04-16 10:35:00+05:30,329.8,327.4,328.4,804230,44.82466272670962,327.8071428571429,0.32225729727923635,334.5084044063627,328.10999999999996,321.71159559363724,12.8,-3.0
85,329.4,2020-04-16 10:45:00+05:30,330.15,328.15,328.7,1121651,46.389152531421,327.9714285714286,1.5644898047113784,332.74305523232886,327.74249999999995,322.74194476767104,10.0,-3.0
86,329.85,2020-04-16 10:55:00+05:30,330.45,328.7,329.4,1131468,47.42128832288123,328.42857142857144,1.0321357914602345,331.72019948590685,327.53499999999997,323.3498005140931,8.37,-2.0
87,333.1,2020-04-16 11:05:00+05:30,334.45,329.5,329.75,1817354,54.2690675902025,329.49285714285713,6.847779267321272,332.4720459966029,327.69749999999993,322.92295400339697,9.55,1.0
88,335.95,2020-04-16 11:15:00+05:30,336.55,332.6,333.15,1978918,59.27769110934881,330.64285714285705,5.008623519146305,334.16148024506737,328.15,322.1385197549326,12.02,2.0
89,336.4,2020-04-16 11:25:00+05:30,338.15,334.55,335.9,1910148,60.02221627770193,331.70714285714286,0.7445251683531211,335.57253966947127,328.5199999999999,321.4674603305286,14.11,2.0
90,337.3,2020-04-16 11:35:00+05:30,337.9,335.25,336.35,1197423,61.53684629354612,332.95714285714286,1.5146300158441903,337.0472642764394,328.98499999999996,320.9227357235605,16.12,2.0
91,336.1,2020-04-16 11:45:00+05:30,337.5,335.6,337.3,944157,58.36187016013188,334.0142857142857,-3.1749761334142406,338.03164891799616,329.465,320.8983510820038,17.13,1.0
92,338.9,2020-04-16 11:55:00+05:30,339.5,335.75,336.1,1305388,63.14062416629557,335.37142857142857,4.7787540061636875,339.51981412258107,330.0174999999999,320.5151858774188,19.0,2.0
93,340.0,2020-04-16 12:05:00+05:30,340.9,337.65,338.75,1358642,64.8474890720257,336.82142857142856,1.7068649057301286,341.04286037051827,330.65999999999997,320.27713962948167,20.77,2.0
94,341.4,2020-04-16 12:15:00+05:30,341.6,339.25,340.0,1291693,66.94547298330775,338.00714285714287,2.097983911282057,342.6713767037343,331.3424999999999,320.0136232962655,22.66,2.0
95,339.95,2020-04-16 12:25:00+05:30,341.65,339.65,341.5,1020297,62.76714230387082,338.5785714285715,-4.178330679436932,343.78344999412946,331.9149999999999,320.04655000587036,23.74,1.0
96,338.75,2020-04-16 12:35:00+05:30,340.5,337.6,339.95,1366326,59.459628163264924,338.9142857142857,-3.307514140605896,343.8258830071941,332.8124999999999,321.7991169928057,22.03,-2.0
97,337.2,2020-04-16 12:45:00+05:30,339.0,335.0,338.75,2109264,55.398885079566256,338.9,-4.060743083698668,343.8927192539531,333.4474999999999,323.00228074604667,20.89,-1.0
98,338.25,2020-04-16 12:55:00+05:30,339.45,336.35,337.2,1322005,57.515566232977754,339.20714285714286,2.1166811534114984,344.30213155968556,333.9474999999999,323.5928684403142,20.71,-0.0
99,337.9,2020-04-16 13:05:00+05:30,339.2,337.4,338.3,580973,56.55213185808106,339.0642857142857,-0.9634343748966927,344.4076658598722,334.5099999999999,324.61233414012753,19.8,-1.0
100,337.65,2020-04-16 13:15:00+05:30,338.55,336.05,338.0,716682,55.832712510490396,338.7285714285714,-0.7194193475906658,344.16524564460883,335.1099999999999,326.05475435539097,18.11,-2.0
101,337.6,2020-04-16 13:25:00+05:30,338.5,337.0,337.6,527432,55.680149866527714,338.18571428571425,-0.15256264396268193,344.04297702349334,335.5949999999999,327.1470229765065,16.9,-1.0
102,340.0,2020-04-16 13:35:00+05:30,340.9,337.45,337.5,1491880,61.16548631574873,338.1928571428571,5.485336449221016,344.2018205143182,336.1474999999999,328.0931794856817,16.11,-1.0
103,340.25,2020-04-16 13:45:00+05:30,340.9,339.4,339.95,930934,61.69728589175953,338.40714285714284,0.5317995760107976,344.1367146603702,336.73249999999996,329.3282853396297,14.81,-1.0
104,339.85,2020-04-16 13:55:00+05:30,340.3,338.4,340.3,1033719,60.27504767483951,338.7857142857143,-1.4222382169200145,343.7689212877323,337.28999999999996,330.8110787122676,12.96,-2.0
105,340.6,2020-04-16 14:05:00+05:30,340.65,339.2,339.8,875272,62.041886213553205,339.12142857142857,1.7668385387136922,343.31414147925034,337.85,332.3858585207497,10.93,-2.0
106,344.1,2020-04-16 14:15:00+05:30,344.85,340.65,340.65,3046396,68.97641461116815,340.0071428571428,6.934528397614947,343.302683762816,338.5625,333.822316237184,9.48,-1.0
107,342.5,2020-04-16 14:25:00+05:30,347.65,342.5,344.25,2649520,63.2846454213983,340.69999999999993,-5.69176918976985,343.33614288774805,339.03249999999997,334.7288571122519,8.61,-1.0
108,343.55,2020-04-16 14:35:00+05:30,344.4,341.55,342.8,1347394,65.30781513970612,341.55,2.0231697183078197,343.9079801862832,339.4125,334.9170198137168,8.99,0.0
109,343.85,2020-04-16 14:45:00+05:30,345.4,343.2,343.6,939845,65.88621887251665,342.09999999999997,0.5784037328105285,344.4604791479762,339.785,335.1095208520239,9.35,0.0
110,341.8,2020-04-16 14:55:00+05:30,344.25,340.0,343.85,2306006,58.68591825010633,342.32142857142856,-7.200300622410317,344.6145286632324,340.01000000000005,335.4054713367677,9.21,-0.0
111,341.9,2020-04-16 15:05:00+05:30,345.0,340.0,341.9,2553395,58.921748124868714,342.61428571428576,0.2358298747623806,344.58731298502704,340.3,336.012687014973,8.57,-1.0
112,342.95,2020-04-16 15:15:00+05:30,344.8,341.55,341.9,2505182,61.41245083925244,342.95,2.4907027143837297,344.89273737519153,340.5025,336.11226262480847,8.78,0.0
113,342.85,2020-04-16 15:25:00+05:30,343.7,341.65,342.95,763286,61.03290054292827,342.7714285714286,-0.3795502963241759,345.1500731637266,340.64500000000004,336.1399268362735,9.01,0.0
114,361.0,2020-04-17 09:15:00+05:30,362.15,356.35,362.0,3327439,82.3520190646561,345.4142857142857,21.319118521727837,351.79153436784804,341.62500000000006,331.45846563215207,20.33,11.0
115,361.45,2020-04-17 09:25:00+05:30,363.55,358.75,360.75,2220092,82.60610958430729,347.97142857142853,0.2540905196511858,356.14043389023954,342.70000000000005,329.25956610976056,26.88,7.0
116,360.65,2020-04-17 09:35:00+05:30,361.7,359.0,361.45,1206121,80.39016690356512,350.37142857142857,-2.215942680742174,359.291583664252,343.795,328.298416335748,30.99,4.0
117,363.65,2020-04-17 09:45:00+05:30,365.0,360.3,360.5,2015147,82.30691829594994,353.49285714285713,1.9167513923848247,362.62798633187987,345.1175,327.60701366812015,35.02,4.0
118,363.5,2020-04-17 09:55:00+05:30,364.3,360.55,363.75,1575440,81.8759918456998,356.57857142857137,-0.43092645025014065,365.383085622022,346.38,327.376914377978,38.01,3.0
119,360.5,2020-04-17 10:05:00+05:30,364.5,358.25,363.65,2050312,73.5787474907873,359.0857142857143,-8.297244354912507,367.0695339520414,347.51000000000005,327.9504660479587,39.12,1.0
120,361.5,2020-04-17 10:15:00+05:30,364.0,359.5,360.5,1477206,74.50616626644886,361.75,0.9274187756615646,368.6355055567725,348.70250000000004,328.7694944432276,39.87,1.0
121,355.75,2020-04-17 10:25:00+05:30,361.9,353.9,361.35,2736971,61.20318363624303,361.0,-13.302982630205825,369.0615484433017,349.61,330.1584515566983,38.9,-1.0
122,354.55,2020-04-17 10:35:00+05:30,357.95,351.3,355.45,3002446,58.84193438659384,360.0142857142858,-2.361249249649191,369.3593122718439,350.33750000000003,331.31568772815615,38.04,-1.0
123,351.55,2020-04-17 10:45:00+05:30,355.15,349.2,354.7,2620033,53.30510299928632,358.7142857142858,-5.536831387307522,369.32455414570745,350.90250000000003,332.4804458542926,36.84,-1.0
124,353.4,2020-04-17 10:55:00+05:30,355.75,351.8,351.9,1546684,56.05144199663999,357.25000000000006,2.746338997353668,369.27279960590596,351.58000000000004,333.8872003940941,35.39,-1.0
125,355.05,2020-04-17 11:05:00+05:30,356.85,352.1,353.4,1235606,58.40140120341773,356.04285714285726,2.34995920677774,369.2727983567113,352.3025,335.3322016432887,33.94,-1.0
126,356.2,2020-04-17 11:15:00+05:30,359.6,354.9,355.2,1797883,60.006506809793954,355.4285714285715,1.6051056063762275,369.50519403767976,352.90749999999997,336.3098059623202,33.2,-1.0
127,354.7,2020-04-17 11:25:00+05:30,356.95,353.5,356.25,1187696,56.921343528359735,354.4571428571429,-3.0851632814342196,369.38538464660314,353.5175,337.6496153533968,31.74,-1.0
128,353.75,2020-04-17 11:35:00+05:30,355.3,353.25,354.6,852766,54.992914866808846,354.17142857142863,-1.928428661550889,369.1863249440456,354.0275,338.8686750559543,30.32,-1.0
129,353.2,2020-04-17 11:45:00+05:30,353.65,351.2,353.65,1271573,53.85533746919662,353.9785714285714,-1.137577397612226,368.8896956604821,354.49499999999995,340.1003043395178,28.79,-2.0
130,351.25,2020-04-17 11:55:00+05:30,354.9,350.0,353.4,1550030,49.91307827457949,353.93571428571425,-3.9422591946171295,368.1794274262235,354.9674999999999,341.7555725737763,26.42,-2.0
131,353.1,2020-04-17 12:05:00+05:30,353.4,350.0,351.2,897338,53.39837146163516,353.89285714285705,3.4852931870556674,367.27566783028016,355.5275,343.7793321697198,23.5,-3.0
132,352.95,2020-04-17 12:15:00+05:30,354.9,352.05,353.2,860585,53.07588134854659,353.59285714285704,-0.3224901130885698,366.27745378680254,356.0275,345.7775462131974,20.5,-3.0
133,351.4,2020-04-17 12:25:00+05:30,354.3,350.6,352.85,925056,49.73345283988587,352.9071428571428,-3.342428508660717,364.95459132144526,356.4549999999999,347.9554086785546,17.0,-4.0
134,352.65,2020-04-17 12:35:00+05:30,353.0,351.0,351.45,633311,52.340093108279405,352.6142857142857,2.6066402683935337,364.4165386962761,356.0374999999999,347.6584613037237,16.76,-0.0
135,355.0,2020-04-17 12:45:00+05:30,355.6,352.65,352.9,1119652,56.86844053096259,352.7928571428571,4.528347422683183,363.7043415840967,355.7149999999999,347.7256584159031,15.98,-1.0
136,353.8,2020-04-17 12:55:00+05:30,356.4,353.25,355.0,1234781,54.044620043711646,352.87857142857143,-2.8238204872509414,363.05237630108775,355.37249999999995,347.69262369891214,15.36,-1.0
137,352.9,2020-04-17 13:05:00+05:30,355.0,352.2,353.95,738827,51.96067391666853,353.11428571428576,-2.083946127043113,361.5153009702139,354.8349999999999,348.15469902978595,13.36,-2.0
138,353.9,2020-04-17 13:15:00+05:30,354.0,351.0,353.0,1177898,54.079441665085824,353.22857142857146,2.118767748417291,359.6496745837093,354.3549999999999,349.0603254162905,10.59,-3.0
139,355.45,2020-04-17 13:25:00+05:30,355.9,353.55,354.0,1021316,57.228341994938084,353.58571428571435,3.1489003298522604,358.5822174487976,354.1024999999999,349.6227825512022,8.96,-2.0
140,356.15,2020-04-17 13:35:00+05:30,357.9,354.1,355.55,1522513,58.60876185078388,354.2642857142858,1.380419855845794,356.8563451169635,353.8349999999999,350.81365488303635,6.04,-3.0
141,357.85,2020-04-17 13:45:00+05:30,358.4,355.35,356.25,1076076,61.83061566738441,355.00714285714287,3.221853816600529,357.36108016183397,353.93999999999994,350.5189198381659,6.84,1.0
142,361.75,2020-04-17 13:55:00+05:30,361.9,357.15,357.85,2453248,67.98698137100824,355.9714285714286,6.156365703623834,359.19091531633785,354.2999999999999,349.40908468366194,9.78,3.0
143,362.75,2020-04-17 14:05:00+05:30,364.0,361.0,361.75,2780284,69.35197861218127,357.25,1.364997241173029,360.86338501005525,354.8599999999999,348.85661498994455,12.01,2.0
144,364.65,2020-04-17 14:15:00+05:30,366.0,361.55,362.8,2413501,71.81131662276884,358.92857142857144,2.4593380105875724,362.80066658156153,355.4224999999999,348.04433341843827,14.76,3.0
145,363.55,2020-04-17 14:25:00+05:30,365.9,362.25,364.65,1623659,68.38970825963798,360.3071428571429,-3.421608363130858,364.06663524712513,355.8474999999999,347.6283647528747,16.44,2.0
146,364.75,2020-04-17 14:35:00+05:30,365.5,362.2,363.65,1550596,70.06536340287145,361.6357142857143,1.6756551432334703,365.4097514586076,356.2749999999999,347.1402485413922,18.27,2.0
147,366.85,2020-04-17 14:45:00+05:30,369.0,364.8,364.95,2489988,72.78429601855558,363.1642857142857,2.7189326156841247,367.12509809762554,356.88249999999994,346.63990190237433,20.49,2.0
148,374.15,2020-04-17 14:55:00+05:30,375.0,366.7,366.8,4314662,79.69017405985102,365.4928571428572,6.905878041295438,370.60038523627816,357.9024999999999,345.2046147637217,25.4,5.0
149,376.2,2020-04-17 15:05:00+05:30,376.2,372.15,374.15,3731694,81.13764833344592,367.5571428571429,1.4474742735949064,373.9352514080458,359.0524999999999,344.169748591954,29.77,4.0
150,376.8,2020-04-17 15:15:00+05:30,381.9,376.2,376.2,3336203,81.5520624536706,369.56428571428575,0.41441412022467716,376.7043187885628,360.3299999999999,343.9556812114371,32.75,3.0
151,375.4,2020-04-17 15:25:00+05:30,377.0,374.0,376.8,1243201,77.28531295971418,371.1,-4.266749493956425,378.7565689945376,361.4449999999999,344.13343100546217,34.62,2.0
152,375.0,2020-04-20 09:15:00+05:30,376.5,369.4,376.0,4154752,76.06086565469859,372.7357142857143,-1.2244473050155875,380.3817802667106,362.5474999999999,344.7132197332892,35.67,1.0
153,375.1,2020-04-20 09:25:00+05:30,378.9,374.15,374.9,3525500,76.16254382661923,374.2142857142857,0.10167817192063922,381.5975283190963,363.73249999999996,345.86747168090363,35.73,0.0
154,372.35,2020-04-20 09:35:00+05:30,375.25,371.05,374.95,2053154,67.65269637060359,375.0,-8.509847456015635,382.1774775426396,364.7175,347.2575224573603,34.92,-1.0
155,373.0,2020-04-20 09:45:00+05:30,374.9,370.8,371.65,1288271,68.54724583660754,374.8357142857143,0.8945494660039515,382.8222201295705,365.61749999999995,348.4127798704294,34.41,-1.0
156,373.2,2020-04-20 09:55:00+05:30,374.0,371.1,373.0,1018312,68.83285010112996,374.40714285714284,0.28560426452241927,383.1629058456309,366.5875,350.01209415436904,33.15,-1.0
157,372.7,2020-04-20 10:05:00+05:30,373.75,371.3,373.35,819032,67.19023112953644,373.8214285714285,-1.6426189715935209,383.0384686834812,367.5775,352.1165313165188,30.92,-2.0
158,372.3,2020-04-20 10:15:00+05:30,372.9,371.25,372.75,739566,65.8366524871405,373.3785714285714,-1.353578642395945,382.66750074285954,368.4975,354.32749925714046,28.34,-3.0
159,375.7,2020-04-20 10:25:00+05:30,376.45,372.1,372.2,1441483,71.15577343358756,373.47857142857134,5.3191209464470575,382.6078744760164,369.51,356.4121255239836,26.2,-2.0
160,375.1,2020-04-20 10:35:00+05:30,376.2,374.15,375.7,865836,69.11082417810834,373.47857142857134,-2.04494925547921,382.15263056564044,370.45750000000004,358.76236943435964,23.39,-3.0
161,375.9,2020-04-20 10:45:00+05:30,376.0,374.7,375.25,597753,70.33499016524995,373.9857142857142,1.2241659871416033,381.661435771162,371.36,361.058564228838,20.6,-3.0
162,376.85,2020-04-20 10:55:00+05:30,378.0,375.9,375.95,1050827,71.76594380734002,374.5357142857142,1.4309536420900741,381.6345698708673,372.115,362.5954301291327,19.04,-2.0
163,375.0,2020-04-20 11:05:00+05:30,377.45,374.45,376.9,863518,65.17296949661085,374.7928571428571,-6.592974310729176,381.23226491831485,372.7275,364.2227350816852,17.01,-2.0
164,372.15,2020-04-20 11:15:00+05:30,375.05,372.15,375.05,1161051,56.55350433035113,374.7142857142857,-8.619465166259715,380.7230729167141,373.1025,365.48192708328594,15.24,-2.0
165,370.1,2020-04-20 11:25:00+05:30,373.5,370.1,372.2,1108563,51.29808200702661,374.4,-5.255422323324524,379.77892448413684,373.43,367.0810755158632,12.7,-3.0
166,370.0,2020-04-20 11:35:00+05:30,372.4,368.55,370.25,1939223,51.04887223103373,373.5857142857143,-0.24920977599288108,378.8533113397236,373.6925,368.5316886602764,10.32,-2.0
167,372.65,2020-04-20 11:45:00+05:30,372.8,369.4,370.0,880481,57.00919865506849,373.2357142857143,5.960326424034761,378.06317009461213,373.98249999999996,369.9018299053878,8.16,-2.0
168,371.15,2020-04-20 11:55:00+05:30,372.65,370.35,372.6,724426,53.0701805512266,372.5571428571429,-3.9390181038418888,378.1033651902973,373.8325,369.56163480970264,8.54,0.0
169,371.9,2020-04-20 12:05:00+05:30,372.45,370.95,371.1,664058,54.753560455019276,371.85,1.6833799037926767,377.8189126696936,373.61749999999995,369.4160873303063,8.4,-0.0
170,372.0,2020-04-20 12:15:00+05:30,372.25,371.0,371.9,536448,54.98541197886814,371.42142857142863,0.2318515238488672,377.35592536954783,373.37749999999994,369.39907463045205,7.96,-0.0
171,371.6,2020-04-20 12:25:00+05:30,373.2,371.5,372.0,816083,53.79790657228996,371.34285714285716,-1.1875054065781825,377.1219463932124,373.1875,369.2530536067876,7.87,-0.0
172,368.5,2020-04-20 12:35:00+05:30,371.9,367.7,371.65,1409988,45.58180151596999,371.11428571428576,-8.216105056319968,377.217880822072,372.8625,368.507119177928,8.71,1.0
173,369.2,2020-04-20 12:45:00+05:30,369.5,366.1,368.5,1586043,47.530430413091636,371.0,1.9486288971216439,377.08113723095255,372.5675,368.05386276904744,9.03,0.0
174,369.15,2020-04-20 12:55:00+05:30,370.2,367.85,369.1,911325,47.39986782312529,370.5,-0.1305625899663454,377.17341792671874,372.4074999999999,367.6415820732811,9.53,0.0
175,370.4,2020-04-20 13:05:00+05:30,371.4,368.45,369.4,1035655,51.02206565481071,370.39285714285717,3.622197831685419,377.1166468365066,372.2774999999999,367.4383531634932,9.68,0.0
176,373.0,2020-04-20 13:15:00+05:30,373.75,369.85,370.4,1165730,57.567415102612394,370.55,6.545349447801684,377.0994414208727,372.2674999999999,367.43555857912713,9.66,-0.0
177,372.55,2020-04-20 13:25:00+05:30,373.0,371.2,372.75,702165,56.16831867894914,370.62857142857143,-1.3990964236632522,377.08957990981327,372.25999999999993,367.4304200901866,9.66,0.0
178,371.4,2020-04-20 13:35:00+05:30,372.7,370.1,372.35,866772,52.6469298873176,370.6,-3.5213887916315443,377.05975842643727,372.2149999999999,367.37024157356257,9.69,0.0
179,370.8,2020-04-20 13:45:00+05:30,373.0,370.8,371.5,839589,50.855504940972864,370.9285714285715,-1.7914249463447334,376.56168585024903,371.9699999999999,367.3783141497508,9.18,-1.0
180,371.05,2020-04-20 13:55:00+05:30,371.3,369.6,370.65,878730,51.59458746743235,371.19285714285724,0.7390825264594838,376.1294497089222,371.7674999999999,367.40555029107765,8.72,-0.0
181,371.6,2020-04-20 14:05:00+05:30,372.5,370.7,371.15,620564,53.25997149322713,371.54285714285726,1.6653840257947792,375.45667792411757,371.55249999999995,367.64832207588233,7.81,-1.0
182,373.8,2020-04-20 14:15:00+05:30,375.8,371.55,371.6,1710152,59.292986248558684,372.0285714285715,6.033014755331557,374.6093613071777,371.4,368.19063869282223,6.42,-1.0
183,375.7,2020-04-20 14:25:00+05:30,377.5,373.65,373.8,1764957,63.65606422227574,372.41428571428577,4.363077973717054,374.8201222476578,371.43499999999995,368.04987775234207,6.77,0.0
184,374.25,2020-04-20 14:35:00+05:30,376.35,373.4,375.75,1069557,58.50261398627929,372.6571428571429,-5.153450235996445,375.14184163420657,371.53999999999996,367.93815836579336,7.2,0.0
185,363.1,2020-04-20 14:45:00+05:30,374.35,363.0,374.35,4691661,35.02260373169857,371.4714285714286,-23.480010254580726,376.38783355680226,371.18999999999994,365.9921664431976,10.4,3.0
186,362.6,2020-04-20 14:55:00+05:30,365.8,360.8,363.25,3805526,34.35669575057736,370.3,-0.6659079811212081,377.27579299218183,370.82,364.36420700781815,12.91,3.0
187,360.4,2020-04-20 15:05:00+05:30,362.95,357.0,362.6,3351360,31.517142694966637,368.7785714285714,-2.839553055610722,378.09741861741827,370.2075,362.3175813825817,15.78,3.0
188,362.1,2020-04-20 15:15:00+05:30,363.4,360.5,360.5,2190226,35.92415121787381,367.4214285714285,4.4070085229071765,378.41755705533024,369.755,361.09244294466976,17.33,2.0
189,361.15,2020-04-20 15:25:00+05:30,363.6,361.15,362.1,802859,34.584763845435404,365.6142857142857,-1.3393873724384093,378.6219376423278,369.21750000000003,359.81306235767227,18.81,1.0
190,340.1,2020-04-21 09:15:00+05:30,344.3,339.15,341.0,4843638,18.30193473598672,360.5285714285714,-16.282829109448684,383.57844180696895,367.62250000000006,351.66655819303116,31.91,13.0
191,339.85,2020-04-21 09:25:00+05:30,341.25,337.45,339.85,3036859,18.192386016665964,355.6142857142857,-0.10954871932075605,386.1106490358478,366.035,345.95935096415224,40.15,8.0
192,341.0,2020-04-21 09:35:00+05:30,342.1,339.35,339.85,1705841,20.54828199090575,352.45714285714286,2.355895974239786,387.5890117307175,364.66,341.73098826928253,45.86,6.0
193,340.55,2020-04-21 09:45:00+05:30,341.3,339.35,341.15,854202,20.301905905087096,349.3071428571429,-0.24637608581865322,388.4294313169701,363.2275000000001,338.02556868303003,50.4,5.0
194,339.95,2020-04-21 09:55:00+05:30,342.55,339.8,340.5,1604727,19.95829270289562,346.38571428571424,-0.3436132021914773,388.8386980369896,361.76750000000004,334.69630196301046,54.14,4.0
195,338.45,2020-04-21 10:05:00+05:30,340.4,338.0,339.75,1558695,19.08847363154952,343.0071428571428,-0.8698190713461003,388.82101082078344,360.1700000000001,331.5189891792167,57.3,3.0
196,338.6,2020-04-21 10:15:00+05:30,339.3,337.3,338.65,1127962,19.466452093753887,339.7857142857142,0.3779784622043678,387.974904741591,358.4500000000001,328.9250952584092,59.05,2.0
197,337.05,2020-04-21 10:25:00+05:30,338.7,336.0,338.6,1268945,18.50448801382413,339.34999999999997,-0.9619640799297571,386.89109017168136,356.67500000000007,326.4589098283188,60.43,1.0
198,337.6,2020-04-21 10:35:00+05:30,338.0,336.25,337.2,801473,20.014904757334108,339.0285714285714,1.5104167435099782,385.5126940705187,354.9850000000001,324.45730592948155,61.06,1.0
199,337.55,2020-04-21 10:45:00+05:30,338.5,337.0,337.7,989897,19.9786536468456,338.5357142857143,-0.036251110488507265,383.8453210567631,353.3225000000001,322.7996789432371,61.05,-0.0
200,337.2,2020-04-21 10:55:00+05:30,337.75,336.0,337.65,900884,19.709545332165803,338.0571428571428,-0.2691083146797979,381.7654206698263,351.6300000000001,321.4945793301739,60.27,-1.0
201,336.25,2020-04-21 11:05:00+05:30,337.3,336.1,337.3,325261,18.962913988040356,337.5285714285714,-0.7466313441254471,379.2024112939502,349.86250000000007,320.52258870604993,58.68,-2.0
202,335.4,2020-04-21 11:15:00+05:30,336.3,334.0,336.25,1408048,18.295116479085806,337.09285714285716,-0.6677975089545498,375.66813463276355,347.94250000000005,320.21686536723655,55.45,-3.0
203,332.1,2020-04-21 11:25:00+05:30,335.5,331.6,335.3,1557242,15.947100028091498,336.1642857142857,-2.348016450994308,371.047546027872,345.7625000000001,320.4774539721282,50.57,-5.0
204,334.0,2020-04-21 11:35:00+05:30,334.7,330.7,332.05,1978043,22.142782863655952,335.7285714285714,6.195682835564455,365.6716307499435,343.7500000000001,321.8283692500567,43.84,-7.0
205,334.25,2020-04-21 11:45:00+05:30,335.45,333.2,333.95,1139955,22.94759362199426,335.25,0.8048107583383057,362.6045642160264,342.30750000000006,322.0104357839737,40.59,-3.0
206,336.6,2020-04-21 11:55:00+05:30,337.5,334.1,334.25,1379567,30.246738023843747,335.1142857142857,7.299144401849489,359.03584829110224,341.00750000000005,322.97915170889786,36.06,-5.0
207,335.55,2020-04-21 12:05:00+05:30,336.7,334.95,336.7,870885,28.92814011810711,334.87857142857143,-1.3185979057366382,355.4372382776554,339.7650000000001,324.0927617223448,31.34,-5.0
208,336.45,2020-04-21 12:15:00+05:30,337.0,335.25,335.55,748345,31.67752366551747,334.90714285714284,2.7493835474103605,350.1437843474296,338.4825000000001,326.8212156525706,23.32,-8.0
209,335.05,2020-04-21 12:25:00+05:30,336.55,334.0,336.55,1486041,29.749603523615406,334.85714285714283,-1.9279201419020637,341.9862064679354,337.1775000000001,332.36879353206484,9.62,-14.0
210,334.0,2020-04-21 12:35:00+05:30,336.0,333.7,335.0,784806,28.355726246618318,335.12857142857143,-1.3938772769970882,341.67452534025466,336.87250000000006,332.07047465974546,9.6,-0.0
211,333.45,2020-04-21 12:45:00+05:30,334.9,333.0,333.95,936430,27.62557512278532,335.05,-0.7301511238329965,341.37202989627406,336.55250000000007,331.7329701037261,9.64,0.0
212,333.25,2020-04-21 12:55:00+05:30,334.5,333.0,333.45,773460,27.349785514844385,334.90714285714284,-0.2757896079409363,340.7177435337648,336.1650000000001,331.61225646623535,9.11,-1.0
213,333.3,2020-04-21 13:05:00+05:30,333.5,332.25,333.25,762725,27.544528779687695,334.4357142857143,0.19474326484331073,340.0279211873555,335.80250000000007,331.57707881264463,8.45,-1.0
214,330.25,2020-04-21 13:15:00+05:30,333.4,330.2,333.1,1215280,23.420382605414588,333.67857142857144,-4.124146174273108,339.75967526136213,335.31750000000005,330.87532473863797,8.88,0.0
215,333.05,2020-04-21 13:25:00+05:30,333.5,330.0,330.6,1465994,33.29459774853905,333.1928571428572,9.87421514312446,339.3419854480117,335.04750000000007,330.75301455198843,8.59,-0.0
216,332.15,2020-04-21 13:35:00+05:30,334.0,332.1,333.25,916115,31.87204466871269,332.77857142857147,-1.4225530798263577,338.86205972375564,334.725,330.5879402762444,8.27,-0.0
217,332.0,2020-04-21 13:45:00+05:30,333.25,331.3,332.15,885990,31.629484073934393,332.4928571428572,-0.24256059477829695,338.6284690744031,334.4725,330.31653092559696,8.31,0.0
218,332.1,2020-04-21 13:55:00+05:30,333.2,331.6,332.0,625063,32.00102453615679,332.30000000000007,0.37154046222239856,338.207418623669,334.19750000000005,330.1875813763311,8.02,-0.0
219,332.4,2020-04-21 14:05:00+05:30,333.0,332.05,332.1,408406,33.17426475908607,332.1785714285715,1.1732402229292802,337.6969024194807,333.94,330.1830975805193,7.51,-1.0
220,335.5,2020-04-21 14:15:00+05:30,335.85,332.3,332.45,1272056,43.938317654609705,332.4928571428572,10.764052895523633,337.37051448657087,333.855,330.33948551342917,7.03,-0.0
221,337.05,2020-04-21 14:25:00+05:30,338.15,335.1,335.6,1587198,48.412666540889525,333.4642857142858,4.47434888627982,337.54103605953026,333.89500000000004,330.2489639404698,7.29,0.0
222,333.75,2020-04-21 14:35:00+05:30,337.35,333.65,337.05,1160176,40.92393838196501,333.56428571428575,-7.488728158924516,337.38916045355535,333.81250000000006,330.23583954644477,7.15,-0.0
223,333.9,2020-04-21 14:45:00+05:30,336.0,332.5,333.75,1324322,41.367901104271546,333.81428571428575,0.4439627223065372,337.387124120789,333.90250000000003,330.41787587921107,6.97,-0.0
224,334.45,2020-04-21 14:55:00+05:30,335.55,332.8,333.9,1331186,43.05766624791449,334.1642857142857,1.6897651436429442,337.41807585766395,333.925,330.4319241423361,6.99,0.0
225,331.55,2020-04-21 15:05:00+05:30,335.0,331.5,334.5,1737135,37.00230956233906,334.08571428571435,-6.055356685575433,337.4355596639178,333.79,330.14444033608225,7.29,0.0
226,329.35,2020-04-21 15:15:00+05:30,332.95,329.1,331.6,2275535,33.18907313370799,333.65000000000003,-3.8132364286310647,337.3293855091279,333.4275,329.5256144908721,7.8,1.0
227,329.45,2020-04-21 15:25:00+05:30,330.0,328.05,329.35,894388,33.524415994601426,332.7857142857143,0.3353428608934337,337.27162482845864,333.1225,328.97337517154136,8.3,1.0
228,327.55,2020-04-22 09:15:00+05:30,328.8,323.6,326.0,2913141,30.40205708614222,331.42857142857144,-3.122358908459205,337.21488563724523,332.6775,328.1401143627548,9.07,1.0
229,329.4,2020-04-22 09:25:00+05:30,329.5,326.0,327.6,1574409,36.59436143176203,330.8071428571429,6.19230434561981,337.0132589565225,332.395,327.77674104347744,9.24,0.0
230,326.7,2020-04-22 09:35:00+05:30,331.5,326.7,329.75,1717957,32.104812159490706,329.7785714285714,-4.489549272271326,337.2312549093085,332.03,326.8287450906914,10.4,1.0
231,325.4,2020-04-22 09:45:00+05:30,327.0,324.0,326.9,1700564,30.184645517910965,328.4857142857143,-1.9201666415797405,337.56050092702054,331.62749999999994,325.69449907297934,11.87,1.0
232,325.15,2020-04-22 09:55:00+05:30,326.65,323.05,325.35,1355369,29.815336559028083,327.57142857142856,-0.3693089588828826,337.763824105459,331.22249999999997,324.68117589454096,13.08,1.0
233,325.15,2020-04-22 10:05:00+05:30,325.8,323.6,324.95,677067,29.815336559028083,326.9714285714286,0.0,337.8110214257463,330.81499999999994,323.8189785742536,13.99,1.0
234,325.35,2020-04-22 10:15:00+05:30,325.95,324.4,325.05,532677,30.603113210673996,326.3857142857143,0.7877766516459133,337.98026315322386,330.56999999999994,323.159736846776,14.82,1.0
235,327.95,2020-04-22 10:25:00+05:30,328.0,325.0,325.3,998672,40.027274402450324,326.4428571428571,9.424161191776328,337.71692720281794,330.31499999999994,322.91307279718194,14.8,-0.0
236,333.5,2020-04-22 10:35:00+05:30,335.15,327.9,327.9,3501578,54.29540062591646,327.0285714285714,14.268126223466133,337.87890440127103,330.38249999999994,322.88609559872884,14.99,0.0
237,331.0,2020-04-22 10:45:00+05:30,334.55,331.0,333.55,1542713,48.67751069858252,327.64285714285717,-5.617889927333934,337.7967498829967,330.3324999999999,322.86825011700313,14.93,-0.0
238,332.3,2020-04-22 10:55:00+05:30,333.35,330.6,331.0,887433,51.48840040917852,328.62857142857143,2.810889710595994,337.8172487195945,330.3424999999999,322.86775128040534,14.95,0.0
239,334.0,2020-04-22 11:05:00+05:30,334.0,331.85,332.3,800652,54.96219074487081,329.89285714285717,3.473790335692293,338.0231561351135,330.42249999999996,322.82184386488643,15.2,0.0
240,333.4,2020-04-22 11:15:00+05:30,336.4,333.2,334.0,1749504,53.50590455695072,331.07142857142856,-1.4562861879200923,337.6770104957374,330.31749999999994,322.95798950426246,14.72,-0.0
241,330.7,2020-04-22 11:25:00+05:30,333.55,330.5,333.4,1177895,47.41731310342661,331.8357142857143,-6.08859145352411,336.65028689527753,329.9999999999999,323.34971310472224,13.3,-1.0
242,331.75,2020-04-22 11:35:00+05:30,333.0,329.15,330.7,1112973,49.80924636654486,332.37857142857143,2.391933263118254,336.37058119898506,329.8999999999999,323.4294188010148,12.94,-0.0
243,331.15,2020-04-22 11:45:00+05:30,332.9,330.6,331.7,603978,48.45289366234361,332.04285714285714,-1.3563527042012495,335.98739695539535,329.76249999999993,323.5376030446045,12.45,-0.0
244,332.2,2020-04-22 11:55:00+05:30,332.4,330.75,331.25,580674,50.96914966611576,332.2142857142857,2.516256003772149,335.59315174226657,329.6499999999999,323.70684825773327,11.89,-1.0
245,331.55,2020-04-22 12:05:00+05:30,333.5,331.55,332.4,661005,49.36273203293399,332.10714285714283,-1.6064176331817706,335.59315174226657,329.6499999999999,323.70684825773327,11.89,0.0
246,331.2,2020-04-22 12:15:00+05:30,332.6,331.1,331.7,407151,48.47675194998097,331.70714285714286,-0.8859800829530187,335.72345882121584,329.7424999999999,323.76154117878394,11.96,0.0
247,332.65,2020-04-22 12:25:00+05:30,332.9,331.0,331.2,477656,52.29670308531468,331.59999999999997,3.81995113533371,336.0201599413437,329.90249999999986,323.784840058656,12.24,0.0
248,331.7,2020-04-22 12:35:00+05:30,332.95,331.5,332.65,609260,49.69699269636123,331.74285714285713,-2.5997103889534543,336.17296783328055,330.10999999999984,324.04703216671913,12.13,-0.0
249,332.3,2020-04-22 12:45:00+05:30,332.45,331.25,331.75,409765,51.3421810467096,331.82142857142856,1.64518835034837,336.3848149710227,330.2549999999999,324.12518502897706,12.26,0.0
250,333.3,2020-04-22 12:55:00+05:30,334.0,331.8,332.25,779558,54.04013101076558,332.12857142857143,2.6979499640559794,336.61886059536,330.5849999999999,324.55113940463986,12.07,-0.0
251,330.85,2020-04-22 13:05:00+05:30,333.7,330.5,333.5,839527,47.14326653802781,331.9357142857143,-6.896864472737768,336.3756304042151,330.85749999999996,325.33936959578483,11.04,-1.0
252,330.0,2020-04-22 13:15:00+05:30,331.45,328.4,330.95,1209862,44.997600255332806,331.7142857142857,-2.1456662826950037,335.9475712855459,331.09999999999997,326.252428714454,9.7,-1.0
253,327.35,2020-04-22 13:25:00+05:30,330.0,326.15,330.0,1511607,39.032943699168236,331.1642857142857,-5.96465655616457,335.5637763402684,331.21,326.85622365973154,8.71,-1.0
254,325.45,2020-04-22 13:35:00+05:30,327.85,324.7,327.25,1489001,35.40884315881671,330.13571428571424,-3.6241005403515274,335.5405787565337,331.215,326.88942124346624,8.65,-0.0
255,326.0,2020-04-22 13:45:00+05:30,327.3,324.1,325.6,1671017,37.22579707017955,329.32142857142856,1.8169539113628446,335.8240771449197,331.11749999999995,326.4109228550802,9.41,1.0
256,328.0,2020-04-22 13:55:00+05:30,328.35,325.95,326.05,1381622,43.45480060939158,328.70714285714286,6.22900353921203,335.6053247920775,330.8425,326.07967520792243,9.53,0.0
257,329.7,2020-04-22 14:05:00+05:30,330.85,327.7,328.1,1638732,48.16325832711525,328.19285714285706,4.708457717723668,335.56668463558384,330.7775,325.9883153644161,9.58,0.0
258,332.3,2020-04-22 14:15:00+05:30,333.5,329.55,329.6,1925303,54.41516431301026,328.4,6.251905985895007,335.56668463558384,330.7775,325.9883153644161,9.58,0.0
259,332.95,2020-04-22 14:25:00+05:30,333.4,330.6,332.35,1085133,55.848810053191805,328.8214285714285,1.4336457401815466,335.3867706146041,330.72499999999997,326.06322938539586,9.32,-0.0
260,336.45,2020-04-22 14:35:00+05:30,337.05,333.0,333.05,2052280,62.658834820284454,330.1214285714285,6.810024767092649,336.07633337115936,330.87749999999994,325.6786666288405,10.4,1.0
261,335.2,2020-04-22 14:45:00+05:30,338.0,335.2,336.85,1815811,59.14981118820249,331.5142857142856,-3.5090236320819628,336.6470065273302,331.10249999999996,325.55799347266975,11.09,1.0
262,335.05,2020-04-22 14:55:00+05:30,336.85,334.85,335.15,1481866,58.724808655432966,332.8071428571428,-0.4250025327695255,337.08293092488714,331.2675,325.45206907511283,11.63,1.0
263,336.5,2020-04-22 15:05:00+05:30,337.5,334.35,335.05,1817012,61.59731607994061,334.02142857142854,2.8725074245076456,337.8023002665907,331.53499999999997,325.26769973340924,12.53,1.0
264,336.0,2020-04-22 15:15:00+05:30,337.0,335.2,336.35,1693816,60.045503594884515,334.9214285714285,-1.5518124850560966,338.30003251943356,331.725,325.1499674805665,13.15,1.0
265,336.1,2020-04-22 15:25:00+05:30,336.8,335.9,336.0,655078,60.26113281588595,335.46428571428567,0.21562922100143567,338.81080077159885,331.9525,325.0941992284011,13.72,1.0
266,342.45,2020-04-23 09:15:00+05:30,343.0,338.05,340.25,3319885,70.97367265817405,336.8214285714285,10.712539842288102,340.80863103770014,332.515,324.22136896229983,16.59,3.0
267,342.5,2020-04-23 09:25:00+05:30,345.0,341.8,342.7,2111033,71.03987272016253,337.68571428571425,0.06620006198848216,342.42815340230425,333.00750000000005,323.58684659769585,18.84,2.0
268,341.7,2020-04-23 09:35:00+05:30,343.75,340.7,342.65,1302142,68.35370555129649,338.6142857142857,-2.6861671688660493,343.6683782774154,333.50750000000005,323.3466217225847,20.32,1.0
269,342.8,2020-04-23 09:45:00+05:30,343.6,341.6,341.75,1033137,70.03166279519375,339.72142857142853,1.6779572438972679,344.98489819929046,334.0325,323.0801018007096,21.9,2.0
270,343.15,2020-04-23 09:55:00+05:30,343.8,342.25,342.85,673904,70.5664254568976,340.6714285714285,0.5347626617038514,346.20068323257357,334.525,322.8493167674264,23.35,1.0
271,342.4,2020-04-23 10:05:00+05:30,343.1,341.55,343.1,651456,67.77549490750744,341.5857142857143,-2.7909305493901684,347.1494902334252,335.10249999999996,323.05550976657474,24.09,1.0
272,342.7,2020-04-23 10:15:00+05:30,343.0,341.75,342.4,741640,68.31531003065692,342.5285714285714,0.5398151231494808,347.98915402367453,335.73749999999995,323.4858459763254,24.5,0.0
273,343.2,2020-04-23 10:25:00+05:30,343.5,341.2,342.75,735702,69.24017035725342,342.63571428571424,0.9248603265965016,348.5454900024939,336.5299999999999,324.5145099975059,24.03,-0.0
274,344.85,2020-04-23 10:35:00+05:30,345.0,342.9,342.95,1313261,72.13114593424811,342.97142857142853,2.890975576994691,348.8638855475086,337.49999999999994,326.1361144524913,22.73,-1.0
275,344.2,2020-04-23 10:45:00+05:30,346.0,343.35,344.9,1092634,69.36536812315312,343.32857142857137,-2.765777811094992,348.7666200542166,338.40999999999997,328.0533799457833,20.71,-2.0
276,344.25,2020-04-23 10:55:00+05:30,344.5,343.15,344.25,551896,69.4623679914794,343.5357142857142,0.09699986832627872,348.6483030510895,339.22249999999997,329.79669694891044,18.85,-2.0
277,342.4,2020-04-23 11:05:00+05:30,344.35,341.65,344.3,871145,61.68035819292473,343.4285714285714,-7.782009798554668,348.2350561692211,339.85749999999996,331.47994383077884,16.76,-2.0
278,343.95,2020-04-23 11:15:00+05:30,344.5,341.6,342.45,762991,65.19829006674789,343.6499999999999,3.5179318738231586,348.20250095347274,340.43999999999994,332.67749904652715,15.53,-1.0
279,344.8,2020-04-23 11:25:00+05:30,345.15,343.3,344.1,753267,66.98810587091826,343.94999999999993,1.7898158041703738,348.17181111228024,341.0324999999999,333.8931888877196,14.28,-1.0
280,345.75,2020-04-23 11:35:00+05:30,346.8,344.25,344.55,1241961,68.91245365607351,344.3142857142857,1.9243477851552484,348.59141696418635,341.49749999999995,334.40358303581354,14.19,-0.0
281,346.25,2020-04-23 11:45:00+05:30,346.6,345.25,345.7,833494,69.90674435678503,344.5142857142857,0.9942907007115167,348.79123212227194,342.04999999999995,335.308767877728,13.48,-1.0
282,347.4,2020-04-23 11:55:00+05:30,348.3,345.8,346.25,1259275,72.11575751151571,344.9714285714286,2.209013154730684,348.9562765524266,342.6674999999999,336.37872344757324,12.58,-1.0
283,347.95,2020-04-23 12:05:00+05:30,348.4,346.35,347.45,880998,73.13158668366493,345.5,1.0158291721492247,349.24294664486433,343.2399999999999,337.23705335513546,12.01,-1.0
284,348.25,2020-04-23 12:15:00+05:30,349.0,347.45,347.95,851291,73.69451283845999,346.3357142857143,0.5629261547950506,349.21017771766384,343.8524999999999,338.494822282336,10.72,-1.0
285,348.8,2020-04-23 12:25:00+05:30,349.8,347.7,348.05,1026507,74.73942262793386,347.02857142857147,1.044909789473877,348.9041997681687,344.4874999999999,340.0708002318311,8.83,-2.0
286,351.15,2020-04-23 12:35:00+05:30,351.4,348.5,348.8,1454902,78.64299818268228,347.9357142857143,3.9035755547484143,350.1360930634847,344.9224999999999,339.7089069365151,10.43,2.0
287,349.15,2020-04-23 12:45:00+05:30,351.2,349.0,351.1,1057349,68.88637631880174,348.42142857142863,-9.75662186388054,350.6626845906187,345.2549999999999,339.84731540938105,10.82,0.0
288,349.05,2020-04-23 12:55:00+05:30,350.6,348.1,349.0,1078294,68.42925036309092,348.8214285714286,-0.45712595571082204,351.01191213472595,345.6224999999999,340.23308786527383,10.78,-0.0
289,348.7,2020-04-23 13:05:00+05:30,349.15,347.0,349.0,1666799,66.75943699088191,349.00714285714287,-1.6698133722090063,351.3023007342339,345.9174999999999,340.5326992657659,10.77,-0.0
290,347.2,2020-04-23 13:15:00+05:30,348.75,346.55,348.7,1284330,60.001751459241284,348.90000000000003,-6.757685531640625,351.3695012294438,346.1199999999999,340.87049877055597,10.5,-0.0
291,347.05,2020-04-23 13:25:00+05:30,348.95,346.9,347.0,987659,59.35472020691842,348.72857142857146,-0.6470312523228614,351.3121768782734,346.3524999999999,341.3928231217264,9.92,-1.0
292,347.0,2020-04-23 13:35:00+05:30,347.2,345.6,347.05,1321686,59.125843231026565,348.4714285714286,-0.22887697589185763,351.2240488689006,346.56749999999994,341.9109511310993,9.31,-1.0
293,349.45,2020-04-23 13:45:00+05:30,349.5,346.9,347.1,1143746,66.03677400685504,348.2285714285714,6.910930775828476,351.4224778770178,346.87999999999994,342.3375221229821,9.08,-0.0
294,351.35,2020-04-23 13:55:00+05:30,351.35,348.6,349.45,1179286,70.2392378489509,348.5428571428571,4.202463842095867,352.055599528874,347.2049999999999,342.35440047112587,9.7,1.0
295,352.0,2020-04-23 14:05:00+05:30,352.4,349.75,351.5,1666944,71.536785841302,348.96428571428567,1.2975479923510989,352.6770530455647,347.5949999999999,342.5129469544351,10.16,0.0
296,352.2,2020-04-23 14:15:00+05:30,354.2,351.75,351.9,1729280,71.94214056527068,349.46428571428567,0.4053547239686708,353.21464666487964,347.99249999999995,342.77035333512026,10.44,0.0
297,353.15,2020-04-23 14:25:00+05:30,353.7,350.0,352.15,1548134,73.84736050612047,350.3142857142857,1.9052199408497899,353.53698459523116,348.5299999999999,343.52301540476867,10.01,-0.0
298,353.75,2020-04-23 14:35:00+05:30,353.95,351.5,352.95,1136643,75.0019028437285,351.27142857142854,1.154542337608035,354.05779400343977,349.0199999999999,343.9822059965601,10.08,0.0
299,352.65,2020-04-23 14:45:00+05:30,354.3,352.2,353.9,971823,68.98879473614036,352.07857142857137,-6.013108107588138,354.2864776255927,349.4124999999999,344.53852237440714,9.75,-0.0
300,352.95,2020-04-23 14:55:00+05:30,353.95,352.65,352.75,1089440,69.70222370135889,352.57857142857137,0.713428965218526,354.57046832003317,349.7724999999999,344.9745316799667,9.6,-0.0
301,354.25,2020-04-23 15:05:00+05:30,354.7,352.75,353.0,2153303,72.63961056124354,352.99285714285713,2.937386859884654,355.06690873264046,350.1724999999999,345.27809126735934,9.79,0.0
302,351.45,2020-04-23 15:15:00+05:30,354.25,351.3,354.2,1865546,59.30347759518941,352.91428571428565,-13.33613296605413,355.1192485956033,350.3749999999999,345.63075140439645,9.49,-0.0
303,351.25,2020-04-23 15:25:00+05:30,351.95,350.65,351.45,559924,58.47762453960597,352.7785714285714,-0.825853055583444,355.15697098243794,350.5399999999999,345.9230290175619,9.23,-0.0
304,337.75,2020-04-24 09:15:00+05:30,338.9,335.7,337.9,2708032,29.06003083373662,350.57857142857137,-29.41759370586935,357.3287289790496,350.01499999999993,342.7012710209503,14.63,5.0
305,335.2,2020-04-24 09:25:00+05:30,338.15,333.7,337.95,1910700,26.362338315585703,347.9285714285714,-2.697692518150916,359.2061754752511,349.3349999999999,339.46382452474876,19.74,5.0
306,337.8,2020-04-24 09:35:00+05:30,339.3,334.95,335.15,1692389,33.17409428796384,345.8071428571428,6.811755972378137,359.7527331836945,348.6674999999999,337.5822668163053,22.17,2.0
307,339.25,2020-04-24 09:45:00+05:30,339.85,336.9,338.0,1210811,36.6913311148494,343.84999999999997,3.517236826885558,360.02463616100437,348.17249999999996,336.32036383899555,23.7,2.0
308,339.3,2020-04-24 09:55:00+05:30,340.55,338.35,339.25,1115701,36.81482874123659,341.7142857142857,0.12349762638719142,360.1703219084625,347.68499999999995,335.1996780915374,24.97,1.0
309,337.85,2020-04-24 10:05:00+05:30,339.35,337.5,339.25,902722,34.70076921570376,339.7714285714286,-2.1140595255328307,360.36334777121016,347.1425,333.9216522287898,26.44,1.0
310,337.9,2020-04-24 10:15:00+05:30,339.6,337.5,337.8,713664,34.839720974368305,337.86428571428576,0.1389517586645468,360.52898576488366,346.67749999999995,332.82601423511625,27.7,1.0
311,337.0,2020-04-24 10:25:00+05:30,338.25,336.45,337.9,818934,33.45954884932475,337.75714285714287,-1.3801721250435577,360.6832009476323,346.17499999999995,331.6667990523676,29.02,1.0
312,336.5,2020-04-24 10:35:00+05:30,337.45,336.0,337.0,713584,32.68487727458812,337.9428571428572,-0.7746715747366295,360.779128405689,345.65,330.52087159431096,30.26,1.0
313,336.1,2020-04-24 10:45:00+05:30,337.5,336.0,336.6,747230,32.045670205975824,337.7,-0.6392070686122935,360.57657022928345,344.98249999999996,329.38842977071647,31.19,1.0
314,335.1,2020-04-24 10:55:00+05:30,336.2,335.0,336.15,1026593,30.442780223403886,337.10714285714283,-1.6028899825719378,360.0577443664186,344.16999999999996,328.2822556335813,31.78,1.0
315,337.15,2020-04-24 11:05:00+05:30,337.5,335.05,335.1,744065,37.359900669512335,336.8,6.917120446108449,359.16175612444096,343.42749999999995,327.69324387555895,31.47,-0.0
316,338.1,2020-04-24 11:15:00+05:30,338.65,336.0,337.1,776424,40.32168936713924,336.8357142857143,2.9617886976269077,358.06029216253387,342.72249999999997,327.38470783746607,30.68,-1.0
317,336.55,2020-04-24 11:25:00+05:30,338.1,336.35,337.9,569101,37.22874041169221,336.64285714285717,-3.092948955447035,356.63960587128815,341.89250000000004,327.1453941287119,29.49,-1.0
318,336.7,2020-04-24 11:35:00+05:30,336.95,335.4,336.5,512316,37.726570408699054,336.59999999999997,0.49782999700684627,354.84192968964584,341.04,327.2380703103542,27.6,-2.0
319,337.35,2020-04-24 11:45:00+05:30,337.8,336.2,336.7,617462,39.94909490682238,336.72142857142853,2.2225244981233274,353.02327129663723,340.27500000000003,327.52672870336283,25.5,-2.0
320,336.45,2020-04-24 11:55:00+05:30,337.55,335.95,337.4,419548,37.930513225822814,336.77142857142854,-2.018581680999567,350.8038771490545,339.45000000000005,328.0961228509456,22.71,-3.0
321,337.2,2020-04-24 12:05:00+05:30,337.3,336.4,336.4,557829,40.62304444077837,337.0714285714285,2.692531214955558,347.5865269363924,338.5975,329.6084730636077,17.98,-5.0
322,339.1,2020-04-24 12:15:00+05:30,340.25,336.6,337.2,1125018,46.90653132299915,337.3499999999999,6.283486882220778,344.6488908570457,337.9800000000001,331.3111091429544,13.34,-5.0
323,340.7,2020-04-24 12:25:00+05:30,341.5,338.55,339.25,1698558,51.555712047367486,337.7214285714285,4.649180724368335,340.24317526256306,337.45250000000004,334.66182473743703,5.58,-8.0
324,341.05,2020-04-24 12:35:00+05:30,343.0,340.55,340.7,1448892,52.534847895268676,338.3642857142856,0.9791358479011905,340.8391823000002,337.61750000000006,334.39581769999995,6.44,1.0
325,339.7,2020-04-24 12:45:00+05:30,341.25,339.0,341.15,1049118,48.465857343576396,338.79285714285703,-4.068990551692281,340.9807655283365,337.8425000000001,334.70423447166365,6.28,-0.0
326,338.35,2020-04-24 12:55:00+05:30,339.9,337.75,339.7,943485,44.73450292823236,338.9357142857142,-3.731354415344036,341.01632617843126,337.87000000000006,334.72367382156887,6.29,0.0
327,339.5,2020-04-24 13:05:00+05:30,340.15,338.0,338.25,664334,48.380318360514245,339.3714285714285,3.6458154322818856,341.0537980905264,337.88250000000005,334.7112019094737,6.34,0.0
328,339.45,2020-04-24 13:15:00+05:30,340.0,338.7,339.3,645103,48.231338774643596,339.69285714285706,-0.14897958587064863,341.0760881806325,337.89000000000004,334.7039118193676,6.37,0.0
329,339.7,2020-04-24 13:25:00+05:30,341.45,339.25,339.25,725954,49.07571819769623,339.77857142857135,0.8443794230526365,341.26951992692915,337.9825,334.6954800730709,6.57,0.0
330,339.65,2020-04-24 13:35:00+05:30,341.0,339.0,339.8,652981,48.90391587852069,339.6285714285714,-0.17180231917554067,341.4398977026529,338.07000000000005,334.7001022973472,6.74,0.0
331,336.85,2020-04-24 13:45:00+05:30,339.55,336.6,339.55,948964,40.37899148133333,339.02857142857135,-8.524924397187363,341.44307531697103,338.06250000000006,334.6819246830291,6.76,0.0
332,335.1,2020-04-24 13:55:00+05:30,337.85,335.0,336.9,1226137,36.13880122737835,338.3714285714285,-4.240190253954978,341.5620016606373,337.99250000000006,334.42299833936283,7.14,0.0
333,334.8,2020-04-24 14:05:00+05:30,335.65,333.0,335.1,1596817,35.451522881148364,337.8642857142857,-0.6872783462299878,341.6845249988701,337.92750000000007,334.17047500113006,7.51,0.0
334,332.6,2020-04-24 14:15:00+05:30,335.45,331.5,334.8,1234851,30.822281648054883,336.8785714285714,-4.629241233093481,342.0852038925903,337.80250000000007,333.51979610740983,8.57,1.0
335,333.2,2020-04-24 14:25:00+05:30,334.5,332.05,332.5,984989,33.3773927815881,335.9857142857142,2.5551111335332166,342.35339585101366,337.6050000000001,332.8566041489865,9.5,1.0
336,334.3,2020-04-24 14:35:00+05:30,335.0,332.2,333.2,1210059,37.905559388563994,335.2142857142857,4.528166606975894,342.37919813846344,337.4150000000001,332.4508018615367,9.93,0.0
337,334.35,2020-04-24 14:45:00+05:30,335.75,333.15,334.25,865803,38.11146726623204,334.45714285714286,0.20590787766804652,342.444311852361,337.30500000000006,332.1656881476391,10.28,0.0
338,333.55,2020-04-24 14:55:00+05:30,334.5,332.85,334.35,875867,36.05155415962781,333.9857142857143,-2.0599131066042276,342.55115129967226,337.1475000000001,331.74384870032793,10.81,1.0
339,334.5,2020-04-24 15:05:00+05:30,334.85,333.5,333.55,1125575,40.18597393314182,333.90000000000003,4.134419773514004,342.5350042828599,337.00500000000005,331.4749957171402,11.06,0.0
340,335.6,2020-04-24 15:15:00+05:30,335.65,334.35,334.4,630857,44.64837607186674,334.0142857142857,4.462402138724926,342.5234422715397,336.9625000000001,331.4015577284605,11.12,0.0
