,close,date,high,low,open,volume,RSI_14,sma_7,RSI_Trend,ub,mb,lb,band_diff,band_diff_trend
0,183.1,2020-04-13 09:15:00+05:30,184.85,182.1,184.5,792417,0.0,0.0,,,,,,
1,182.55,2020-04-13 09:25:00+05:30,183.25,182.5,183.0,621826,0.0,0.0,0.0,,,,,
2,182.8,2020-04-13 09:35:00+05:30,183.45,182.55,182.55,556478,3.3783783783784855,0.0,3.3783783783784855,,,,,
3,182.65,2020-04-13 09:45:00+05:30,183.2,182.55,182.75,554170,3.3062054933876794,0.0,-0.0721728849908061,,,,,
4,183.55,2020-04-13 09:55:00+05:30,183.65,182.5,182.6,570517,15.034724609778351,0.0,11.728519116390672,,,,,
5,183.5,2020-04-13 10:05:00+05:30,184.55,183.35,183.7,485831,14.926403789299428,0.0,-0.108320820478923,,,,,
6,183.25,2020-04-13 10:15:00+05:30,183.7,183.0,183.5,238581,14.368965676806994,183.05714285714288,-0.5574381124924344,,,,,
7,183.15,2020-04-13 10:25:00+05:30,183.5,183.0,183.25,403362,14.141466104734192,183.06428571428575,-0.22749957207280147,,,,,
8,183.8,2020-04-13 10:35:00+05:30,184.2,182.85,183.2,541360,22.707689687730337,183.2428571428572,8.566223582996145,,,,,
9,183.75,2020-04-13 10:45:00+05:30,184.0,183.35,183.8,320289,22.52154720971079,183.37857142857146,-0.18614247801954775,,,,,
10,183.8,2020-04-13 10:55:00+05:30,183.95,183.5,183.75,376952,23.19953376279409,183.54285714285717,0.6779865530833007,,,,,
11,184.05,2020-04-13 11:05:00+05:30,184.25,183.8,183.8,383702,26.655445966094973,183.61428571428573,3.4559122033008833,,,,,
12,184.3,2020-04-13 11:15:00+05:30,184.6,183.95,184.1,666948,30.045444638604422,183.72857142857146,3.3899986725094493,,,,,
13,185.35,2020-04-13 11:25:00+05:30,185.35,184.15,184.4,648001,42.141247388895195,184.02857142857144,12.095802750290773,,,,,
14,185.6,2020-04-13 11:35:00+05:30,186.6,185.0,185.3,931835,44.597556439772134,184.3785714285714,2.456309050876939,,,,,
15,185.1,2020-04-13 11:45:00+05:30,186.3,185.0,185.6,468567,40.861267492098065,184.5642857142857,-3.736288947674069,,,,,
16,184.7,2020-04-13 11:55:00+05:30,185.5,184.5,185.05,503515,38.11053057026982,184.7,-2.750736921828242,,,,,
17,185.05,2020-04-13 12:05:00+05:30,185.25,184.55,184.7,298588,41.80230968319506,184.8785714285714,3.6917791129252393,,,,,
18,185.2,2020-04-13 12:15:00+05:30,185.4,184.9,185.05,276793,43.3616378819562,185.04285714285714,1.5593281987611363,,,,,
19,184.6,2020-04-13 12:25:00+05:30,185.25,184.35,185.25,540088,38.87476065374668,185.08571428571426,-4.486877228209522,185.89160643808026,183.9925,182.09339356191975,3.8,
20,184.05,2020-04-13 12:35:00+05:30,184.8,184.0,184.6,345411,35.27177941746287,184.9,-3.60298123628381,185.89205433590863,184.04000000000002,182.18794566409142,3.7,-0.0
21,183.75,2020-04-13 12:45:00+05:30,184.3,183.5,184.05,596264,33.45064494031821,184.6357142857143,-1.8211344771446534,185.8219939482747,184.1,182.3780060517253,3.44,-0.0
22,183.6,2020-04-13 12:55:00+05:30,183.9,183.5,183.75,393612,32.545820021133025,184.42142857142858,-0.904824919185188,185.7695301227816,184.14,182.51046987721838,3.26,-0.0
23,182.9,2020-04-13 13:05:00+05:30,183.95,182.9,183.6,429811,28.650969112266935,184.16428571428574,-3.89485090886609,185.7371218210631,184.15249999999997,182.56787817893684,3.17,-0.0
24,182.55,2020-04-13 13:15:00+05:30,183.65,182.55,182.9,333975,26.91649127999358,183.80714285714288,-1.734477832273356,185.82433347810283,184.1025,182.38066652189715,3.44,0.0
25,182.7,2020-04-13 13:25:00+05:30,183.15,182.1,182.6,491405,28.902991701951862,183.45000000000002,1.986500421958283,185.87789469392655,184.06249999999997,182.2471053060734,3.63,0.0
26,183.05,2020-04-13 13:35:00+05:30,183.1,182.35,182.65,280884,33.44856009962402,183.22857142857146,4.545568397672156,185.8888221251644,184.05249999999998,182.21617787483555,3.67,0.0
27,182.6,2020-04-13 13:45:00+05:30,183.35,182.35,183.05,305670,30.72833379874865,183.02142857142857,-2.7202263008753675,185.93329215461583,184.02499999999998,182.11670784538413,3.82,0.0
28,182.75,2020-04-13 13:55:00+05:30,183.15,182.5,182.5,247429,32.69327472393536,182.87857142857143,1.9649409251867098,185.9628649493444,183.97249999999997,181.98213505065553,3.98,0.0
29,182.0,2020-04-13 14:05:00+05:30,183.0,181.55,182.85,514584,28.36139715805038,182.65000000000003,-4.33187756588498,186.0616947420343,183.88499999999996,181.70830525796563,4.35,0.0
30,182.15,2020-04-13 14:15:00+05:30,182.3,181.55,181.95,282885,30.349134275310945,182.54285714285717,1.987737117260565,186.11367992194002,183.80249999999995,181.49132007805989,4.62,0.0
31,182.95,2020-04-13 14:25:00+05:30,183.0,182.15,182.15,340113,39.923307221004386,182.60000000000005,9.57417294569344,186.08607243903867,183.74749999999995,181.40892756096122,4.68,0.0
32,182.95,2020-04-13 14:35:00+05:30,183.15,182.65,182.95,340712,39.923307221004386,182.63571428571433,0.0,186.02933361212328,183.67999999999992,181.33066638787656,4.7,0.0
33,182.65,2020-04-13 14:45:00+05:30,183.25,182.3,183.0,460591,37.67122067127376,182.57857142857148,-2.2520865497306275,185.79862865292017,183.54499999999993,181.2913713470797,4.51,-0.0
34,181.65,2020-04-13 14:55:00+05:30,182.9,181.6,182.6,368901,31.327455278517846,182.44285714285724,-6.343765392755913,185.5341761606554,183.34749999999994,181.1608238393445,4.37,-0.0
35,181.65,2020-04-13 15:05:00+05:30,181.95,181.55,181.65,542326,31.327455278517846,182.2857142857144,0.0,185.32356133016336,183.17499999999995,181.02643866983655,4.3,-0.0
36,181.4,2020-04-13 15:15:00+05:30,181.8,181.05,181.7,944202,29.869082087341283,182.2000000000001,-1.4583731911765625,185.17226002623468,183.00999999999996,180.84773997376524,4.32,0.0
37,181.9,2020-04-13 15:25:00+05:30,181.9,181.4,181.45,277901,36.2600943233729,182.16428571428582,6.391012236031614,184.84101306521382,182.85249999999996,180.8639869347861,3.98,-0.0
38,184.8,2020-04-15 09:15:00+05:30,185.55,183.0,184.05,2168344,59.38090460118868,182.42857142857153,23.120810277815785,184.72744479852938,182.83249999999998,180.9375552014706,3.79,-0.0
39,184.5,2020-04-15 09:25:00+05:30,185.2,184.0,184.9,1277556,57.074468385386986,182.6500000000001,-2.306436215801696,184.7032384510752,182.8275,180.95176154892476,3.75,-0.0
40,184.9,2020-04-15 09:35:00+05:30,185.1,184.25,184.55,961838,59.34205301563588,182.97142857142867,2.2675846302488907,184.8949496419989,182.86999999999998,180.84505035800106,4.05,0.0
41,186.0,2020-04-15 09:45:00+05:30,186.25,184.6,184.95,1532885,64.84233793441098,183.5928571428572,5.500284918775101,185.42106623103777,182.9825,180.5439337689622,4.88,1.0
42,187.3,2020-04-15 09:55:00+05:30,188.05,185.9,186.0,2050974,70.00652410657119,184.40000000000006,5.164186172160214,186.2733984631114,183.1675,180.0616015368886,6.21,1.0
43,190.0,2020-04-15 10:05:00+05:30,190.4,186.8,187.3,2335923,77.42371526718071,185.62857142857146,7.417191160609519,187.8732379894256,183.52249999999998,179.17176201057435,8.7,2.0
44,191.2,2020-04-15 10:15:00+05:30,191.5,190.0,190.0,2186390,79.81309206123424,186.95714285714288,2.3893767940535326,189.46421715711136,183.95499999999998,178.4457828428886,11.02,2.0
45,192.05,2020-04-15 10:25:00+05:30,192.5,191.0,191.2,1876399,81.32110706820197,187.9928571428572,1.5080150069677245,190.97194553699813,184.42249999999999,177.87305446300184,13.1,2.0
46,192.05,2020-04-15 10:35:00+05:30,193.7,192.0,192.0,1706338,81.32110706820197,189.0714285714286,0.0,192.21376584524262,184.8725,177.53123415475739,14.68,2.0
47,191.9,2020-04-15 10:45:00+05:30,192.1,191.4,192.1,1257246,80.09651572416347,190.0714285714286,-1.224591344038501,193.2301264723208,185.3375,177.44487352767922,15.79,1.0
48,191.8,2020-04-15 10:55:00+05:30,192.55,191.4,191.8,1908478,79.23982349639019,190.90000000000003,-0.85669222777328,194.08543945728456,185.79000000000002,177.49456054271548,16.59,1.0
49,190.95,2020-04-15 11:05:00+05:30,191.8,190.85,191.7,1141249,72.17351389071949,191.4214285714286,-7.066309605670696,194.63705355956492,186.2375,177.8379464404351,16.8,0.0
50,190.85,2020-04-15 11:15:00+05:30,191.5,190.85,191.0,856397,71.36718267573855,191.54285714285717,-0.8063312149809434,195.08186038621622,186.67249999999999,178.26313961378375,16.82,0.0
51,191.2,2020-04-15 11:25:00+05:30,191.35,190.8,190.9,1027754,72.52419702138839,191.54285714285717,1.1570143456498414,195.53479601124064,187.08499999999998,178.63520398875932,16.9,0.0
52,191.05,2020-04-15 11:35:00+05:30,191.9,191.0,191.2,1005416,71.19637327651539,191.40000000000003,-1.327823744873001,195.88157472205242,187.49,179.0984252779476,16.78,-0.0
53,190.05,2020-04-15 11:45:00+05:30,191.25,189.3,191.05,1638331,62.925058414370326,191.11428571428573,-8.271314862145061,196.00187357204456,187.86,179.71812642795547,16.28,-0.0
54,190.15,2020-04-15 11:55:00+05:30,190.55,189.25,190.05,995264,63.38318128695106,190.86428571428573,0.4581228725807307,195.93449946762945,188.28500000000003,180.6355005323706,15.3,-1.0
55,191.15,2020-04-15 12:05:00+05:30,191.35,190.0,190.2,741270,67.6835861500524,190.77142857142863,4.300404863101349,195.8328241958402,188.76000000000002,181.68717580415984,14.15,-1.0
56,190.55,2020-04-15 12:15:00+05:30,191.4,189.9,191.2,964037,62.90959553252771,190.71428571428575,-4.773990617524696,195.41540074817354,189.21750000000003,183.01959925182652,12.4,-2.0
57,189.95,2020-04-15 12:25:00+05:30,190.8,189.95,190.55,745476,58.46836009744325,190.58571428571435,-4.441235435084458,194.77480358500682,189.62,184.4651964149932,10.31,-2.0
58,190.5,2020-04-15 12:35:00+05:30,190.7,189.95,190.0,664485,61.1742078157387,190.48571428571432,2.705847718295445,194.54202490827893,189.905,185.26797509172107,9.27,-1.0
59,189.75,2020-04-15 12:45:00+05:30,190.5,189.7,190.5,820689,55.832337511800255,190.30000000000004,-5.3418703039384425,194.04907252452625,190.1675,186.28592747547373,7.76,-2.0
60,189.85,2020-04-15 12:55:00+05:30,190.1,189.65,189.75,598576,56.37927946901107,190.27142857142863,0.5469419572108123,193.41308710943972,190.415,187.41691289056027,6.0,-2.0
61,190.15,2020-04-15 13:05:00+05:30,190.55,189.7,189.95,909359,58.05730697313022,190.27142857142863,1.6780275041191501,192.7946866256934,190.6225,188.4503133743066,4.34,-2.0
62,189.95,2020-04-15 13:15:00+05:30,190.85,189.9,190.2,753819,56.49694754873641,190.10000000000005,-1.560359424393809,192.30924715232982,190.75499999999997,189.20075284767012,3.11,-1.0
63,190.8,2020-04-15 13:25:00+05:30,190.85,189.7,189.95,878689,61.26210634132668,190.13571428571433,4.76515879259027,192.30806590109344,190.795,189.28193409890653,3.03,-0.0
64,191.15,2020-04-15 13:35:00+05:30,192.0,190.55,190.8,1448196,63.05654634158299,190.3071428571429,1.7944400002563086,192.30291123713454,190.7925,189.28208876286544,3.02,-0.0
65,189.9,2020-04-15 13:45:00+05:30,191.2,189.75,191.2,1351709,53.52103299996689,190.22142857142862,-9.535513341616095,192.12287123352883,190.685,189.24712876647118,2.88,-0.0
66,190.0,2020-04-15 13:55:00+05:30,190.5,189.75,189.9,962559,54.11878831558641,190.25714285714292,0.5977553156195157,191.89770460685548,190.58249999999998,189.26729539314448,2.63,-0.0
67,188.95,2020-04-15 14:05:00+05:30,190.0,188.7,190.0,1566134,47.24775382135309,190.12857142857152,-6.871034494233314,191.78917483128413,190.43499999999997,189.08082516871582,2.71,0.0
68,188.2,2020-04-15 14:15:00+05:30,189.1,187.75,188.95,1488152,43.04394656393666,189.85000000000008,-4.203807257416436,191.79016671475915,190.25499999999994,188.71983328524072,3.07,0.0
69,190.35,2020-04-15 14:25:00+05:30,190.55,188.2,188.2,1293579,55.31729281405993,189.9071428571429,12.273346250123275,191.72605226249323,190.22499999999997,188.7239477375067,3.0,-0.0
70,190.95,2020-04-15 14:35:00+05:30,191.5,190.15,190.25,1269606,58.035030186859295,189.9285714285715,2.7177373727993626,191.74045479383187,190.22999999999996,188.71954520616805,3.02,0.0
71,189.95,2020-04-15 14:45:00+05:30,191.0,189.6,190.85,1153142,52.322957493097185,189.75714285714292,-5.71207269376211,191.61091517534638,190.16749999999996,188.72408482465354,2.89,-0.0
72,189.85,2020-04-15 14:55:00+05:30,190.8,189.4,189.95,1408223,51.77417358276318,189.75000000000003,-0.5487839103340022,191.49514283285652,190.10749999999993,188.71985716714335,2.78,-0.0
73,189.05,2020-04-15 15:05:00+05:30,189.85,188.35,189.85,1836676,47.4834909109962,189.61428571428573,-4.29068267176698,191.52370706514935,190.05749999999995,188.59129293485054,2.93,0.0
74,189.6,2020-04-15 15:15:00+05:30,189.75,188.75,189.0,1698315,50.51951066332909,189.70714285714286,3.0360197523328907,191.50947359059302,190.02999999999992,188.5505264094068,2.96,0.0
75,190.25,2020-04-15 15:25:00+05:30,190.5,189.55,189.6,524733,53.91064303410571,190.0,3.391132370776617,191.3729557098952,189.98499999999993,188.59704429010466,2.78,-0.0
76,188.1,2020-04-16 09:15:00+05:30,190.55,187.1,189.65,2071637,43.33201340775819,189.67857142857142,-10.57862962634752,191.4575169113108,189.8624999999999,188.267483088689,3.19,0.0
77,188.4,2020-04-16 09:25:00+05:30,188.4,187.2,188.1,855544,44.95509192313163,189.31428571428572,1.623078515373443,191.5076356794777,189.7849999999999,188.06236432052214,3.45,0.0
78,188.9,2020-04-16 09:35:00+05:30,190.3,188.05,188.35,1046307,47.64650795211505,189.16428571428574,2.6914160289834186,191.4364125659944,189.70499999999993,187.97358743400545,3.46,0.0
79,188.45,2020-04-16 09:45:00+05:30,189.75,188.25,188.9,674200,45.49068375966049,188.96428571428575,-2.15582419245456,191.45965873029422,189.63999999999993,187.82034126970564,3.64,0.0
80,188.7,2020-04-16 09:55:00+05:30,189.4,188.0,188.35,552310,46.9273800500237,188.91428571428577,1.4366962903632086,191.44635988856717,189.58249999999992,187.71864011143268,3.73,0.0
81,188.7,2020-04-16 10:05:00+05:30,189.5,188.55,188.7,466934,46.9273800500237,188.78571428571436,0.0,191.39361354847512,189.5099999999999,187.6263864515247,3.77,0.0
82,189.4,2020-04-16 10:15:00+05:30,189.5,188.7,188.7,334710,51.11171495343333,188.6642857142858,4.184334903409628,191.3550931921154,189.4824999999999,187.6099068078844,3.75,-0.0
83,190.0,2020-04-16 10:25:00+05:30,191.2,189.35,189.4,1239100,54.42828501506026,188.93571428571437,3.3165700616269334,191.2287854725583,189.4424999999999,187.65621452744153,3.57,-0.0
84,189.2,2020-04-16 10:35:00+05:30,190.2,189.05,190.0,548469,49.59699450381256,189.0500000000001,-4.831290511247701,190.94167417498113,189.34499999999989,187.74832582501864,3.19,-0.0
85,188.85,2020-04-16 10:45:00+05:30,189.25,188.5,189.25,557966,47.606031355010636,189.0428571428572,-1.9909631488019244,190.88136752122352,189.29249999999988,187.70363247877623,3.18,-0.0
86,188.8,2020-04-16 10:55:00+05:30,189.2,188.6,188.8,552460,47.313829742675864,189.09285714285718,-0.2922016123347717,190.79935235928232,189.2324999999999,187.66564764071748,3.13,-0.0
87,188.85,2020-04-16 11:05:00+05:30,189.0,188.4,188.75,477981,47.65980152444765,189.11428571428573,0.34597178177178733,190.79878006817074,189.2274999999999,187.65621993182907,3.14,0.0
88,189.0,2020-04-16 11:15:00+05:30,189.15,188.6,188.85,588006,48.747148174611944,189.15714285714287,1.0873466501642923,190.76777190518013,189.2674999999999,187.76722809481967,3.0,-0.0
89,188.55,2020-04-16 11:25:00+05:30,189.25,188.5,188.95,542593,45.681125321033434,189.03571428571428,-3.0660228535785095,190.61916387789987,189.17749999999992,187.73583612209998,2.88,-0.0
90,188.3,2020-04-16 11:35:00+05:30,188.65,188.1,188.5,516906,44.024468790519265,188.79285714285714,-1.6566565305141694,190.2718487660409,189.04499999999993,187.81815123395896,2.45,-0.0
91,187.5,2020-04-16 11:45:00+05:30,188.35,187.5,188.3,721771,39.13365871907066,188.54999999999998,-4.890810071448605,190.25369455654229,188.92249999999996,187.59130544345763,2.66,0.0
92,188.35,2020-04-16 11:55:00+05:30,188.55,187.5,187.55,526419,45.99815807788108,188.47857142857143,6.86449935881042,190.12667530998826,188.84749999999994,187.56832469001162,2.56,-0.0
93,188.65,2020-04-16 12:05:00+05:30,188.7,187.9,188.35,609161,48.21787970600541,188.45714285714286,2.219721628124333,190.10585214652522,188.82749999999993,187.54914785347464,2.56,0.0
94,188.6,2020-04-16 12:15:00+05:30,189.0,188.3,188.6,665378,47.86474603240355,188.42142857142858,-0.3531336736018602,190.00588147683484,188.77749999999995,187.54911852316505,2.46,-0.0
95,188.5,2020-04-16 12:25:00+05:30,188.65,188.3,188.65,427330,47.12144573119017,188.35,-0.743300301213381,189.70804766717032,188.68999999999994,187.67195233282956,2.04,-0.0
96,187.6,2020-04-16 12:35:00+05:30,188.65,187.45,188.35,611896,40.95687851133606,188.21428571428572,-6.1645672198541135,189.76528704388753,188.66499999999994,187.56471295611234,2.2,0.0
97,188.2,2020-04-16 12:45:00+05:30,188.25,187.55,187.6,482721,46.02631280179785,188.20000000000002,5.069434290461793,189.7689781723267,188.65499999999992,187.54102182767312,2.23,0.0
98,187.95,2020-04-16 12:55:00+05:30,188.2,187.75,188.2,406789,44.318846737804485,188.26428571428573,-1.7074660639933654,189.75791182557393,188.6074999999999,187.45708817442588,2.3,0.0
99,187.7,2020-04-16 13:05:00+05:30,188.15,187.55,187.95,476565,42.616272565472634,188.1714285714286,-1.7025741723318504,189.78888646334497,188.5699999999999,187.35111353665485,2.44,0.0
100,187.9,2020-04-16 13:15:00+05:30,187.95,187.65,187.65,502175,44.45467166620232,188.06428571428575,1.8383991007296885,189.78295440333693,188.52999999999992,187.2770455966629,2.51,0.0
101,187.7,2020-04-16 13:25:00+05:30,187.9,187.5,187.9,550043,42.97207819069465,187.93571428571434,-1.4825934755076702,189.78319445574058,188.47999999999993,187.17680554425928,2.61,0.0
102,187.5,2020-04-16 13:35:00+05:30,187.7,187.3,187.65,478224,41.482198744366876,187.7928571428572,-1.4898794463277767,189.68281192376747,188.38499999999993,187.0871880762324,2.6,-0.0
103,187.45,2020-04-16 13:45:00+05:30,187.5,187.2,187.5,532658,41.09856559401977,187.77142857142866,-0.38363315034710865,189.37589876138745,188.2574999999999,187.13910123861237,2.24,-0.0
104,187.35,2020-04-16 13:55:00+05:30,187.65,187.1,187.45,496501,40.29590860399728,187.65000000000006,-0.8026569900224843,189.26097349180358,188.1649999999999,187.06902650819623,2.19,-0.0
105,187.25,2020-04-16 14:05:00+05:30,187.4,187.15,187.35,426606,39.465848659269994,187.55000000000004,-0.8300599447272887,189.20378693705533,188.08499999999992,186.96621306294452,2.24,0.0
106,187.3,2020-04-16 14:15:00+05:30,187.65,187.2,187.25,478377,40.12991741792586,187.4928571428572,0.6640687586558656,189.1280810628739,188.00999999999993,186.89191893712598,2.24,0.0
107,187.35,2020-04-16 14:25:00+05:30,187.6,187.3,187.35,449942,40.828964526515065,187.41428571428574,0.6990471085892054,189.0164707334772,187.93499999999992,186.85352926652263,2.16,-0.0
108,186.75,2020-04-16 14:35:00+05:30,187.35,186.15,187.35,960866,35.475970047158,187.27857142857144,-5.352994479357065,188.90561198818344,187.82249999999993,186.73938801181643,2.17,0.0
109,186.6,2020-04-16 14:45:00+05:30,186.8,186.3,186.75,643624,34.266425346169285,187.15,-1.2095447009887152,188.88099125838949,187.7249999999999,186.56900874161033,2.31,0.0
110,186.0,2020-04-16 14:55:00+05:30,186.6,185.45,186.6,1270398,29.87821914661295,186.94285714285712,-4.388206199556336,188.96553446441234,187.6099999999999,186.25446553558746,2.71,0.0
111,186.0,2020-04-16 15:05:00+05:30,186.3,185.85,186.1,1770223,29.87821914661295,186.75,0.0,189.07023528112802,187.5349999999999,185.9997647188718,3.07,0.0
112,187.0,2020-04-16 15:15:00+05:30,187.2,185.85,186.0,1897148,43.791725610111044,186.71428571428572,13.913506463498095,188.97022559388782,187.46749999999992,185.964774406112,3.01,-0.0
113,187.15,2020-04-16 15:25:00+05:30,187.2,186.9,187.1,568502,45.53737947157923,186.69285714285715,1.7456538614681847,188.79297924128218,187.3924999999999,185.99202075871762,2.8,-0.0
114,190.15,2020-04-17 09:15:00+05:30,190.8,188.9,190.45,1474791,67.36649928505639,187.09285714285718,21.829119813477163,189.26719079032839,187.4699999999999,185.67280920967144,3.59,1.0
115,190.15,2020-04-17 09:25:00+05:30,190.35,189.5,190.1,2917517,67.36649928505639,187.57857142857148,0.0,189.67145580043794,187.55249999999992,185.4335441995619,4.24,1.0
116,190.6,2020-04-17 09:35:00+05:30,190.7,189.55,190.25,529097,69.49360560048669,188.15000000000006,2.1271063154302965,190.22241541211397,187.70249999999993,185.18258458788588,5.04,1.0
117,190.4,2020-04-17 09:45:00+05:30,190.85,190.35,190.6,442114,67.39113247982252,188.7785714285715,-2.102473120664172,190.60155284809605,187.81249999999994,185.02344715190384,5.58,1.0
118,190.95,2020-04-17 09:55:00+05:30,191.4,190.0,190.4,903063,70.0725967797796,189.48571428571435,2.681464299957085,191.08539929392524,187.96249999999992,184.8396007060746,6.25,1.0
119,190.2,2020-04-17 10:05:00+05:30,190.95,189.8,190.95,787227,62.52244762003423,189.94285714285724,-7.550149159745374,191.36258537453986,188.08749999999992,184.81241462545998,6.55,0.0
120,190.0,2020-04-17 10:15:00+05:30,190.35,189.8,190.2,678080,60.64588914087211,190.35000000000008,-1.8765584791621208,191.57516089592806,188.19249999999994,184.8098391040718,6.77,0.0
121,189.1,2020-04-17 10:25:00+05:30,190.15,188.9,190.0,867288,52.94488529336287,190.20000000000005,-7.701003847509234,191.66015786202306,188.26249999999993,184.8648421379768,6.8,0.0
122,189.65,2020-04-17 10:35:00+05:30,190.3,188.95,189.25,665510,56.57399975944181,190.12857142857146,3.6291144660789385,191.8019550972401,188.36999999999995,184.9380449027598,6.86,0.0
123,189.4,2020-04-17 10:45:00+05:30,189.65,189.1,189.55,567217,54.515842474552564,189.95714285714294,-2.0581572848892478,191.9002026332643,188.46749999999994,185.03479736673557,6.87,0.0
124,189.45,2020-04-17 10:55:00+05:30,189.6,189.3,189.4,504328,54.86947058745783,189.82142857142864,0.35362811290526963,191.98971262219104,188.57249999999993,185.15528737780883,6.83,-0.0
125,189.3,2020-04-17 11:05:00+05:30,189.6,189.25,189.45,475873,53.5250062305582,189.58571428571435,-1.3444643568996355,192.0478794507768,188.67499999999995,185.3021205492231,6.75,-0.0
126,189.45,2020-04-17 11:15:00+05:30,189.55,189.25,189.3,563053,54.7198498397393,189.47857142857148,1.194843609181099,192.10756826206125,188.78249999999994,185.45743173793863,6.65,-0.0
127,189.2,2020-04-17 11:25:00+05:30,189.45,188.85,189.35,670436,52.30617841638869,189.36428571428578,-2.413671423350607,192.1345608357728,188.87499999999994,185.6154391642271,6.52,-0.0
128,188.3,2020-04-17 11:35:00+05:30,189.2,188.25,189.2,556506,44.66759229753217,189.25000000000006,-7.638586118856523,192.06993399879462,188.95249999999993,185.83506600120523,6.23,-0.0
129,188.0,2020-04-17 11:45:00+05:30,188.35,187.8,188.3,588113,42.4426151599391,189.01428571428576,-2.224977137593065,191.97608390683854,189.02249999999995,186.06891609316136,5.91,-0.0
130,187.3,2020-04-17 11:55:00+05:30,188.25,187.25,188.0,645763,37.7211247505555,188.71428571428575,-4.721490409383605,191.80912393473162,189.08749999999995,186.36587606526828,5.44,-0.0
131,187.3,2020-04-17 12:05:00+05:30,187.5,186.95,187.3,778118,37.7211247505555,188.40714285714287,0.0,191.61323908452403,189.15249999999997,186.69176091547592,4.92,-1.0
132,188.0,2020-04-17 12:15:00+05:30,188.5,187.1,187.3,713645,44.83795636369963,188.2214285714286,7.116831613144136,191.5152734546709,189.20249999999996,186.889726545329,4.63,-0.0
133,187.95,2020-04-17 12:25:00+05:30,188.3,187.55,188.05,464242,44.44725268576149,188.0071428571429,-0.3907036779381414,191.4300905996273,189.24249999999995,187.0549094003726,4.38,-0.0
134,188.2,2020-04-17 12:35:00+05:30,188.2,187.65,187.9,371235,46.936961146192246,187.86428571428573,2.489708460430755,191.33610642562604,189.14499999999992,186.9538935743738,4.38,0.0
135,188.6,2020-04-17 12:45:00+05:30,188.7,188.1,188.3,486763,50.74090459466398,187.90714285714287,3.8039434484717347,191.2182097971548,189.06749999999994,186.91679020284508,4.3,-0.0
136,188.4,2020-04-17 12:55:00+05:30,189.0,188.2,188.6,501274,48.85505886537879,187.96428571428575,-1.8858457292851938,191.00053051475234,188.95749999999992,186.9144694852475,4.09,-0.0
137,188.35,2020-04-17 13:05:00+05:30,188.75,187.85,188.3,523910,48.37104465107309,188.11428571428573,-0.48401421430569513,190.79648613722873,188.85499999999993,186.91351386277114,3.88,-0.0
138,188.0,2020-04-17 13:15:00+05:30,188.5,187.85,188.35,461478,45.0095244688119,188.21428571428575,-3.361520182261195,190.41268558952848,188.70749999999992,187.00231441047137,3.41,-0.0
139,188.2,2020-04-17 13:25:00+05:30,188.3,187.85,187.95,351577,47.26478944431343,188.2428571428572,2.2552649755015324,190.17300815694855,188.60749999999993,187.0419918430513,3.13,-0.0
140,187.8,2020-04-17 13:35:00+05:30,188.25,187.75,188.15,400750,43.42859543535046,188.2214285714286,-3.83619400896297,189.95658226383242,188.49749999999995,187.03841773616747,2.92,-0.0
141,187.95,2020-04-17 13:45:00+05:30,188.25,187.8,187.8,368404,45.22402712434961,188.1857142857143,1.7954316889991517,189.8897186659918,188.43999999999994,186.99028133400807,2.9,-0.0
142,188.0,2020-04-17 13:55:00+05:30,188.4,187.85,187.95,449566,45.841056073611426,188.10000000000005,0.6170289492618153,189.70120853669152,188.35749999999993,187.01379146330834,2.69,-0.0
143,188.0,2020-04-17 14:05:00+05:30,188.2,187.95,188.0,364139,45.841056073611426,188.04285714285717,0.0,189.54568373689548,188.28749999999994,187.0293162631044,2.52,-0.0
144,188.6,2020-04-17 14:15:00+05:30,188.7,187.8,188.0,548090,53.18093344537728,188.07857142857145,7.339877371765851,189.39019591520812,188.24499999999995,187.09980408479177,2.29,-0.0
145,187.8,2020-04-17 14:25:00+05:30,188.7,187.8,188.55,498884,44.517787865206316,188.05,-8.663145580170962,189.21649791912628,188.16999999999993,187.12350208087358,2.09,-0.0
146,187.95,2020-04-17 14:35:00+05:30,188.2,187.65,187.85,580924,46.284655350421346,188.01428571428573,1.7668674852150303,188.9533337591544,188.09499999999994,187.2366662408455,1.72,-0.0
147,187.9,2020-04-17 14:45:00+05:30,188.3,187.65,188.0,594594,45.76151998553199,188.02857142857147,-0.523135364889356,188.7154886846922,188.02999999999994,187.3445113153077,1.37,-0.0
148,188.2,2020-04-17 14:55:00+05:30,188.2,187.85,187.9,739936,49.4530621296792,188.06428571428575,3.6915421441472134,188.70362089253746,188.02499999999992,187.34637910746238,1.36,-0.0
149,188.45,2020-04-17 15:05:00+05:30,188.7,187.95,188.2,1204791,52.36277548959399,188.12857142857146,2.9097133599147895,188.75197815699502,188.04749999999993,187.34302184300483,1.41,0.0
150,188.1,2020-04-17 15:15:00+05:30,188.45,187.7,188.45,1762630,48.181149085575335,188.14285714285717,-4.181626404018658,188.69782778078576,188.08749999999992,187.47717221921408,1.22,-0.0
151,188.2,2020-04-17 15:25:00+05:30,188.3,187.9,188.05,608776,49.423901273380125,188.08571428571435,1.2427521878047898,188.6183795605572,188.13249999999988,187.64662043944256,0.97,-0.0
152,186.45,2020-04-20 09:15:00+05:30,189.95,185.9,189.95,1165703,34.038961711084085,187.8928571428572,-15.38493956229604,188.95113203914252,188.0549999999999,187.15886796085726,1.79,1.0
153,185.3,2020-04-20 09:25:00+05:30,186.65,185.2,186.45,1040222,27.894059580218368,187.51428571428576,-6.144902130865717,189.44720014308209,187.9224999999999,186.39779985691771,3.05,1.0
154,185.2,2020-04-20 09:35:00+05:30,185.95,184.6,185.4,913571,27.43033867103719,187.12857142857146,-0.4637209091811769,189.71522597412115,187.7724999999999,185.82977402587863,3.89,1.0
155,184.8,2020-04-20 09:45:00+05:30,185.5,184.7,185.1,677909,25.597252103734576,186.64285714285717,-1.8330865673026153,189.89295108377672,187.58249999999992,185.27204891622313,4.62,1.0
156,184.85,2020-04-20 09:55:00+05:30,185.0,184.1,184.7,737292,26.2606071830278,186.12857142857143,0.6633550792932255,189.9811864921049,187.40499999999992,184.82881350789492,5.15,1.0
157,184.1,2020-04-20 10:05:00+05:30,184.9,184.0,184.9,603923,22.95460690540186,185.55714285714288,-3.306000277625941,190.11793743917465,187.1924999999999,184.26706256082517,5.85,1.0
158,182.85,2020-04-20 10:15:00+05:30,184.15,182.4,184.1,1824782,18.72378137146501,184.79285714285714,-4.2308255339368515,190.41518450811515,186.9349999999999,183.45481549188463,6.96,1.0
159,182.85,2020-04-20 10:25:00+05:30,183.6,182.75,182.85,1144786,18.72378137146501,184.2785714285714,0.0,190.53875370689602,186.6674999999999,182.7962462931038,7.74,1.0
160,181.75,2020-04-20 10:35:00+05:30,183.0,180.65,182.85,3108290,15.759325893189938,183.77142857142854,-2.9644554782750703,190.77206370799354,186.3649999999999,181.95793629200625,8.81,1.0
161,182.35,2020-04-20 10:45:00+05:30,182.4,181.6,181.8,811870,22.92728135076304,183.36428571428567,7.1679554575731,190.77082408637148,186.0849999999999,181.3991759136283,9.37,1.0
162,182.35,2020-04-20 10:55:00+05:30,182.6,181.85,182.4,827351,22.92728135076304,183.01428571428568,0.0,190.6795650147289,185.8024999999999,180.9254349852709,9.75,0.0
163,181.55,2020-04-20 11:05:00+05:30,182.45,181.5,182.35,810233,20.261344658664854,182.54285714285712,-2.6659366920981853,190.5925645022309,185.4799999999999,180.3674354977689,10.23,0.0
164,181.05,2020-04-20 11:15:00+05:30,181.55,181.0,181.5,1080379,18.790708852027635,182.10714285714283,-1.470635806637219,190.35802090662742,185.1024999999999,179.8469790933724,10.51,0.0
165,180.3,2020-04-20 11:25:00+05:30,181.15,180.1,181.05,1195216,16.81871472066119,181.7428571428571,-1.9719941313664435,190.2367720887034,184.7274999999999,179.21822791129642,11.02,1.0
166,180.45,2020-04-20 11:35:00+05:30,180.6,179.55,180.3,1631336,18.657349426562163,181.4,1.8386347059009722,189.95836863544736,184.3524999999999,178.74663136455246,11.21,0.0
167,180.3,2020-04-20 11:45:00+05:30,180.6,179.7,180.35,700133,18.223551444486333,181.19285714285712,-0.43379798207583065,189.59617879220465,183.9724999999999,178.34882120779517,11.25,0.0
168,180.25,2020-04-20 11:55:00+05:30,180.5,180.1,180.35,507244,18.07270875723718,180.89285714285714,-0.15084268724915262,189.06273752633018,183.57499999999993,178.08726247366968,10.98,-0.0
169,179.85,2020-04-20 12:05:00+05:30,180.75,179.85,180.25,682989,16.869688404288922,180.53571428571428,-1.2030203529482577,188.36559686041215,183.14499999999992,177.9244031395877,10.44,-1.0
170,180.5,2020-04-20 12:15:00+05:30,180.6,179.8,180.0,497985,25.54314950960736,180.3857142857143,8.673461105318438,187.55568174469408,182.76499999999993,177.97431825530577,9.58,-1.0
171,180.4,2020-04-20 12:25:00+05:30,181.2,180.4,180.5,809435,25.109103703724728,180.29285714285717,-0.43404580588263286,186.53059230055345,182.37499999999994,178.21940769944644,8.31,-1.0
172,180.1,2020-04-20 12:35:00+05:30,180.55,180.05,180.5,598834,23.80236952680879,180.26428571428573,-1.3067341769159384,185.85726107282082,182.05749999999995,178.25773892717908,7.6,-1.0
173,180.3,2020-04-20 12:45:00+05:30,180.45,180.0,180.05,538457,26.546848439174923,180.24285714285716,2.7444789123661337,185.3588192507927,181.80749999999995,178.2561807492072,7.1,-0.0
174,180.4,2020-04-20 12:55:00+05:30,180.75,180.3,180.35,473281,27.94431482984905,180.2571428571429,1.3974663906741256,184.78673086597084,181.56749999999997,178.3482691340291,6.44,-1.0
175,180.25,2020-04-20 13:05:00+05:30,180.5,180.1,180.3,528276,27.111105532186414,180.2571428571429,-0.8332092976626342,184.22290788870114,181.33999999999997,178.4570921112988,5.77,-1.0
176,180.25,2020-04-20 13:15:00+05:30,180.35,179.65,180.25,1102368,27.111105532186414,180.31428571428575,0.0,183.50684002496234,181.10999999999996,178.71315997503757,4.79,-1.0
177,180.0,2020-04-20 13:25:00+05:30,180.5,179.8,180.15,962178,25.633731087753745,180.2428571428572,-1.4773744444326695,182.89124215410288,180.90499999999997,178.91875784589706,3.97,-1.0
178,180.1,2020-04-20 13:35:00+05:30,180.2,179.75,180.05,468109,27.339370357544524,180.20000000000002,1.7056392697907796,182.55790571703105,180.76749999999998,178.97709428296892,3.58,-0.0
179,180.05,2020-04-20 13:45:00+05:30,180.2,179.85,180.2,489738,27.005848949465403,180.19285714285715,-0.3335214080791218,182.1501275765402,180.6275,179.1048724234598,3.05,-1.0
180,180.0,2020-04-20 13:55:00+05:30,180.1,179.85,180.0,415385,26.655654513481878,180.15000000000003,-0.35019443598352495,181.9904445779425,180.54,179.0895554220575,2.9,-0.0
181,180.05,2020-04-20 14:05:00+05:30,180.15,179.85,180.0,449104,27.665790470391713,180.1,1.010135956909835,181.61199088809465,180.425,179.23800911190537,2.37,-1.0
182,180.55,2020-04-20 14:15:00+05:30,180.6,179.9,180.05,919651,37.00863076717697,180.14285714285714,9.342840296785255,181.10830459716638,180.335,179.56169540283364,1.55,-1.0
183,180.95,2020-04-20 14:25:00+05:30,181.45,180.5,180.6,1142467,43.31628869844451,180.24285714285716,6.307657931267542,180.90753848970633,180.305,179.7024615102937,1.21,-0.0
184,181.2,2020-04-20 14:35:00+05:30,181.9,180.75,181.05,1519451,46.89546735056129,180.41428571428574,3.5791786521167808,180.95639848823902,180.31249999999997,179.66860151176093,1.29,0.0
185,180.9,2020-04-20 14:45:00+05:30,181.2,180.6,181.15,846852,43.357489151245424,180.52857142857147,-3.537978199315866,181.03780379577537,180.34249999999997,179.64719620422457,1.39,0.0
186,180.7,2020-04-20 14:55:00+05:30,181.4,180.7,180.9,1076984,41.12970406039986,180.62142857142862,-2.2277850908455648,181.06722409246902,180.35499999999996,179.6427759075309,1.42,0.0
187,180.95,2020-04-20 15:05:00+05:30,181.0,180.35,180.7,1351245,44.93820634137452,180.75714285714292,3.8085022809746576,181.14691459448338,180.38749999999996,179.62808540551654,1.52,0.0
188,180.45,2020-04-20 15:15:00+05:30,181.15,180.0,180.95,1534972,39.442348993042145,180.81428571428577,-5.495857348332372,181.15455454159255,180.39749999999995,179.64044545840736,1.51,-0.0
189,180.9,2020-04-20 15:25:00+05:30,180.95,180.45,180.45,527169,45.85985554221814,180.8642857142858,6.417506549175997,181.192683611888,180.44999999999996,179.70731638811193,1.49,-0.0
190,182.4,2020-04-21 09:15:00+05:30,183.0,176.05,178.0,2477643,60.779882773839205,181.07142857142867,14.920027231621063,181.69111471824027,180.54499999999996,179.39888528175965,2.29,1.0
191,182.85,2020-04-21 09:25:00+05:30,183.0,181.25,182.45,1788688,63.98632612203837,181.30714285714294,3.2064433481991657,182.20519307730723,180.66749999999996,179.1298069226927,3.08,1.0
192,182.7,2020-04-21 09:35:00+05:30,184.3,182.5,182.9,2282190,62.16199749153672,181.56428571428577,-1.824328630501654,182.55682852023259,180.79749999999996,179.03817147976733,3.52,0.0
193,181.85,2020-04-21 09:45:00+05:30,183.15,181.8,182.7,957420,52.949269989262554,181.72857142857148,-9.212727502274163,182.67806756156762,180.87499999999994,179.07193243843227,3.61,0.0
194,181.7,2020-04-21 09:55:00+05:30,182.4,181.5,181.8,879008,51.49877192509507,181.83571428571435,-1.4504980641674834,182.7645691632759,180.9399999999999,179.11543083672393,3.65,0.0
195,182.1,2020-04-21 10:05:00+05:30,182.3,181.25,181.55,645618,55.03609414483825,182.0714285714286,3.5373222197431815,182.89692456199407,181.0324999999999,179.16807543800576,3.73,0.0
196,181.75,2020-04-21 10:15:00+05:30,182.15,181.55,182.1,422012,51.496966166082466,182.19285714285715,-3.5391279787557863,182.9600302753399,181.1074999999999,179.2549697246599,3.71,-0.0
197,181.7,2020-04-21 10:25:00+05:30,181.8,181.5,181.75,471940,50.9924889964445,182.09285714285716,-0.5044771696379655,182.98613641213757,181.1924999999999,179.39886358786225,3.59,-0.0
198,181.6,2020-04-21 10:35:00+05:30,181.75,180.8,181.7,900377,49.938799503176035,181.91428571428574,-1.0536894932684646,182.99293663428878,181.2674999999999,179.54206336571102,3.45,-0.0
199,181.25,2020-04-21 10:45:00+05:30,181.75,181.0,181.75,413368,46.33031827704305,181.70714285714286,-3.6084812261329873,182.95537397675895,181.3274999999999,179.69962602324085,3.26,-0.0
200,181.15,2020-04-21 10:55:00+05:30,181.35,181.0,181.25,509453,45.322648411957545,181.6071428571429,-1.0076698650855036,182.89221073859127,181.3849999999999,179.87778926140854,3.01,-0.0
201,180.45,2020-04-21 11:05:00+05:30,181.2,180.3,181.15,488035,38.93834903128684,181.42857142857147,-6.384299380670704,182.8468190265292,181.4049999999999,179.96318097347057,2.88,-0.0
202,180.1,2020-04-21 11:15:00+05:30,180.6,179.6,180.4,880649,36.19311945942102,181.14285714285717,-2.7452295718658206,182.8929112371343,181.38249999999988,179.87208876286545,3.02,0.0
203,179.95,2020-04-21 11:25:00+05:30,180.35,179.85,180.05,478270,35.05253241948522,180.88571428571433,-1.1405870399358022,182.96450715942652,181.33249999999987,179.70049284057322,3.26,0.0
204,180.9,2020-04-21 11:35:00+05:30,181.4,179.75,179.9,764619,46.542702241170616,180.77142857142863,11.490169821685399,182.96011505244678,181.31749999999988,179.67488494755298,3.29,0.0
205,180.35,2020-04-21 11:45:00+05:30,181.15,180.3,181.0,403978,41.91891323420164,180.59285714285718,-4.623789006968977,182.9797835426619,181.28999999999988,179.60021645733786,3.38,0.0
206,180.5,2020-04-21 11:55:00+05:30,180.6,180.15,180.35,304053,43.56557267646328,180.48571428571432,1.6466594422616438,182.98676671855802,181.2799999999999,179.57323328144176,3.41,0.0
207,180.2,2020-04-21 12:05:00+05:30,180.6,180.15,180.45,182804,41.05839178894233,180.35000000000005,-2.5071808875209527,183.01161366449222,181.2424999999999,179.47338633550757,3.54,0.0
208,179.95,2020-04-21 12:15:00+05:30,180.25,179.8,180.15,447973,39.04198757036452,180.27857142857147,-2.0164042185778115,183.04687291527895,181.2174999999999,179.38812708472082,3.66,0.0
209,179.55,2020-04-21 12:25:00+05:30,179.95,179.25,179.95,505225,35.995958322147104,180.20000000000005,-3.0460292482174154,183.12270853076848,181.1499999999999,179.1772914692313,3.95,0.0
210,179.9,2020-04-21 12:35:00+05:30,180.0,179.4,179.5,230651,40.37917432369418,180.1928571428572,4.383216001547076,182.98096254403873,181.0249999999999,179.06903745596105,3.91,-0.0
211,180.45,2020-04-21 12:45:00+05:30,180.85,179.85,179.9,522952,46.57129549050653,180.12857142857146,6.192121166812349,182.67519178265144,180.9049999999999,179.13480821734834,3.54,-0.0
212,180.05,2020-04-21 12:55:00+05:30,180.4,179.8,180.4,282777,43.06798971044097,180.08571428571435,-3.50330578006556,182.3647427082903,180.7724999999999,179.1802572917095,3.18,-0.0
213,180.05,2020-04-21 13:05:00+05:30,180.15,180.0,180.0,282244,43.06798971044097,180.02142857142863,0.0,182.22087747746005,180.68249999999992,179.1441225225398,3.08,-0.0
214,179.9,2020-04-21 13:15:00+05:30,180.05,179.85,180.05,185646,41.70361377466623,179.97857142857148,-1.3643759357747385,182.09031419689475,180.59249999999992,179.09468580310508,3.0,-0.0
215,179.9,2020-04-21 13:25:00+05:30,179.95,179.65,179.9,215195,41.70361377466623,179.97142857142862,0.0,181.8297291252003,180.48249999999993,179.13527087479957,2.69,-0.0
216,180.2,2020-04-21 13:35:00+05:30,180.35,179.8,179.9,304277,45.69410010484451,180.06428571428577,3.9904863301782783,181.61674080952656,180.40499999999992,179.19325919047327,2.42,-0.0
217,179.95,2020-04-21 13:45:00+05:30,180.2,179.95,180.15,215581,43.049524486447446,180.07142857142864,-2.644575618397063,181.37891663033722,180.31749999999994,179.25608336966266,2.12,-0.0
218,179.9,2020-04-21 13:55:00+05:30,180.1,179.8,179.95,270979,42.519496679278646,179.99285714285722,-0.5300278071687998,181.11940769708937,180.23249999999993,179.3455923029105,1.77,-0.0
219,179.95,2020-04-21 14:05:00+05:30,180.0,179.85,179.85,188579,43.2716649630213,179.9785714285715,0.7521682837426553,180.9209307497941,180.16749999999993,179.41406925020576,1.51,-0.0
220,180.7,2020-04-21 14:15:00+05:30,180.8,179.85,179.9,511136,53.17060971293679,180.07142857142867,9.898944749915486,180.7946152707553,180.14499999999992,179.49538472924456,1.3,-0.0
221,180.55,2020-04-21 14:25:00+05:30,180.7,180.35,180.7,363154,51.244629164267025,180.1642857142858,-1.925980548669763,180.81094031898624,180.14999999999992,179.4890596810136,1.32,0.0
222,180.05,2020-04-21 14:35:00+05:30,180.6,180.0,180.55,652421,45.34802394911152,180.18571428571434,-5.896605215155503,180.80961383978936,180.14749999999995,179.48538616021054,1.32,0.0
223,179.85,2020-04-21 14:45:00+05:30,180.05,179.55,180.0,427620,43.20638477988595,180.13571428571433,-2.14163916922557,180.81235858680344,180.14249999999996,179.47264141319647,1.34,0.0
224,179.35,2020-04-21 14:55:00+05:30,179.85,179.15,179.8,489486,38.33245507401151,180.05,-4.873929705874438,180.7244255873574,180.06499999999994,179.4055744126425,1.32,-0.0
225,179.55,2020-04-21 15:05:00+05:30,179.95,179.3,179.3,816508,41.19021410146285,180.0,2.857759027451337,180.70825844690103,180.02499999999995,179.34174155309887,1.37,0.0
226,179.9,2020-04-21 15:15:00+05:30,179.95,179.4,179.5,761195,45.91386332696135,179.99285714285716,4.723649225498498,180.6421801180982,179.99499999999995,179.3478198819017,1.29,-0.0
227,179.5,2020-04-21 15:25:00+05:30,180.0,179.4,179.85,354002,41.78331623694187,179.82142857142858,-4.130547090019476,180.63558941127732,179.95999999999998,179.28441058872264,1.35,0.0
228,177.95,2020-04-22 09:15:00+05:30,179.0,176.15,179.0,1202910,30.37853504135964,179.45000000000002,-11.404781195582231,180.9846519929567,179.85999999999996,178.7353480070432,2.25,1.0
229,177.45,2020-04-22 09:25:00+05:30,178.4,177.1,177.95,622016,27.747476376983116,179.07857142857145,-2.631058664376525,181.31093938455817,179.75499999999994,178.1990606154417,3.11,1.0
230,177.9,2020-04-22 09:35:00+05:30,178.35,177.4,177.45,491630,33.34295159508177,178.80000000000004,5.595475218098656,181.4153528354456,179.65499999999994,177.8946471645543,3.52,0.0
231,178.1,2020-04-22 09:45:00+05:30,178.25,177.75,178.0,302095,35.725410577467244,178.62142857142862,2.3824589823854723,181.38593461510382,179.53749999999997,177.6890653848961,3.7,0.0
232,179.7,2020-04-22 09:55:00+05:30,179.75,178.05,178.1,523672,50.8578295622818,178.6428571428572,15.132418984814556,181.3545801183171,179.51999999999992,177.68541988168275,3.67,-0.0
233,181.6,2020-04-22 10:05:00+05:30,181.6,179.6,179.6,1582842,62.22981832442978,178.88571428571433,11.371988762147978,181.64495670219577,179.5974999999999,177.55004329780405,4.09,0.0
234,182.25,2020-04-22 10:15:00+05:30,183.55,181.45,181.55,2568703,65.19699414730394,179.27857142857147,2.967175822874161,182.08056435905686,179.71499999999992,177.34943564094297,4.73,1.0
235,181.75,2020-04-22 10:25:00+05:30,182.3,181.4,182.3,1189736,61.213340097100456,179.8214285714286,-3.9836540502034836,182.3421597404776,179.80749999999992,177.27284025952224,5.07,0.0
236,181.55,2020-04-22 10:35:00+05:30,182.15,180.85,181.7,1453278,59.64347738646102,180.40714285714287,-1.569862710639434,182.5230380025891,179.87499999999994,177.2269619974108,5.3,0.0
237,181.0,2020-04-22 10:45:00+05:30,181.6,180.85,181.55,687246,55.433270153382466,180.85,-4.210207233078556,182.62300795915965,179.92749999999995,177.23199204084025,5.39,0.0
238,181.0,2020-04-22 10:55:00+05:30,181.0,180.85,180.95,717392,55.433270153382466,181.26428571428573,0.0,182.72020457058238,179.98249999999993,177.24479542941748,5.48,0.0
239,181.15,2020-04-22 11:05:00+05:30,181.6,180.9,180.95,776130,56.40659814686877,181.4714285714286,0.9733279934863006,182.8293629788987,180.04249999999996,177.25563702110122,5.57,0.0
240,180.9,2020-04-22 11:15:00+05:30,181.35,180.9,181.15,435031,54.278886321807626,181.37142857142862,-2.127711825061141,182.85070901367442,180.05249999999995,177.2542909863255,5.6,0.0
241,180.8,2020-04-22 11:25:00+05:30,181.0,180.6,180.95,335177,53.41100896895393,181.16428571428577,-0.8678773528536965,182.8747761663986,180.06499999999997,177.25522383360135,5.62,0.0
242,180.95,2020-04-22 11:35:00+05:30,181.1,180.65,180.75,291533,54.58404623355528,181.05000000000004,1.1730372646013478,182.94745623662024,180.10999999999996,177.27254376337967,5.67,0.0
243,180.95,2020-04-22 11:45:00+05:30,181.05,180.9,180.95,428196,54.58404623355527,180.96428571428578,-7.105427357601002e-15,183.02379989542877,180.16499999999994,177.3062001045711,5.72,0.0
244,180.95,2020-04-22 11:55:00+05:30,181.0,180.9,180.9,336108,54.58404623355527,180.95714285714294,0.0,183.0973120815445,180.24499999999995,177.3926879184554,5.7,-0.0
245,180.85,2020-04-22 12:05:00+05:30,181.05,180.85,180.95,642327,53.46319947527263,180.93571428571434,-1.1208467582826387,183.15486610544204,180.30999999999992,177.4651338945578,5.69,-0.0
246,179.7,2020-04-22 12:15:00+05:30,180.85,179.55,180.85,808258,42.62360139334922,180.72857142857148,-10.839598081923413,183.15233053373592,180.2999999999999,177.44766946626387,5.7,0.0
247,180.15,2020-04-22 12:25:00+05:30,180.3,179.45,179.65,727154,47.13992800045916,180.62142857142862,4.516326607109939,183.1611643677293,180.33249999999992,177.50383563227055,5.66,-0.0
248,180.1,2020-04-22 12:35:00+05:30,180.55,180.0,180.15,385852,46.70007073641386,180.52142857142863,-0.439857264045294,183.04174030825084,180.4399999999999,177.838259691749,5.2,-0.0
249,180.05,2020-04-22 12:45:00+05:30,180.15,179.8,180.1,487595,46.23546690735087,180.39285714285717,-0.4646038290629946,182.77176962320826,180.56999999999994,178.36823037679162,4.4,-1.0
250,180.45,2020-04-22 12:55:00+05:30,180.9,179.9,180.05,755460,50.47991564296652,180.3214285714286,4.244448735615649,182.5090056255992,180.69749999999993,178.88599437440067,3.62,-1.0
251,180.95,2020-04-22 13:05:00+05:30,181.15,180.45,180.5,699966,55.23698457970525,180.3214285714286,4.757068936738733,182.1775547209657,180.83999999999992,179.50244527903413,2.68,-1.0
252,182.0,2020-04-22 13:15:00+05:30,182.0,180.9,181.05,715866,63.22614597974026,180.48571428571432,7.989161400035009,182.2752471857867,180.95499999999993,179.63475281421316,2.64,-0.0
253,181.2,2020-04-22 13:25:00+05:30,182.0,181.0,181.95,412781,55.1498606959113,180.70000000000005,-8.076285283828959,182.22589931932367,180.93499999999992,179.64410068067616,2.58,-0.0
254,181.3,2020-04-22 13:35:00+05:30,181.5,181.0,181.1,462945,55.90803505279918,180.86428571428573,0.7581743568878778,182.03681329611658,180.88749999999993,179.7381867038833,2.3,-0.0
255,182.25,2020-04-22 13:45:00+05:30,182.4,181.25,181.3,471758,62.409250631038454,181.1714285714286,6.501215578239275,182.15849357943722,180.91249999999994,179.66650642056265,2.49,0.0
256,181.6,2020-04-22 13:55:00+05:30,182.45,181.6,182.25,288351,56.29327096277608,181.39285714285717,-6.115979668262376,182.16656743830697,180.9149999999999,179.66343256169284,2.5,0.0
257,182.15,2020-04-22 14:05:00+05:30,182.5,181.6,181.6,535515,59.87631308890757,181.63571428571433,3.5830421261314953,182.34073936040707,180.9724999999999,179.60426063959275,2.74,0.0
258,182.45,2020-04-22 14:15:00+05:30,182.8,182.1,182.15,289566,61.71972304377394,181.85000000000005,1.8434099548663667,182.5646606269333,181.0449999999999,179.52533937306652,3.04,0.0
259,182.2,2020-04-22 14:25:00+05:30,182.55,182.2,182.5,295798,59.27572200881064,181.87857142857146,-2.4440010349633,182.70258238844085,181.0974999999999,179.49241761155898,3.21,0.0
260,182.35,2020-04-22 14:35:00+05:30,182.5,182.2,182.2,304572,60.29172359724124,182.04285714285717,1.0160015884305977,182.86593942294957,181.1699999999999,179.47406057705024,3.39,0.0
261,182.85,2020-04-22 14:45:00+05:30,182.85,181.95,182.35,585508,63.55561050125006,182.26428571428573,3.263886904008821,183.11568802764714,181.27249999999987,179.4293119723526,3.69,0.0
262,181.8,2020-04-22 14:55:00+05:30,182.95,181.55,182.85,538772,53.59313616948058,182.20000000000002,-9.962474331769478,183.1660594405989,181.31499999999988,179.46394055940087,3.7,0.0
263,182.25,2020-04-22 15:05:00+05:30,182.45,181.7,181.75,595949,56.72402790887982,182.29285714285717,3.130891739399239,183.2680231934344,181.3799999999999,179.49197680656542,3.78,0.0
264,182.6,2020-04-22 15:15:00+05:30,182.7,182.05,182.2,791866,59.038751966312894,182.35714285714286,2.314724057433075,183.41452324188035,181.46249999999992,179.5104767581195,3.9,0.0
265,182.7,2020-04-22 15:25:00+05:30,182.95,182.5,182.6,379865,59.701964773986674,182.39285714285714,0.66321280767378,183.55944243461445,181.5549999999999,179.55055756538533,4.01,0.0
266,182.0,2020-04-23 09:15:00+05:30,182.95,181.1,182.95,976067,53.207607476736285,182.3642857142857,-6.494357297250389,183.4809026536652,181.6699999999999,179.8590973463346,3.62,-0.0
267,183.55,2020-04-23 09:25:00+05:30,183.65,181.8,182.0,837704,62.84541609322395,182.53571428571428,9.637808616487668,183.6880715411076,181.83999999999992,179.99192845889223,3.7,0.0
268,182.45,2020-04-23 09:35:00+05:30,183.7,182.3,183.6,618396,54.29803904413721,182.47857142857146,-8.547377049086741,183.63027739419374,181.95749999999992,180.2847226058061,3.35,-0.0
269,182.55,2020-04-23 09:45:00+05:30,183.2,182.2,182.4,559828,54.89857841615048,182.58571428571432,0.6005393720132659,183.51088701817247,182.08249999999992,180.65411298182738,2.86,-0.0
270,182.65,2020-04-23 09:55:00+05:30,182.85,182.35,182.55,359985,55.52790906537238,182.64285714285717,0.6293306492218989,183.4156430608755,182.19249999999994,180.96935693912437,2.45,-0.0
271,182.5,2020-04-23 10:05:00+05:30,182.8,182.2,182.65,366125,54.303869733096775,182.62857142857146,-1.224039332275602,183.34966856512813,182.26999999999992,181.19033143487172,2.16,-0.0
272,182.8,2020-04-23 10:15:00+05:30,182.85,182.5,182.5,217883,56.37512182171414,182.64285714285717,2.0712520886173635,183.40669359536057,182.30999999999995,181.21330640463933,2.19,0.0
273,183.05,2020-04-23 10:25:00+05:30,183.45,182.8,182.8,502393,58.080320270158886,182.79285714285717,1.7051984484447473,183.41373946874992,182.40249999999997,181.39126053125003,2.02,-0.0
274,183.0,2020-04-23 10:35:00+05:30,183.3,182.9,183.05,314360,57.59543007082704,182.71428571428575,-0.4848901993318435,183.3883037346841,182.48749999999995,181.58669626531582,1.8,-0.0
275,182.9,2020-04-23 10:45:00+05:30,183.15,182.75,183.0,409442,56.5780641944675,182.77857142857147,-1.0173658763595412,183.43156314560255,182.51999999999995,181.60843685439735,1.82,0.0
276,182.95,2020-04-23 10:55:00+05:30,183.2,182.85,182.85,290642,56.98717578919049,182.83571428571435,0.40911159472298664,183.40756097334273,182.58749999999995,181.76743902665717,1.64,-0.0
277,182.85,2020-04-23 11:05:00+05:30,183.0,182.85,182.9,311949,55.85373328926757,182.86428571428573,-1.1334424999229142,183.42346980690834,182.62249999999995,181.82153019309155,1.6,-0.0
278,182.9,2020-04-23 11:15:00+05:30,183.0,182.85,182.85,365972,56.32151646517149,182.9214285714286,0.46778317590391794,183.45083399100093,182.64499999999995,181.83916600899897,1.61,0.0
279,182.95,2020-04-23 11:25:00+05:30,183.0,182.9,182.95,475791,56.81432139876976,182.9428571428572,0.49280493359827204,183.47075256438723,182.68249999999995,181.89424743561267,1.58,-0.0
280,183.55,2020-04-23 11:35:00+05:30,183.8,182.9,182.95,555834,62.30975964196645,183.01428571428576,5.495438243196688,183.60351225616313,182.74249999999998,181.88148774383683,1.72,0.0
281,183.4,2020-04-23 11:45:00+05:30,183.6,183.0,183.55,429924,60.24574095229796,183.07142857142864,-2.0640186896684938,183.67925070365948,182.76999999999998,181.8607492963405,1.82,0.0
282,183.0,2020-04-23 11:55:00+05:30,183.5,182.9,183.4,335022,55.012482224537614,183.08571428571435,-5.233258727760344,183.62033637076084,182.82999999999998,182.03966362923913,1.58,-0.0
283,183.3,2020-04-23 12:05:00+05:30,183.4,182.9,182.95,441684,57.96189104414889,183.13571428571433,2.9494088196112784,183.64977473978743,182.8825,182.11522526021255,1.53,-0.0
284,182.95,2020-04-23 12:15:00+05:30,183.65,182.95,183.3,422975,53.5508529450755,183.15000000000006,-4.411038099073394,183.65602840381067,182.89999999999998,182.1439715961893,1.51,-0.0
285,182.45,2020-04-23 12:25:00+05:30,183.4,182.25,182.95,1995121,47.938218044014604,183.08571428571435,-5.612634901060893,183.66540203685776,182.8875,182.10959796314222,1.56,0.0
286,181.5,2020-04-23 12:35:00+05:30,182.65,181.5,182.45,1950503,39.472989248350366,182.87857142857146,-8.465228795664238,183.78009124026474,182.86249999999998,181.94490875973523,1.84,0.0
287,180.9,2020-04-23 12:45:00+05:30,181.65,180.65,181.55,3729814,35.24036652343976,182.50000000000006,-4.232622724910605,183.94629290101216,182.72999999999996,181.51370709898777,2.43,1.0
288,182.8,2020-04-23 12:55:00+05:30,183.0,180.7,180.7,2004474,52.58053248704782,182.41428571428577,17.340165963608058,183.95688218242123,182.7475,181.53811781757878,2.42,-0.0
289,183.85,2020-04-23 13:05:00+05:30,183.9,182.45,182.8,966528,59.09845201325151,182.5357142857143,6.517919526203691,184.11346118312576,182.81249999999997,181.51153881687418,2.6,0.0
290,183.25,2020-04-23 13:15:00+05:30,184.0,182.9,183.9,604184,54.48940613950855,182.52857142857147,-4.609045873742957,184.15530134385256,182.84249999999997,181.5296986561474,2.63,0.0
291,183.0,2020-04-23 13:25:00+05:30,183.5,182.95,183.25,324978,52.64701383994089,182.5357142857143,-1.8423922995676634,184.17185505337434,182.86749999999998,181.5631449466256,2.61,-0.0
292,182.9,2020-04-23 13:35:00+05:30,183.35,182.55,183.0,441321,51.89121100618493,182.60000000000005,-0.7558028337559577,184.1765322081912,182.87249999999997,181.56846779180876,2.61,0.0
293,182.75,2020-04-23 13:45:00+05:30,183.0,182.6,182.95,309086,50.71510082720892,182.77857142857147,-1.1761101789760104,184.15983595794955,182.85749999999996,181.55516404205036,2.6,-0.0
294,182.7,2020-04-23 13:55:00+05:30,182.85,182.4,182.7,320269,50.30580647959481,183.0357142857143,-0.40929434761411443,184.14483595794954,182.84249999999994,181.54016404205035,2.6,0.0
295,182.6,2020-04-23 14:05:00+05:30,182.8,182.45,182.7,554235,49.44630432385465,183.0071428571429,-0.8595021557401594,184.13395160242297,182.82749999999993,181.5210483975769,2.61,0.0
296,182.05,2020-04-23 14:15:00+05:30,182.7,181.6,182.7,1017424,44.90224224480764,182.75000000000003,-4.544062079047009,184.13246101308226,182.78249999999997,181.43253898691768,2.7,0.0
297,182.0,2020-04-23 14:25:00+05:30,182.2,181.75,182.0,785513,44.50185472831834,182.5714285714286,-0.40038751648929605,184.1338209505188,182.73999999999995,181.3461790494811,2.79,0.0
298,180.8,2020-04-23 14:35:00+05:30,182.1,180.65,181.95,1231076,36.16664318646753,182.2571428571429,-8.33521154185081,184.2730668966482,182.63499999999996,180.99693310335172,3.28,0.0
299,180.5,2020-04-23 14:45:00+05:30,181.1,180.05,180.95,1452910,34.43042009322036,181.91428571428574,-1.736223093247169,184.398982385148,182.5125,180.62601761485197,3.77,0.0
300,180.45,2020-04-23 14:55:00+05:30,180.75,180.4,180.45,1827430,34.13628488422816,181.58571428571432,-0.294135208992202,184.38890475119013,182.35749999999996,180.3260952488098,4.06,0.0
301,180.7,2020-04-23 15:05:00+05:30,181.55,180.45,180.45,1360965,37.03278700954415,181.3,2.8965021253159904,184.31998596381976,182.22249999999994,180.12501403618012,4.19,0.0
302,180.9,2020-04-23 15:15:00+05:30,181.2,179.9,180.6,3006156,39.33140211312081,181.0571428571429,2.298615103576658,184.26085570641237,182.11749999999995,179.97414429358753,4.29,0.0
303,181.3,2020-04-23 15:25:00+05:30,181.6,181.0,181.05,271237,43.753817339616695,180.95000000000005,4.422415226495886,184.11468482984364,182.01749999999996,179.92031517015627,4.19,-0.0
304,181.1,2020-04-24 09:15:00+05:30,182.8,180.1,181.0,2015093,42.10130099858748,180.8214285714286,-1.6525163410292123,184.01217890691566,181.92499999999995,179.83782109308424,4.17,-0.0
305,181.0,2020-04-24 09:25:00+05:30,181.3,180.65,180.95,819623,41.26215712251829,180.85000000000005,-0.839143876069194,183.9634925328348,181.85249999999996,179.74150746716512,4.22,0.0
306,181.4,2020-04-24 09:35:00+05:30,181.75,180.95,181.0,483051,45.90656298413598,180.97857142857148,4.644405861617692,183.96247791452947,181.84749999999997,179.73252208547046,4.23,0.0
307,180.95,2020-04-24 09:45:00+05:30,181.5,180.8,181.4,457436,41.893330953826926,181.05000000000004,-4.013232030309055,183.96037537194843,181.84999999999997,179.7396246280515,4.22,-0.0
308,181.0,2020-04-24 09:55:00+05:30,181.1,180.8,180.9,239840,42.494876075225804,181.09285714285718,0.6015451213988783,183.85324728843162,181.75999999999993,179.66675271156825,4.19,-0.0
309,180.75,2020-04-24 10:05:00+05:30,181.1,180.75,180.9,268772,40.25112370059674,181.0714285714286,-2.243752374629061,183.4959479661076,181.60499999999996,179.71405203389233,3.78,-0.0
310,180.75,2020-04-24 10:15:00+05:30,181.05,180.6,180.75,446873,40.251123700596736,180.9928571428572,-7.105427357601002e-15,183.2390068968478,181.47999999999996,179.72099310315213,3.52,-0.0
311,180.7,2020-04-24 10:25:00+05:30,181.0,180.5,180.75,511247,39.76412350582243,180.93571428571434,-0.48700019477430345,183.00210270391267,181.36499999999995,179.72789729608724,3.27,-0.0
312,180.35,2020-04-24 10:35:00+05:30,180.7,180.15,180.6,557376,36.44045543306944,180.84285714285718,-3.3236680727529944,182.7647524349302,181.23749999999993,179.71024756506966,3.05,-0.0
313,180.45,2020-04-24 10:45:00+05:30,180.55,180.3,180.35,444685,38.03411490250217,180.70714285714288,1.5936594694327297,182.51021868831367,181.12249999999992,179.73478131168616,2.78,-0.0
314,180.95,2020-04-24 10:55:00+05:30,181.0,180.3,180.35,394094,45.40503989344601,180.70714285714288,7.370924990943841,182.2079853949826,181.0349999999999,179.86201460501724,2.35,-0.0
315,180.9,2020-04-24 11:05:00+05:30,181.0,180.7,180.95,221527,44.83075150316553,180.6928571428572,-0.5742883902804792,181.86306309230346,180.94999999999993,180.0369369076964,1.83,-1.0
316,181.1,2020-04-24 11:15:00+05:30,181.2,180.75,180.9,304769,47.68129477115973,180.7428571428572,2.8505432679941975,181.66024943782676,180.90249999999992,180.14475056217307,1.52,-0.0
317,181.0,2020-04-24 11:25:00+05:30,181.2,180.85,181.1,421281,46.39062401076235,180.77857142857147,-1.2906707603973757,181.41114026651226,180.8524999999999,180.29385973348755,1.12,-0.0
318,181.05,2020-04-24 11:35:00+05:30,181.4,180.9,181.0,348711,47.16077968538227,180.82857142857145,0.7701556746199216,181.42984744097802,180.86499999999992,180.30015255902183,1.13,0.0
319,181.05,2020-04-24 11:45:00+05:30,181.2,180.9,181.0,380390,47.16077968538227,180.92857142857147,0.0,181.43566324966807,180.89249999999993,180.3493367503318,1.09,-0.0
320,181.0,2020-04-24 11:55:00+05:30,181.15,180.9,181.0,344644,46.387900079955365,181.0071428571429,-0.7728796054269083,181.42304336948166,180.91999999999993,180.4169566305182,1.01,-0.0
321,181.05,2020-04-24 12:05:00+05:30,181.1,180.9,181.05,215227,47.31768059652392,181.02142857142857,0.929780516568556,181.4326076437987,180.93749999999994,180.4423923562012,0.99,-0.0
322,181.3,2020-04-24 12:15:00+05:30,181.4,180.9,181.0,259414,51.81718309422728,181.07857142857142,4.499502497703361,181.47789964399894,180.95749999999995,180.43710035600097,1.04,0.0
323,180.65,2020-04-24 12:25:00+05:30,181.35,180.45,181.3,497961,41.816952378329404,181.01428571428573,-10.000230715897878,181.43644789311224,180.92499999999995,180.41355210688766,1.02,-0.0
324,180.7,2020-04-24 12:35:00+05:30,181.05,180.5,180.7,329677,42.73251003558194,180.9714285714286,0.9155576572525348,181.41891172701003,180.90499999999994,180.39108827298986,1.03,0.0
325,179.95,2020-04-24 12:45:00+05:30,180.8,179.4,180.7,889855,34.071692590731786,180.81428571428575,-8.660817444850153,181.5177858507126,180.85249999999994,180.18721414928726,1.33,0.0
326,180.1,2020-04-24 12:55:00+05:30,180.4,179.55,179.95,381628,36.82929034069722,180.67857142857147,2.7575977499654343,181.48098471694198,180.78749999999994,180.0940152830579,1.39,0.0
327,180.4,2020-04-24 13:05:00+05:30,180.55,180.0,180.1,363311,42.04997317939368,180.59285714285718,5.220682838696462,181.46978128580903,180.75999999999993,180.05021871419083,1.42,0.0
328,180.3,2020-04-24 13:15:00+05:30,180.6,180.3,180.4,361671,40.83841611818268,180.48571428571432,-1.2115570612110034,181.4537335806586,180.72499999999997,179.99626641934134,1.46,0.0
329,180.4,2020-04-24 13:25:00+05:30,180.7,180.3,180.4,561645,42.61887477551756,180.35714285714292,1.7804586573348828,181.4503784699082,180.70749999999995,179.9646215300917,1.49,0.0
330,180.6,2020-04-24 13:35:00+05:30,180.75,180.35,180.35,403479,46.11188436317855,180.35000000000005,3.4930095876609855,181.4440995971823,180.69999999999996,179.95590040281763,1.49,0.0
331,180.3,2020-04-24 13:45:00+05:30,180.65,180.2,180.55,576526,41.98345519760084,180.29285714285717,-4.128429165577707,181.44530007874485,180.67999999999998,179.9146999212551,1.53,0.0
332,180.0,2020-04-24 13:55:00+05:30,180.4,179.95,180.4,365862,38.29147977852241,180.3,-3.6919754190784317,181.47417468204583,180.66249999999997,179.8508253179541,1.62,0.0
333,180.0,2020-04-24 14:05:00+05:30,180.3,179.8,180.1,429388,38.291479778522415,180.2857142857143,7.105427357601002e-15,181.49998776001112,180.64,179.78001223998885,1.72,0.0
334,179.9,2020-04-24 14:15:00+05:30,180.15,179.7,180.0,299593,37.032519591247635,180.21428571428575,-1.2589601872747807,181.49470797824426,180.5875,179.68029202175575,1.81,0.0
335,179.85,2020-04-24 14:25:00+05:30,180.25,179.75,179.95,299371,36.38831111718375,180.15000000000003,-0.6442084740638876,181.4865084976253,180.535,179.5834915023747,1.9,0.0
336,180.0,2020-04-24 14:35:00+05:30,180.15,179.85,179.85,388024,39.773159283726265,180.09285714285716,3.3848481665425183,181.42110796964366,180.48,179.53889203035632,1.88,-0.0
337,180.0,2020-04-24 14:45:00+05:30,180.15,179.9,179.95,342463,39.773159283726265,180.0071428571429,0.0,181.36098702574512,180.43,179.4990129742549,1.86,-0.0
338,180.2,2020-04-24 14:55:00+05:30,180.35,179.95,180.0,409938,44.35204280332853,179.9928571428572,4.578883519602265,181.27594926994374,180.3875,179.49905073005624,1.78,-0.0
339,180.0,2020-04-24 15:05:00+05:30,180.3,179.85,180.25,880936,40.99551289584084,179.9928571428572,-3.3565299074876904,181.18172744636124,180.33499999999998,179.48827255363872,1.69,-0.0
340,179.85,2020-04-24 15:15:00+05:30,180.3,179.8,179.95,475906,38.63398875616977,179.9714285714286,-2.3615241396710687,181.08956364801128,180.27749999999997,179.46543635198867,1.62,-0.0
