,close,date,high,low,open,volume,RSI_14,sma_7,RSI_Trend,ub,mb,lb,band_diff,band_diff_trend
0,1694.65,2020-04-13 09:15:00+05:30,1763.25,1691.3,1725.0,1297203,0.0,0.0,,,,,,
1,1664.65,2020-04-13 09:25:00+05:30,1701.65,1657.65,1694.35,593993,0.0,0.0,0.0,,,,,
2,1654.1,2020-04-13 09:35:00+05:30,1667.5,1647.0,1664.2,311984,0.0,0.0,0.0,,,,,
3,1651.0,2020-04-13 09:45:00+05:30,1659.0,1650.15,1654.25,208478,0.0,0.0,0.0,,,,,
4,1659.9,2020-04-13 09:55:00+05:30,1661.0,1650.25,1650.45,183164,2.49194482122185,0.0,2.49194482122185,,,,,
5,1663.75,2020-04-13 10:05:00+05:30,1670.95,1656.1,1659.1,193610,3.610923081426904,0.0,1.1189782602050542,,,,,
6,1658.45,2020-04-13 10:15:00+05:30,1670.0,1657.0,1664.3,136991,3.5505181063044944,1663.7857142857142,-0.06040497512240961,,,,,
7,1660.6,2020-04-13 10:25:00+05:30,1665.95,1655.1,1658.75,118386,4.250262356913524,1658.9214285714286,0.6997442506090295,,,,,
8,1666.8,2020-04-13 10:35:00+05:30,1667.7,1658.0,1660.6,123654,6.360048961839894,1659.2285714285715,2.10978660492637,,,,,
9,1666.1,2020-04-13 10:45:00+05:30,1671.0,1661.05,1668.0,125179,6.343055163503749,1660.9428571428573,-0.016993798336145005,,,,,
10,1667.6,2020-04-13 10:55:00+05:30,1668.95,1660.5,1665.8,108932,6.91701066848502,1663.314285714286,0.5739555049812708,,,,,
11,1676.9,2020-04-13 11:05:00+05:30,1678.4,1666.55,1666.6,160693,10.57606119856888,1665.7428571428572,3.65905053008386,,,,,
12,1689.0,2020-04-13 11:15:00+05:30,1691.2,1675.6,1676.9,256948,15.244310606102744,1669.3500000000001,4.668249407533864,,,,,
13,1674.5,2020-04-13 11:25:00+05:30,1689.0,1669.15,1688.35,179613,14.282121793005516,1671.642857142857,-0.962188813097228,,,,,
14,1682.5,2020-04-13 11:35:00+05:30,1687.5,1674.5,1675.8,208540,17.3805503042136,1674.7714285714285,3.098428511208084,,,,,
15,1680.35,2020-04-13 11:45:00+05:30,1688.0,1675.8,1682.5,201966,17.20060236376237,1676.707142857143,-0.1799479404512283,,,,,
16,1674.55,2020-04-13 11:55:00+05:30,1684.9,1673.0,1680.75,125818,16.69833973297135,1677.9142857142856,-0.502262630791023,,,,,
17,1678.5,2020-04-13 12:05:00+05:30,1682.3,1673.0,1674.0,105777,18.444933644110648,1679.4714285714285,1.7465939111392998,,,,,
18,1683.1,2020-04-13 12:15:00+05:30,1684.0,1677.6,1678.6,109823,20.5345288658513,1680.357142857143,2.0895952217406517,,,,,
19,1674.15,2020-04-13 12:25:00+05:30,1683.35,1670.05,1683.1,120868,19.48828087191184,1678.2357142857143,-1.0462479939394598,1694.434282791569,1671.0574999999997,1647.6807172084302,46.75,
20,1676.2,2020-04-13 12:35:00+05:30,1680.0,1672.1,1673.8,96376,20.487591060996508,1678.4785714285715,0.9993101890846674,1690.9022338071295,1670.1349999999995,1649.3677661928696,41.53,-5.0
21,1677.9,2020-04-13 12:45:00+05:30,1680.55,1671.1,1676.2,102587,21.359293707623053,1677.8214285714287,0.8717026466265452,1691.67308319387,1670.7974999999994,1649.9219168061288,41.75,0.0
22,1679.65,2020-04-13 12:55:00+05:30,1679.95,1673.0,1678.05,70539,22.303589853956055,1677.7214285714285,0.9442961463330022,1691.7402110671555,1672.0749999999996,1652.4097889328436,39.33,-2.0
23,1666.15,2020-04-13 13:05:00+05:30,1683.75,1663.4,1679.6,148998,20.28048008701454,1676.5214285714285,-2.0231097669415163,1690.1006414902215,1672.8324999999998,1655.564358509778,34.54,-5.0
24,1662.95,2020-04-13 13:15:00+05:30,1669.25,1656.0,1665.0,138715,19.821512144300186,1674.3,-0.45896794271435226,1689.820710792679,1672.9849999999994,1656.14928920732,33.67,-1.0
25,1662.0,2020-04-13 13:25:00+05:30,1666.7,1658.3,1663.05,85400,19.679125834644907,1671.2857142857142,-0.14238630965527932,1689.9520710804122,1672.8974999999996,1655.842928919587,34.11,0.0
26,1667.9,2020-04-13 13:35:00+05:30,1669.0,1658.0,1662.95,89331,23.361205703970285,1670.392857142857,3.682079869325378,1689.2203328870903,1673.3699999999997,1657.519667112909,31.7,-2.0
27,1670.65,2020-04-13 13:45:00+05:30,1673.25,1660.0,1667.9,154435,25.08505233440968,1669.6,1.7238466304393967,1688.6168646683636,1673.8725,1659.1281353316363,29.49,-2.0
28,1667.25,2020-04-13 13:55:00+05:30,1676.9,1664.8,1671.0,147814,24.355628078932398,1668.0785714285714,-0.7294242554772836,1688.5952291425033,1673.8949999999998,1659.1947708574962,29.4,-0.0
29,1664.2,2020-04-13 14:05:00+05:30,1671.0,1658.2,1665.9,151313,23.690142769251494,1665.8714285714286,-0.6654853096809035,1688.7350171356481,1673.7999999999997,1658.8649828643513,29.87,0.0
30,1664.15,2020-04-13 14:15:00+05:30,1669.45,1662.3,1663.45,117846,23.678720504582387,1665.5857142857144,-0.011422264669107562,1688.9389843379595,1673.6274999999998,1658.3160156620402,30.62,1.0
31,1670.0,2020-04-13 14:25:00+05:30,1674.4,1660.5,1664.9,165754,28.049784693190347,1666.5928571428572,4.37106418860796,1688.5944586907544,1673.2824999999998,1657.9705413092452,30.62,0.0
32,1671.6,2020-04-13 14:35:00+05:30,1671.75,1663.45,1670.0,95145,29.24338085888229,1667.9642857142858,1.1935961656919432,1685.823566718435,1672.4124999999997,1659.0014332815645,26.82,-4.0
33,1666.0,2020-04-13 14:45:00+05:30,1674.95,1664.0,1671.0,107787,27.52244360760578,1667.6928571428573,-1.72093725127651,1685.6562840678948,1671.9874999999997,1658.3187159321046,27.34,1.0
34,1653.05,2020-04-13 14:55:00+05:30,1666.4,1653.05,1665.5,213889,24.004445807375475,1665.1785714285713,-3.5179978002303045,1685.6788107972482,1670.5149999999999,1655.3511892027516,30.33,3.0
35,1652.4,2020-04-13 15:05:00+05:30,1656.0,1650.0,1652.25,225809,23.839728908522332,1663.0571428571427,-0.16471689885314333,1685.5625368452643,1669.1174999999998,1652.6724631547354,32.89,3.0
36,1656.35,2020-04-13 15:15:00+05:30,1656.4,1650.75,1652.4,199969,27.112877351014475,1661.935714285714,3.2731484424921433,1685.3847271213644,1668.2074999999998,1651.030272878635,34.35,1.0
37,1662.0,2020-04-13 15:25:00+05:30,1663.0,1656.35,1656.4,65672,31.638563532039413,1661.6285714285714,4.525686181024938,1684.0558722475464,1667.3824999999997,1650.709127752453,33.35,-1.0
38,1672.0,2020-04-15 09:15:00+05:30,1708.5,1671.6,1708.5,767847,38.87297378990992,1661.9142857142856,7.234410257870508,1681.9663477278264,1666.8274999999999,1651.6886522721734,30.28,-3.0
39,1668.75,2020-04-15 09:25:00+05:30,1681.35,1661.1,1672.5,409681,37.48458004709953,1661.5071428571428,-1.3883937428103934,1681.334768282559,1666.5574999999997,1651.7802317174403,29.55,-1.0
40,1655.1,2020-04-15 09:35:00+05:30,1670.2,1651.05,1669.15,274758,32.27125595781395,1659.95,-5.213324089285578,1680.3935596632587,1665.5024999999998,1650.611440336741,29.78,0.0
41,1676.0,2020-04-15 09:45:00+05:30,1677.95,1655.2,1655.3,207465,44.90595855641475,1663.2285714285715,12.634702598600803,1679.9865142977749,1665.4074999999998,1650.8284857022247,29.16,-1.0
42,1669.2,2020-04-15 09:55:00+05:30,1676.0,1661.85,1675.8,208958,42.15080871654473,1665.6285714285716,-2.755149839870022,1677.989241980928,1664.8849999999995,1651.780758019071,26.21,-3.0
43,1668.7,2020-04-15 10:05:00+05:30,1670.0,1665.0,1669.6,200078,41.94701626145376,1667.3928571428573,-0.20379245509096933,1678.2177969834468,1665.0124999999994,1651.807203016552,26.41,0.0
44,1669.75,2020-04-15 10:15:00+05:30,1672.95,1665.7,1668.7,173634,42.574912431476896,1668.5000000000002,0.6278961700231349,1678.6837642034857,1665.3524999999995,1652.0212357965133,26.66,0.0
45,1671.9,2020-04-15 10:25:00+05:30,1672.45,1668.1,1669.65,143721,43.91262331330116,1668.4857142857145,1.3377108818242647,1679.388178479463,1665.8474999999994,1652.3068215205358,27.08,0.0
46,1672.75,2020-04-15 10:35:00+05:30,1674.95,1668.5,1671.9,106172,44.463437023640644,1669.0571428571432,0.550813710339483,1679.9552765834953,1666.0899999999995,1652.2247234165036,27.73,1.0
47,1669.9,2020-04-15 10:45:00+05:30,1675.8,1669.3,1672.65,142101,42.94071881228989,1671.1714285714286,-1.5227182113507567,1679.8698222708606,1666.0524999999993,1652.235177729138,27.63,-0.0
48,1671.05,2020-04-15 10:55:00+05:30,1672.2,1661.05,1669.65,225710,43.77740967418113,1670.4642857142858,0.8366908618912419,1680.2325820132276,1666.2424999999996,1652.2524179867717,27.98,0.0
49,1672.0,2020-04-15 11:05:00+05:30,1673.45,1669.3,1671.0,101977,44.5013974370948,1670.8642857142856,0.7239877629136728,1680.8163779865322,1666.6324999999997,1652.4486220134672,28.37,0.0
50,1671.3,2020-04-15 11:15:00+05:30,1673.75,1669.0,1671.95,158711,44.05126749578034,1671.235714285714,-0.45012994131446504,1681.270520409211,1666.9899999999998,1652.7094795907885,28.56,0.0
51,1669.25,2020-04-15 11:25:00+05:30,1672.0,1664.9,1671.9,113410,42.68943052922192,1671.1642857142854,-1.361836966558414,1681.2036486148347,1666.9524999999999,1652.701351385165,28.5,-0.0
52,1669.3,2020-04-15 11:35:00+05:30,1671.8,1667.0,1669.1,180717,42.73593018596446,1670.7928571428567,0.046499656742540196,1680.967344302044,1666.8375,1652.7076556979562,28.26,-0.0
53,1666.55,2020-04-15 11:45:00+05:30,1669.75,1662.0,1669.5,145419,40.77631682905767,1669.9071428571424,-1.959613356906793,1680.9901213315704,1666.8650000000002,1652.73987866843,28.25,-0.0
54,1659.7,2020-04-15 11:55:00+05:30,1668.85,1659.45,1666.55,121910,36.31003194027841,1668.4499999999996,-4.466284888779263,1680.2236871870311,1667.1974999999998,1654.1713128129684,26.05,-2.0
55,1661.45,2020-04-15 12:05:00+05:30,1662.0,1650.0,1659.65,181935,38.1731805343066,1667.0785714285714,1.8631485940281962,1679.0375278034207,1667.6499999999996,1656.2624721965785,22.78,-3.0
56,1655.0,2020-04-15 12:15:00+05:30,1665.25,1653.0,1661.7,140611,34.201879704839484,1664.6499999999999,-3.9713008294671184,1679.264257032588,1667.5824999999998,1655.9007429674116,23.36,1.0
57,1655.1,2020-04-15 12:25:00+05:30,1656.95,1652.0,1655.0,113009,34.31597275259794,1662.3357142857144,0.11409304775845897,1679.9734365163056,1667.2374999999997,1654.5015634836939,25.47,2.0
58,1657.4,2020-04-15 12:35:00+05:30,1658.0,1653.25,1655.1,77847,37.02089447834047,1660.642857142857,2.7049217257425298,1679.7573768613938,1666.5074999999997,1653.2576231386056,26.5,1.0
59,1625.4,2020-04-15 12:45:00+05:30,1657.2,1623.25,1657.2,458733,22.894468040725883,1654.3714285714286,-14.12642643761459,1686.9336320791126,1664.3399999999997,1641.7463679208868,45.19,19.0
60,1636.0,2020-04-15 12:55:00+05:30,1643.25,1620.0,1626.55,199367,32.13265663790527,1650.007142857143,9.238188597179388,1689.0315058664505,1663.3849999999998,1637.738494133549,51.29,6.0
61,1648.35,2020-04-15 13:05:00+05:30,1652.45,1634.1,1635.65,183725,41.00187365583315,1648.3857142857144,8.86921701792788,1687.7664788321435,1662.0024999999998,1636.238521167856,51.53,0.0
62,1641.3,2020-04-15 13:15:00+05:30,1649.0,1638.35,1649.0,159580,37.9527533305117,1645.5071428571428,-3.0491203253214536,1687.7167773982014,1660.6075,1633.4982226017987,54.22,3.0
63,1648.0,2020-04-15 13:25:00+05:30,1648.0,1640.05,1640.9,141259,42.34116247353145,1644.5071428571428,4.38840914301975,1686.9600591233839,1659.5725000000002,1632.1849408766166,54.78,1.0
64,1644.95,2020-04-15 13:35:00+05:30,1650.85,1643.6,1648.25,143692,40.92225563859039,1643.0571428571427,-1.4189068349410547,1686.02386812115,1658.3325,1630.64113187885,55.38,1.0
65,1638.1,2020-04-15 13:45:00+05:30,1644.1,1631.75,1644.0,185627,37.85408655337653,1640.3,-3.06816908521386,1684.9658635194096,1656.6425,1628.3191364805903,56.65,1.0
66,1626.55,2020-04-15 13:55:00+05:30,1644.0,1623.5,1637.9,176471,33.318060556373254,1640.4642857142858,-4.536025997003279,1684.5941532577904,1654.3325,1624.0708467422096,60.52,4.0
67,1604.35,2020-04-15 14:05:00+05:30,1628.5,1604.35,1627.35,229984,26.69634838821382,1635.9428571428573,-6.6217121681594335,1687.7355828456243,1651.0549999999998,1614.3744171543754,73.36,13.0
68,1602.35,2020-04-15 14:15:00+05:30,1605.15,1592.7,1603.5,333417,26.19132697515755,1629.3714285714286,-0.5050214130562694,1688.9844953273237,1647.6199999999997,1606.2555046726757,82.73,9.0
69,1604.0,2020-04-15 14:25:00+05:30,1609.0,1599.6,1603.0,184065,27.411342418798256,1624.0428571428572,1.2200154436407047,1688.24026327667,1644.2199999999998,1600.1997367233296,88.04,5.0
70,1605.95,2020-04-15 14:35:00+05:30,1612.8,1600.0,1604.7,178287,28.906959342637748,1618.0357142857144,1.495616923839492,1686.1938582908376,1640.9524999999994,1595.7111417091612,90.48,2.0
71,1600.2,2020-04-15 14:45:00+05:30,1607.0,1595.85,1605.95,165020,27.131758614895915,1611.6428571428573,-1.775200727741833,1684.1652806811721,1637.4999999999993,1590.8347193188265,93.33,3.0
72,1597.75,2020-04-15 14:55:00+05:30,1604.95,1596.1,1600.95,307452,26.38816247253996,1605.8785714285716,-0.7435961423559547,1681.2882268385833,1633.9224999999992,1586.556773161415,94.73,1.0
73,1599.6,2020-04-15 15:05:00+05:30,1602.0,1594.55,1597.8,485910,27.992975264760986,1602.0285714285717,1.6048127922210256,1677.6942161046397,1630.5749999999994,1583.455783895359,94.24,-0.0
74,1591.0,2020-04-15 15:15:00+05:30,1602.0,1589.65,1599.6,554408,25.238426873190534,1600.1214285714289,-2.7545483915704523,1675.323810340687,1627.1399999999992,1578.9561896593113,96.37,2.0
75,1597.0,2020-04-15 15:25:00+05:30,1597.95,1585.2,1590.65,199512,30.385259408689038,1599.3571428571431,5.146832535498504,1671.0489653529435,1623.9174999999993,1576.7860346470552,94.26,-2.0
76,1592.3,2020-04-16 09:15:00+05:30,1598.95,1576.7,1590.0,450953,28.717477759975125,1597.6857142857145,-1.6677816487139125,1667.5484601239589,1620.7824999999993,1574.0165398760398,93.53,-1.0
77,1596.75,2020-04-16 09:25:00+05:30,1612.95,1592.55,1593.55,225683,32.49542827513197,1596.3714285714286,3.7779505151568458,1662.863585942694,1617.8649999999993,1572.8664140573046,90.0,-4.0
78,1595.1,2020-04-16 09:35:00+05:30,1606.65,1593.1,1595.8,233059,31.82197274595339,1595.642857142857,-0.6734555291785824,1656.7507769351687,1614.7499999999993,1572.74922306483,84.0,-6.0
79,1599.0,2020-04-16 09:45:00+05:30,1603.0,1594.7,1595.1,195592,35.238380542600495,1595.8214285714287,3.416407796647107,1655.680137340168,1613.4299999999992,1571.1798626598304,84.5,0.0
80,1590.15,2020-04-16 09:55:00+05:30,1601.75,1588.0,1598.7,191184,31.393929779051902,1594.4714285714285,-3.8444507635485934,1653.206476880706,1611.1374999999994,1569.0685231192926,84.14,-0.0
81,1604.5,2020-04-16 10:05:00+05:30,1607.0,1590.3,1590.3,233279,42.372408080140055,1596.3999999999999,10.978478301088153,1647.2503919524586,1608.9449999999993,1570.63960804754,76.61,-8.0
82,1607.2,2020-04-16 10:15:00+05:30,1609.0,1600.75,1604.6,205114,44.18228162089224,1597.857142857143,1.8098735407521858,1642.3870534813514,1607.2399999999993,1572.0929465186473,70.29,-6.0
83,1615.95,2020-04-16 10:25:00+05:30,1619.25,1605.35,1606.75,198298,49.69605344392014,1601.2357142857145,5.513771823027902,1635.4822716482597,1605.6374999999994,1575.792728351739,59.69,-11.0
84,1607.95,2020-04-16 10:35:00+05:30,1616.0,1606.9,1615.9,123158,45.29096251746681,1602.8357142857146,-4.405090926453333,1627.2835214997283,1603.787499999999,1580.2914785002697,46.99,-13.0
85,1612.5,2020-04-16 10:45:00+05:30,1615.0,1605.0,1608.0,116079,48.1082882755235,1605.321428571429,2.8173257580566897,1620.2072851607518,1602.5074999999993,1584.8077148392467,35.4,-12.0
86,1609.15,2020-04-16 10:55:00+05:30,1616.0,1606.05,1612.6,141955,46.22101177015894,1606.7714285714287,-1.8872765053645608,1615.6977790643841,1601.6374999999994,1587.5772209356146,28.12,-7.0
87,1611.3,2020-04-16 11:05:00+05:30,1615.0,1607.1,1609.15,116975,47.640683497959614,1609.7928571428572,1.4196717278006759,1616.6577495360382,1601.9849999999994,1587.3122504639607,29.35,1.0
88,1612.25,2020-04-16 11:15:00+05:30,1617.0,1608.05,1611.35,175326,48.29024106747063,1610.9,0.6495575695110176,1617.855729336572,1602.4799999999996,1587.104270663427,30.75,1.0
89,1619.7,2020-04-16 11:25:00+05:30,1621.5,1611.0,1612.25,158789,53.19413743073715,1612.6857142857145,4.903896363266519,1620.4626467178366,1603.2649999999994,1586.0673532821622,34.4,4.0
90,1623.15,2020-04-16 11:35:00+05:30,1623.95,1616.0,1619.05,210902,55.30785740652587,1613.7142857142858,2.113719975788719,1623.4736977665966,1604.1249999999995,1584.7763022334025,38.7,4.0
91,1621.25,2020-04-16 11:45:00+05:30,1623.2,1618.75,1623.2,148254,53.86516294088661,1615.6142857142856,-1.4426944656392564,1625.8706078025086,1605.1774999999993,1584.48439219749,41.39,3.0
92,1624.2,2020-04-16 11:55:00+05:30,1629.95,1619.9,1621.2,205154,55.79326096475667,1617.2857142857142,1.9280980238700565,1628.531938539071,1606.4999999999993,1584.4680614609276,44.06,3.0
93,1638.4,2020-04-16 12:05:00+05:30,1639.65,1622.0,1624.25,238161,63.665083530220826,1621.4642857142858,7.871822565464157,1634.3970819866772,1608.4399999999994,1582.4829180133215,51.91,8.0
94,1645.2,2020-04-16 12:15:00+05:30,1646.9,1633.25,1638.55,187231,66.72113441887497,1626.3071428571432,3.0560508886541413,1640.531949345956,1611.1499999999992,1581.7680506540423,58.76,7.0
95,1635.55,2020-04-16 12:25:00+05:30,1645.2,1635.0,1645.2,154178,59.121620279314186,1629.6357142857144,-7.599514139560782,1643.5872132936886,1613.0774999999994,1582.5677867063102,61.02,2.0
96,1633.5,2020-04-16 12:35:00+05:30,1640.0,1628.5,1635.0,134100,57.62017937729875,1631.607142857143,-1.501440902015439,1645.3019767548626,1615.1374999999994,1584.9730232451361,60.33,-1.0
97,1636.65,2020-04-16 12:45:00+05:30,1637.75,1625.0,1633.55,138434,59.329346165980745,1633.5357142857142,1.7091667886819977,1647.453905935323,1617.1324999999993,1586.8110940646754,60.64,0.0
98,1637.3,2020-04-16 12:55:00+05:30,1641.05,1627.0,1636.65,152071,59.6906055123076,1635.8285714285714,0.36125934632685386,1648.975863769553,1619.2424999999996,1589.5091362304463,59.47,-1.0
99,1639.5,2020-04-16 13:05:00+05:30,1640.0,1632.2,1637.3,94808,60.95475969248334,1638.0142857142855,1.264154180175744,1650.711260396996,1621.2674999999995,1591.8237396030029,58.89,-1.0
100,1640.45,2020-04-16 13:15:00+05:30,1642.0,1635.05,1639.05,90805,61.51601366800769,1638.3071428571427,0.5612539755243446,1650.501727750421,1623.7824999999993,1597.0632722495777,53.44,-5.0
101,1642.5,2020-04-16 13:25:00+05:30,1643.2,1637.1,1640.45,103526,62.760000922876216,1637.9214285714284,1.2439872548685287,1652.0301209851832,1625.6824999999994,1599.3348790148157,52.7,-1.0
102,1646.1,2020-04-16 13:35:00+05:30,1654.75,1642.5,1642.75,193704,64.90540656192245,1639.4285714285713,2.1454056390462313,1653.9735668192047,1627.6274999999991,1601.2814331807936,52.69,-0.0
103,1648.5,2020-04-16 13:45:00+05:30,1653.5,1642.3,1646.5,111933,66.29930779367463,1641.5714285714287,1.3939012317521815,1656.5674976213397,1629.2549999999994,1601.9425023786591,54.62,2.0
104,1653.75,2020-04-16 13:55:00+05:30,1656.75,1647.15,1648.5,164895,69.18279348130659,1644.0142857142857,2.8834856876319606,1659.0159013512944,1631.5449999999996,1604.0740986487049,54.94,0.0
105,1652.0,2020-04-16 14:05:00+05:30,1655.0,1650.3,1653.75,157113,67.1212042030407,1646.1142857142859,-2.0615892782658847,1660.9052515051426,1633.5199999999998,1606.134748494857,54.77,-0.0
106,1655.2,2020-04-16 14:15:00+05:30,1658.0,1652.3,1652.3,105520,68.94363596006762,1648.3571428571431,1.8224317570269193,1662.3093085339794,1635.8224999999995,1609.3356914660196,52.97,-2.0
107,1654.1,2020-04-16 14:25:00+05:30,1663.5,1654.1,1655.2,170085,67.55740460272061,1650.3071428571432,-1.3862313573470146,1662.9824473052558,1637.9624999999994,1612.942552694743,50.04,-3.0
108,1658.55,2020-04-16 14:35:00+05:30,1660.45,1651.5,1654.0,229893,70.17041288550665,1652.6000000000001,2.6130082827860406,1663.8035991689048,1640.2774999999995,1616.751400831094,47.05,-3.0
109,1653.05,2020-04-16 14:45:00+05:30,1660.5,1653.0,1659.45,104328,63.37620561162764,1653.5928571428572,-6.79420727387901,1664.0124063055114,1641.9449999999997,1619.877593694488,44.13,-3.0
110,1628.95,2020-04-16 14:55:00+05:30,1655.0,1625.0,1653.05,426441,43.50064168096216,1650.8,-19.87556393066548,1663.396263020705,1642.2349999999994,1621.073736979294,42.32,-2.0
111,1625.5,2020-04-16 15:05:00+05:30,1631.2,1622.2,1628.4,687891,41.49446080056709,1646.7642857142857,-2.006180880395071,1662.7910357636845,1642.4474999999995,1622.1039642363146,40.69,-2.0
112,1622.5,2020-04-16 15:15:00+05:30,1629.55,1616.25,1625.6,689182,39.77659637849092,1642.55,-1.7178644220761683,1663.0385444908925,1642.3624999999997,1621.686455509107,41.35,1.0
113,1630.0,2020-04-16 15:25:00+05:30,1633.0,1616.6,1622.5,218779,45.816005747266836,1638.95,6.039409368775914,1663.2878871511264,1641.9424999999997,1620.597112848873,42.69,1.0
114,1732.3,2020-04-17 09:15:00+05:30,1738.0,1690.0,1690.0,1487495,78.09053745322694,1650.1214285714284,32.27453170596011,1692.0399537923715,1646.2975,1600.5550462076283,91.48,49.0
115,1709.3,2020-04-17 09:25:00+05:30,1732.0,1701.0,1731.8,463053,68.24782824348338,1657.3714285714284,-9.84270920974356,1703.3370985627791,1649.985,1596.6329014372207,106.7,15.0
116,1700.0,2020-04-17 09:35:00+05:30,1713.55,1700.0,1709.7,222229,64.69691849311707,1664.0785714285714,-3.5509097503663156,1710.4879364882338,1653.31,1596.132063511766,114.36,8.0
117,1700.25,2020-04-17 09:45:00+05:30,1710.9,1693.35,1700.0,304285,64.75001323333768,1674.2642857142855,0.05309474022061522,1716.7574966951056,1656.4899999999998,1596.222503304894,120.53,6.0
118,1697.7,2020-04-17 09:55:00+05:30,1704.85,1695.05,1701.0,232404,63.697694138107295,1684.5785714285714,-1.0523190952303878,1721.7496269099881,1659.5099999999995,1597.270373090011,124.48,4.0
119,1687.0,2020-04-17 10:05:00+05:30,1708.75,1679.65,1697.95,322521,59.33975071482735,1693.792857142857,-4.357943423279941,1724.5333930990612,1661.8849999999995,1599.2366069009379,125.3,1.0
120,1695.0,2020-04-17 10:15:00+05:30,1700.0,1682.05,1687.9,290583,61.46265567914265,1703.0785714285714,2.122904964315296,1728.076139610657,1664.6124999999997,1601.1488603893424,126.93,2.0
121,1677.8,2020-04-17 10:25:00+05:30,1696.5,1672.4,1695.0,555768,54.833889345177866,1695.292857142857,-6.6287663339647835,1729.2121240036813,1666.3774999999998,1603.5428759963183,125.67,-1.0
122,1688.8,2020-04-17 10:35:00+05:30,1703.0,1670.55,1677.3,309631,57.95684360803575,1692.3642857142856,3.1229542628578812,1731.3478393276496,1668.5125,1605.6771606723505,125.67,0.0
123,1680.9,2020-04-17 10:45:00+05:30,1689.35,1674.0,1689.0,228779,55.01478423321322,1689.6357142857141,-2.942059374822527,1732.464026829061,1670.1325000000002,1607.8009731709394,124.66,-1.0
124,1680.85,2020-04-17 10:55:00+05:30,1688.0,1677.0,1681.05,122793,54.9957557803401,1686.8642857142856,-0.019028452873122603,1733.4969209735382,1671.4875,1609.4780790264617,124.02,-1.0
125,1687.8,2020-04-17 11:05:00+05:30,1689.0,1674.0,1680.0,156040,57.21116525264285,1685.4499999999996,2.2154094723027526,1734.9844515404939,1673.2775000000001,1611.5705484595064,123.41,-1.0
126,1689.45,2020-04-17 11:15:00+05:30,1695.95,1683.4,1687.8,140925,57.743007632953834,1685.7999999999997,0.5318423803109837,1736.4852338760777,1674.9900000000002,1613.4947661239228,122.99,-0.0
127,1682.05,2020-04-17 11:25:00+05:30,1692.65,1677.4,1689.45,113937,54.47287591973679,1683.9499999999996,-3.27013171321704,1737.1498400938774,1676.3875000000003,1615.6251599061231,121.52,-1.0
128,1680.0,2020-04-17 11:35:00+05:30,1684.75,1678.55,1682.7,75660,53.56781748265563,1684.2642857142855,-0.9050584370811663,1737.651209359925,1677.4600000000003,1617.2687906400756,120.38,-1.0
129,1673.3,2020-04-17 11:45:00+05:30,1682.5,1672.0,1679.95,116857,50.60828209656629,1682.0499999999997,-2.9595353860893354,1737.6068116624288,1678.4725000000003,1619.3381883375719,118.27,-2.0
130,1658.4,2020-04-17 11:55:00+05:30,1678.5,1652.8,1673.3,223592,44.694445897182504,1678.8357142857142,-5.913836199383788,1735.2283457362093,1679.9450000000004,1624.6616542637914,110.57,-8.0
131,1658.2,2020-04-17 12:05:00+05:30,1662.7,1652.4,1658.75,139780,44.619076215501956,1675.6,-0.0753696816805487,1731.7844284060552,1681.5800000000004,1631.3755715939456,100.41,-10.0
132,1661.35,2020-04-17 12:15:00+05:30,1668.0,1656.0,1658.5,132568,46.159076722368255,1671.8214285714287,1.5400005068662992,1726.602944641694,1683.5225000000003,1640.4420553583066,86.16,-14.0
133,1664.3,2020-04-17 12:25:00+05:30,1666.65,1658.85,1661.35,92138,47.627858073483274,1668.2285714285713,1.4687813511150196,1721.545145635302,1685.2375000000004,1648.9298543646987,72.62,-14.0
134,1670.0,2020-04-17 12:35:00+05:30,1672.0,1663.0,1664.3,99113,50.44108008574862,1666.5071428571428,2.813222012265342,1711.4479061756724,1682.1225000000002,1652.797093824328,58.65,-14.0
135,1671.75,2020-04-17 12:45:00+05:30,1675.0,1665.0,1670.05,96634,51.30590432187284,1665.3285714285714,0.8648242361242211,1706.9337498474697,1680.2450000000001,1653.5562501525305,53.38,-5.0
136,1668.0,2020-04-17 12:55:00+05:30,1673.0,1665.0,1671.0,74332,49.31978605595732,1664.5714285714287,-1.9861182659155148,1704.1580699219412,1678.645,1653.1319300780588,51.03,-2.0
137,1667.55,2020-04-17 13:05:00+05:30,1671.85,1666.6,1668.0,103319,49.074282578917426,1665.8785714285714,-0.24550347703989672,1700.8282283136211,1677.0100000000002,1653.1917716863793,47.64,-3.0
138,1658.4,2020-04-17 13:15:00+05:30,1669.9,1655.1,1667.25,302288,44.25089875202292,1665.9071428571426,-4.823383826894506,1698.1499983200222,1675.0450000000005,1651.9400016799789,46.21,-1.0
139,1660.6,2020-04-17 13:25:00+05:30,1662.55,1656.0,1658.4,73391,45.63448935977088,1665.7999999999997,1.383590607747962,1696.9702938077871,1673.7250000000004,1650.4797061922136,46.49,0.0
140,1656.95,2020-04-17 13:35:00+05:30,1662.15,1656.0,1660.3,82926,43.696842374585856,1664.75,-1.937646985185026,1693.937117099862,1671.8225000000002,1649.7078829001384,44.23,-2.0
141,1658.25,2020-04-17 13:45:00+05:30,1661.95,1654.0,1657.4,96040,44.59910591144788,1663.0714285714287,0.9022635368620229,1693.5670713473844,1670.845,1648.1229286526157,45.44,1.0
142,1663.35,2020-04-17 13:55:00+05:30,1666.0,1653.0,1658.35,149834,48.11210634291766,1661.8714285714286,3.5130004314697842,1690.8664199377574,1669.5724999999998,1648.278580062242,42.59,-3.0
143,1665.9,2020-04-17 14:05:00+05:30,1669.2,1661.5,1663.35,149363,49.82527880606642,1661.5714285714287,1.7131724631487586,1689.4837904014362,1668.8224999999998,1648.1612095985633,41.32,-1.0
144,1668.9,2020-04-17 14:15:00+05:30,1670.0,1661.35,1666.0,217413,51.83987677142137,1661.7642857142857,2.0145979653549517,1688.0978987634671,1668.225,1648.3521012365327,39.75,-2.0
145,1665.5,2020-04-17 14:25:00+05:30,1674.35,1665.35,1668.45,158735,49.418112208755936,1662.7785714285715,-2.4217645626654374,1684.7335966219896,1667.11,1649.4864033780102,35.25,-4.0
146,1673.9,2020-04-17 14:35:00+05:30,1678.5,1664.05,1665.4,177016,55.010120902235585,1664.6785714285713,5.592008693479649,1680.9161705725376,1666.3325,1651.7488294274624,29.17,-6.0
147,1673.9,2020-04-17 14:45:00+05:30,1679.0,1670.35,1674.1,159511,55.010120902235585,1667.1,0.0,1679.0411009931702,1665.925,1652.8088990068297,26.23,-3.0
148,1674.8,2020-04-17 14:55:00+05:30,1687.9,1670.5,1673.35,303570,55.619790781812135,1669.4642857142856,0.6096698795765505,1677.773809320399,1665.6650000000002,1653.5561906796013,24.22,-2.0
149,1680.2,2020-04-17 15:05:00+05:30,1685.8,1672.5,1674.8,385489,59.192940004231254,1671.8714285714284,3.5731492224191186,1679.3639113134802,1666.0099999999998,1652.6560886865193,26.71,2.0
150,1683.0,2020-04-17 15:15:00+05:30,1685.0,1677.8,1680.2,375155,60.94862691752834,1674.3142857142855,1.7556869132970832,1682.0904332738446,1667.2399999999998,1652.389566726155,29.7,3.0
151,1682.0,2020-04-17 15:25:00+05:30,1683.1,1676.85,1683.1,161197,59.95648324091651,1676.185714285714,-0.9921436766118248,1684.0259306433259,1668.4299999999998,1652.8340693566738,31.19,1.0
152,1717.3,2020-04-20 09:15:00+05:30,1718.95,1691.15,1709.8,530239,75.2638859125963,1683.5857142857142,15.307402671679782,1697.732662853576,1671.2275000000002,1644.7223371464245,53.01,22.0
153,1701.3,2020-04-20 09:25:00+05:30,1724.0,1698.05,1717.75,294187,63.428470756139255,1687.4999999999998,-11.835415156457039,1702.5461358693412,1673.0775,1643.608864130659,58.94,6.0
154,1682.5,2020-04-20 09:35:00+05:30,1703.4,1682.0,1700.15,305993,52.90182388148056,1688.7285714285713,-10.526646874658695,1703.4254394841555,1673.7025,1643.9795605158447,59.45,1.0
155,1687.95,2020-04-20 09:45:00+05:30,1694.2,1674.3,1681.15,246503,55.221862304567026,1690.607142857143,2.3200384230864657,1704.8872103083404,1674.5125,1644.1377896916597,60.75,1.0
156,1702.9,2020-04-20 09:55:00+05:30,1705.45,1685.0,1687.1,203734,60.91018329884527,1693.85,5.688320994278243,1708.9763867877773,1676.2575000000002,1643.538613212223,65.44,5.0
157,1702.7,2020-04-20 10:05:00+05:30,1708.0,1699.0,1703.0,143161,60.79891092463593,1696.6642857142856,-0.11127237420933511,1712.4933852961728,1678.0149999999999,1643.536614703827,68.96,4.0
158,1706.0,2020-04-20 10:15:00+05:30,1706.45,1699.2,1702.0,115179,62.03142083864048,1700.0928571428572,1.2325099140045452,1715.7331544211702,1680.3949999999998,1645.0568455788293,70.68,2.0
159,1714.9,2020-04-20 10:25:00+05:30,1719.45,1704.35,1706.0,172549,65.2084876397247,1699.75,3.177066801084216,1720.3377711845358,1683.11,1645.882228815464,74.46,4.0
160,1712.25,2020-04-20 10:35:00+05:30,1715.95,1711.0,1715.15,107773,63.504574079607146,1701.314285714286,-1.7039135601175488,1723.1363741024095,1685.875,1648.6136258975905,74.52,0.0
161,1714.35,2020-04-20 10:45:00+05:30,1714.95,1708.1,1712.2,105761,64.30066319072213,1705.8642857142859,0.7960891111149877,1725.6302425032952,1688.6799999999998,1651.7297574967045,73.9,-1.0
162,1726.25,2020-04-20 10:55:00+05:30,1727.65,1713.25,1714.35,188697,68.49458902795124,1711.3357142857144,4.193925837229102,1730.3705233252933,1691.825,1653.2794766747068,77.09,3.0
163,1719.0,2020-04-20 11:05:00+05:30,1727.9,1715.0,1726.05,156237,63.59290836496849,1713.6357142857144,-4.9016806629827485,1732.8212434249083,1694.48,1656.1387565750917,76.68,-0.0
164,1708.35,2020-04-20 11:15:00+05:30,1719.5,1704.9,1719.0,162595,57.125703801524196,1714.4428571428573,-6.467204563444291,1733.2820286992671,1696.4524999999999,1659.6229713007326,73.66,-3.0
165,1706.35,2020-04-20 11:25:00+05:30,1714.0,1704.45,1708.35,267952,55.97447145543658,1714.4928571428572,-1.1512323460876175,1732.521102983006,1698.4949999999997,1664.4688970169934,68.05,-6.0
166,1696.95,2020-04-20 11:35:00+05:30,1707.7,1693.0,1706.0,228322,50.79338199044789,1711.9285714285718,-5.181089464988688,1731.6683562790204,1699.6474999999996,1667.6266437209788,64.04,-4.0
167,1697.2,2020-04-20 11:45:00+05:30,1702.35,1694.1,1696.95,155732,50.92348927294852,1709.7785714285717,0.13010728250063153,1730.4994788042816,1700.8124999999993,1671.125521195717,59.37,-5.0
168,1686.15,2020-04-20 11:55:00+05:30,1697.2,1681.6,1697.2,236407,45.23077867084285,1705.7500000000002,-5.69271060210567,1729.3580063997563,1701.3799999999992,1673.4019936002421,55.96,-3.0
169,1692.9,2020-04-20 12:05:00+05:30,1696.5,1686.0,1686.15,236961,48.98262659202426,1700.9857142857145,3.751847921181408,1728.5059339009956,1702.0149999999994,1675.5240660990032,52.98,-3.0
170,1707.05,2020-04-20 12:15:00+05:30,1708.0,1691.2,1692.9,145710,55.81567142158888,1699.2785714285715,6.833044829564621,1728.215463601263,1703.2174999999995,1678.219536398736,50.0,-3.0
171,1704.05,2020-04-20 12:25:00+05:30,1713.1,1703.0,1707.8,161881,54.159444373257394,1698.6642857142856,-1.6562270483314876,1727.2361721796633,1704.3199999999997,1681.4038278203361,45.83,-4.0
172,1708.45,2020-04-20 12:35:00+05:30,1710.1,1704.0,1704.05,145712,56.21172913547105,1698.9642857142858,2.0522847622136595,1726.0686664502025,1703.8774999999994,1681.6863335497962,44.38,-1.0
173,1708.55,2020-04-20 12:45:00+05:30,1710.0,1704.1,1707.45,142394,56.259658527889215,1700.6214285714284,0.047929392418161854,1726.4906676422495,1704.2399999999993,1681.9893323577492,44.5,0.0
174,1709.0,2020-04-20 12:55:00+05:30,1710.0,1705.0,1708.6,119696,56.49045325585556,1702.3071428571425,0.23079472796634803,1725.3884603171823,1705.5649999999994,1685.7415396828164,39.65,-5.0
175,1708.55,2020-04-20 13:05:00+05:30,1712.0,1705.0,1708.45,125545,56.171268143122894,1705.5071428571425,-0.3191851127326686,1724.6242715210153,1706.5949999999998,1688.5657284789843,36.06,-4.0
176,1713.0,2020-04-20 13:15:00+05:30,1714.2,1706.05,1708.55,150455,58.65887658703135,1708.3785714285711,2.4876084439084565,1725.2588314022205,1707.0999999999997,1688.9411685977789,36.32,0.0
177,1720.0,2020-04-20 13:25:00+05:30,1720.95,1709.25,1712.95,153099,62.2851322417537,1710.2285714285713,3.6262556547223497,1726.8740092701464,1707.9649999999997,1689.055990729853,37.82,2.0
178,1719.9,2020-04-20 13:35:00+05:30,1720.0,1712.35,1719.7,122758,62.20119368309368,1712.492857142857,-0.08393855866002298,1728.2735721001006,1708.6599999999999,1689.046427899899,39.23,1.0
179,1717.3,2020-04-20 13:45:00+05:30,1720.5,1714.75,1719.9,130393,59.93942733876622,1713.7571428571425,-2.261766344327455,1728.5827749251557,1708.78,1688.9772250748442,39.61,0.0
180,1719.0,2020-04-20 13:55:00+05:30,1719.5,1712.0,1716.5,139604,60.939534842599734,1715.2499999999998,1.0001075038335117,1729.3937052662604,1709.1174999999998,1688.8412947337392,40.55,1.0
181,1716.35,2020-04-20 14:05:00+05:30,1720.0,1716.0,1719.55,118048,58.48832575374106,1716.2999999999997,-2.4512090888586755,1729.6216862319723,1709.2175,1688.8133137680277,40.81,0.0
182,1720.5,2020-04-20 14:15:00+05:30,1725.0,1716.35,1716.35,172635,61.12546656233302,1718.0071428571428,2.6371408085919583,1728.4673165209974,1708.9299999999998,1689.3926834790022,39.07,-2.0
183,1725.0,2020-04-20 14:25:00+05:30,1727.7,1720.3,1721.0,152934,63.8101837783459,1719.7214285714285,2.684717216012885,1729.5855087590962,1709.23,1688.8744912409038,40.71,2.0
184,1726.0,2020-04-20 14:35:00+05:30,1729.85,1722.1,1725.5,171102,64.39858396234305,1720.5785714285714,0.5884001839971518,1731.7945535782003,1710.1125,1688.4304464217996,43.36,3.0
185,1716.3,2020-04-20 14:45:00+05:30,1726.45,1711.4,1725.65,279004,55.049000222977256,1720.0642857142855,-9.349583739365798,1732.3849638950587,1710.6100000000001,1688.8350361049415,43.55,0.0
186,1723.6,2020-04-20 14:55:00+05:30,1724.55,1712.0,1716.35,215934,59.78137358495506,1720.9642857142858,4.732373361977807,1733.4579357075042,1711.9425000000003,1690.4270642924964,43.03,-1.0
187,1726.95,2020-04-20 15:05:00+05:30,1729.0,1718.35,1723.7,297971,61.77042385272603,1722.1000000000001,1.9890502677709705,1734.766758496956,1713.4300000000003,1692.0932415030445,42.67,-0.0
188,1732.3,2020-04-20 15:15:00+05:30,1732.4,1726.5,1727.0,351964,64.7672320414203,1724.3785714285714,2.996808188694267,1734.4759174751553,1715.7375000000004,1696.9990825248456,37.48,-5.0
189,1734.0,2020-04-20 15:25:00+05:30,1738.0,1728.2,1732.3,193128,65.68765963044194,1726.3071428571427,0.9204275890216422,1734.9319673810119,1717.7925000000002,1700.6530326189886,34.28,-3.0
190,1653.7,2020-04-21 09:15:00+05:30,1687.95,1651.1,1670.0,790130,28.20537517005299,1716.1214285714286,-37.482284460388954,1748.356255104028,1715.125,1681.893744895972,66.46,32.0
191,1676.5,2020-04-21 09:25:00+05:30,1677.05,1651.5,1654.0,328814,38.87115132490836,1709.05,10.665776154855372,1750.9575364927123,1713.7475,1676.5374635072876,74.42,8.0
192,1679.35,2020-04-21 09:35:00+05:30,1680.0,1666.0,1676.5,246430,40.06966213859295,1703.7714285714287,1.1985108136845923,1752.5275236930274,1712.2925,1672.0574763069726,80.47,6.0
193,1674.85,2020-04-21 09:45:00+05:30,1679.5,1672.0,1679.1,139161,38.77689268272527,1696.8071428571432,-1.2927694558676848,1754.1861557484465,1710.6074999999996,1667.0288442515528,87.16,7.0
194,1675.65,2020-04-21 09:55:00+05:30,1679.5,1672.5,1674.85,138695,39.1527375317289,1689.4785714285715,0.37584484900363435,1755.244604749983,1708.9399999999998,1662.6353952500167,92.61,5.0
195,1681.35,2020-04-21 10:05:00+05:30,1684.0,1674.5,1675.7,156272,41.88998326290747,1682.2000000000003,2.737245731178568,1755.5023428827087,1707.5799999999995,1659.6576571172902,95.84,3.0
196,1687.4,2020-04-21 10:15:00+05:30,1687.4,1679.5,1681.3,143641,44.73190703567442,1675.5428571428572,2.841923772766947,1754.9744394177385,1706.2999999999997,1657.625560582261,97.35,2.0
197,1687.75,2020-04-21 10:25:00+05:30,1689.6,1682.3,1687.4,115623,44.89979208209925,1680.4071428571428,0.1678850464248356,1753.587213431509,1704.6874999999995,1655.78778656849,97.8,0.0
198,1686.3,2020-04-21 10:35:00+05:30,1689.0,1683.0,1687.75,121483,44.29942037073181,1681.8071428571427,-0.600371711367444,1752.0152252234634,1703.0074999999997,1653.999774776536,98.02,0.0
199,1689.5,2020-04-21 10:45:00+05:30,1691.85,1683.45,1686.1,148867,46.015018282362114,1683.2571428571428,1.7155979116303044,1750.495180569911,1701.6174999999996,1652.7398194300881,97.76,-0.0
200,1689.45,2020-04-21 10:55:00+05:30,1692.95,1687.0,1689.5,121850,45.99118218905137,1685.3428571428572,-0.023836093310741546,1748.5899046764534,1700.1399999999994,1651.6900953235454,96.9,-1.0
201,1692.9,2020-04-21 11:05:00+05:30,1694.8,1689.1,1689.45,117544,47.99302887484106,1687.8071428571427,2.001846685789687,1746.8978801581502,1698.9674999999995,1651.0371198418488,95.86,-1.0
202,1691.0,2020-04-21 11:15:00+05:30,1692.9,1686.6,1692.8,129854,46.96069577066718,1689.185714285714,-1.0323331041738797,1744.4383733683308,1697.4924999999996,1650.5466266316685,93.89,-2.0
203,1683.95,2020-04-21 11:25:00+05:30,1691.0,1676.05,1691.0,247131,43.243757745127766,1688.6928571428573,-3.716938025539413,1740.8876633641676,1695.4399999999994,1649.9923366358312,90.9,-3.0
204,1678.9,2020-04-21 11:35:00+05:30,1685.85,1676.5,1683.95,147991,40.755345548400776,1687.4285714285713,-2.4884121967269905,1736.7097527515189,1693.0849999999996,1649.4602472484803,87.25,-4.0
205,1684.5,2020-04-21 11:45:00+05:30,1684.6,1677.0,1679.35,135536,44.56482512640168,1687.1714285714286,3.8094795780009036,1733.8568982229576,1691.4949999999994,1649.1331017770412,84.72,-3.0
206,1683.0,2020-04-21 11:55:00+05:30,1685.0,1678.95,1684.5,93909,43.75327571396053,1686.2428571428572,-0.8115494124411526,1729.1560052119676,1689.4649999999995,1649.7739947880314,79.38,-5.0
207,1682.75,2020-04-21 12:05:00+05:30,1683.8,1681.0,1683.0,85443,43.61073150921865,1685.2857142857142,-0.14254420474187413,1722.8708436063096,1687.2549999999997,1651.6391563936897,71.23,-8.0
208,1684.15,2020-04-21 12:15:00+05:30,1687.0,1682.0,1682.75,89412,44.69730228362484,1684.0357142857142,1.0865707744061908,1713.4647100409168,1684.8474999999994,1656.230289959082,57.23,-14.0
209,1674.0,2020-04-21 12:25:00+05:30,1686.1,1671.1,1684.15,159929,38.85210934300399,1681.607142857143,-5.845192940620855,1699.0869124640292,1681.8474999999994,1664.6080875359696,34.48,-23.0
210,1679.6,2020-04-21 12:35:00+05:30,1681.9,1674.0,1674.5,106041,43.26077916865272,1680.9857142857143,4.40866982564873,1694.2961293361438,1683.1424999999995,1671.988870663855,22.31,-12.0
211,1675.15,2020-04-21 12:45:00+05:30,1682.3,1673.05,1679.95,121473,40.74672042423414,1680.45,-2.514058744418577,1694.4127107129348,1683.0749999999996,1671.7372892870644,22.68,0.0
212,1676.35,2020-04-21 12:55:00+05:30,1680.5,1673.95,1675.2,89280,41.73012247097825,1679.2857142857142,0.9834020467441107,1694.5460562070793,1682.9249999999997,1671.30394379292,23.24,1.0
213,1677.85,2020-04-21 13:05:00+05:30,1677.85,1674.5,1676.3,62481,43.00351266882594,1678.55,1.2733901978476894,1694.3288414493936,1683.0749999999996,1671.8211585506056,22.51,-1.0
214,1674.1,2020-04-21 13:15:00+05:30,1679.7,1673.5,1677.85,184749,40.61395574618059,1677.314285714286,-2.3895569226453546,1694.4855475643938,1682.9974999999995,1671.5094524356052,22.98,0.0
215,1678.35,2020-04-21 13:25:00+05:30,1682.0,1670.0,1674.1,121265,44.385700263835275,1676.4857142857145,3.771744517654689,1694.5032406231157,1682.8474999999994,1671.191759376883,23.31,0.0
216,1676.65,2020-04-21 13:35:00+05:30,1682.3,1676.05,1678.2,87437,43.20368433496985,1676.8642857142859,-1.1820159288654253,1694.0727690975289,1682.3099999999995,1670.5472309024701,23.53,0.0
217,1675.6,2020-04-21 13:45:00+05:30,1678.6,1673.25,1676.6,155155,42.45171427947252,1676.2928571428572,-0.7519700554973312,1693.5370824643262,1681.7024999999994,1669.8679175356726,23.67,0.0
218,1674.45,2020-04-21 13:55:00+05:30,1676.0,1672.0,1675.55,101237,41.59774398330391,1676.1928571428575,-0.8539702961686118,1693.1600098274557,1681.1099999999992,1669.0599901725427,24.1,0.0
219,1677.35,2020-04-21 14:05:00+05:30,1677.5,1674.0,1674.45,395343,44.62299778291104,1676.3357142857146,3.0252537996071354,1691.9831691075726,1680.5024999999991,1669.0218308924257,22.96,-1.0
220,1679.4,2020-04-21 14:15:00+05:30,1684.0,1675.25,1677.35,112708,46.72389685332931,1676.5571428571432,2.100899070418265,1690.683829394276,1679.9999999999993,1669.3161706057226,21.37,-2.0
221,1685.85,2020-04-21 14:25:00+05:30,1689.45,1678.0,1679.4,127832,52.79235820294279,1678.2357142857145,6.068461349613486,1688.9099013596394,1679.6474999999991,1670.3850986403588,18.52,-3.0
222,1676.6,2020-04-21 14:35:00+05:30,1687.9,1676.1,1685.85,135464,44.894551845638674,1677.9857142857145,-7.89780635730412,1686.5715878427093,1678.927499999999,1671.283412157289,15.29,-3.0
223,1682.0,2020-04-21 14:45:00+05:30,1682.0,1674.75,1676.55,122784,49.6318241795882,1678.7500000000002,4.737272333949527,1686.250838369413,1678.8299999999992,1671.4091616305855,14.84,-0.0
224,1669.05,2020-04-21 14:55:00+05:30,1682.2,1668.55,1681.95,239525,40.61453511841046,1677.814285714286,-9.017289061177742,1686.950456885732,1678.3374999999992,1669.7245431142665,17.23,2.0
225,1668.6,2020-04-21 15:05:00+05:30,1674.15,1664.8,1669.05,377551,40.34026284491915,1676.9785714285715,-0.2742722734913059,1686.6797156878342,1677.542499999999,1668.405284312164,18.27,1.0
226,1669.7,2020-04-21 15:15:00+05:30,1673.3,1666.1,1668.4,315482,41.38232556476725,1675.8857142857144,1.0420627198480972,1686.2745586103315,1676.8774999999991,1667.4804413896668,18.79,1.0
227,1665.0,2020-04-21 15:25:00+05:30,1671.0,1662.0,1670.0,75956,38.303790313479034,1673.8285714285716,-3.0785352512882156,1686.3547479467516,1675.989999999999,1665.6252520532466,20.73,2.0
228,1634.05,2020-04-22 09:15:00+05:30,1669.7,1628.3,1669.7,415218,25.075049338436813,1666.4285714285713,-13.228740975042221,1694.3966462137273,1673.4849999999992,1652.5733537862711,41.82,21.0
229,1637.2,2020-04-22 09:25:00+05:30,1640.0,1626.2,1633.75,195847,27.807809785900332,1660.8,2.7327604474635194,1698.1056341173903,1671.644999999999,1645.1843658826078,52.92,11.0
230,1634.0,2020-04-22 09:35:00+05:30,1638.85,1629.15,1637.15,125556,26.740787716951388,1653.9428571428573,-1.067022068948944,1700.4020932578164,1669.364999999999,1638.3279067421818,62.07,9.0
231,1642.8,2020-04-22 09:45:00+05:30,1644.9,1633.0,1633.6,137525,34.2163205933752,1650.1928571428573,7.475532876423813,1700.8202662650208,1667.747499999999,1634.6747337349773,66.15,4.0
232,1647.0,2020-04-22 09:55:00+05:30,1647.95,1640.0,1643.9,141569,37.49461998209074,1647.107142857143,3.2782993887155385,1700.335595413192,1666.2799999999993,1632.2244045868065,68.11,2.0
233,1648.2,2020-04-22 10:05:00+05:30,1649.3,1645.0,1646.05,118018,38.43858453844594,1644.0357142857142,0.9439645563551977,1699.310769377988,1664.7974999999992,1630.2842306220105,69.03,1.0
234,1645.0,2020-04-22 10:15:00+05:30,1648.45,1640.35,1648.15,78650,36.84079103763585,1641.1785714285713,-1.5977935008100843,1698.648981811339,1663.3424999999993,1628.0360181886597,70.61,2.0
235,1650.95,2020-04-22 10:25:00+05:30,1653.45,1641.55,1645.1,122406,41.693888499002504,1643.5928571428574,4.8530974613666515,1696.9519296694452,1661.9724999999992,1626.993070330553,69.96,-1.0
236,1668.85,2020-04-22 10:35:00+05:30,1671.95,1650.95,1651.9,385614,53.31570222165484,1648.1142857142859,11.621813722652334,1696.0429773617495,1661.582499999999,1627.1220226382486,68.92,-1.0
237,1666.4,2020-04-22 10:45:00+05:30,1673.5,1664.1,1670.85,115345,51.79397499550542,1652.7428571428572,-1.521727226149416,1695.0364076424203,1661.122499999999,1627.2085923575778,67.83,-1.0
238,1672.0,2020-04-22 10:55:00+05:30,1673.0,1663.4,1666.4,84678,54.95844973418373,1656.9142857142858,3.164474738678308,1694.7284043968518,1660.9999999999993,1627.2715956031468,67.46,-0.0
239,1677.0,2020-04-22 11:05:00+05:30,1679.0,1670.0,1671.95,119203,57.632675166514666,1661.2000000000003,2.6742254323309353,1694.6755302803617,1660.9824999999994,1627.289469719637,67.39,-0.0
240,1668.75,2020-04-22 11:15:00+05:30,1678.95,1666.9,1676.8,80295,52.13266790320933,1664.1357142857144,-5.500007263305335,1693.2420240623378,1660.4499999999994,1627.657975937661,65.58,-2.0
241,1662.4,2020-04-22 11:25:00+05:30,1669.9,1659.3,1667.9,100942,48.31106502066857,1666.6214285714286,-3.821602882540759,1689.847186998031,1659.2774999999995,1628.707813001968,61.14,-4.0
242,1667.35,2020-04-22 11:35:00+05:30,1669.9,1660.55,1662.85,68934,51.30755834680084,1668.9642857142858,2.996493326132267,1688.5496882312598,1658.8149999999994,1629.080311768739,59.47,-2.0
243,1672.9,2020-04-22 11:45:00+05:30,1673.2,1666.2,1668.1,127162,54.492977720621916,1669.542857142857,3.1854193738210768,1686.8534821725161,1658.3599999999994,1629.8665178274828,56.99,-2.0
244,1672.75,2020-04-22 11:55:00+05:30,1677.65,1668.15,1672.25,123900,54.38941524738118,1670.45,-0.10356247324073564,1687.3767606304632,1658.5449999999994,1629.7132393695356,57.66,1.0
245,1666.0,2020-04-22 12:05:00+05:30,1676.0,1666.0,1673.0,88747,49.802601555361306,1669.5928571428572,-4.586813692019874,1687.0788246245152,1658.4149999999995,1629.7511753754839,57.33,-0.0
246,1668.0,2020-04-22 12:15:00+05:30,1671.0,1665.15,1666.0,104359,51.11799781592003,1668.3071428571427,1.315396260558721,1686.8627033050575,1658.3299999999995,1629.7972966949415,57.07,-0.0
247,1668.75,2020-04-22 12:25:00+05:30,1670.6,1666.8,1669.2,94539,51.62987824440451,1668.3071428571427,0.5118804284844813,1687.283091195764,1658.5174999999995,1629.751908804235,57.53,0.0
248,1667.7,2020-04-22 12:35:00+05:30,1670.0,1667.6,1668.75,71311,50.82740566622952,1669.064285714286,-0.8024725781749922,1686.7943207233525,1660.1999999999994,1633.6056792766462,53.19,-4.0
249,1665.4,2020-04-22 12:45:00+05:30,1668.0,1663.0,1667.85,64234,49.02972807498328,1668.7857142857142,-1.7976775912462344,1685.9659265455953,1661.6099999999994,1637.2540734544036,48.71,-4.0
250,1666.0,2020-04-22 12:55:00+05:30,1668.95,1663.05,1664.5,61349,49.53119807254704,1667.8,0.5014699975637598,1683.8498337406531,1663.2099999999996,1642.570166259346,41.28,-7.0
251,1665.2,2020-04-22 13:05:00+05:30,1668.5,1663.5,1666.3,82086,48.84121586623765,1666.7214285714288,-0.689982206309395,1682.6017325540301,1664.3299999999992,1646.0582674459683,36.54,-5.0
252,1658.95,2020-04-22 13:15:00+05:30,1665.5,1655.5,1665.2,119690,43.717457205624775,1665.714285714286,-5.1237586606128716,1681.5172392194122,1664.927499999999,1648.337760780586,33.18,-3.0
253,1654.85,2020-04-22 13:25:00+05:30,1661.4,1651.95,1659.3,124193,40.70100884183709,1663.8357142857146,-3.0164483637876884,1680.662173462473,1665.259999999999,1649.8578265375252,30.8,-2.0
254,1658.35,2020-04-22 13:35:00+05:30,1658.7,1651.6,1654.8,116882,44.23810906332289,1662.3500000000004,3.537100221485801,1678.5365808964143,1665.927499999999,1653.318419103584,25.22,-6.0
255,1661.8,2020-04-22 13:45:00+05:30,1665.0,1656.65,1658.35,85133,47.55865589031421,1661.507142857143,3.3205468269913254,1677.1522233049368,1666.4699999999993,1655.787776695062,21.36,-4.0
256,1661.85,2020-04-22 13:55:00+05:30,1665.5,1661.0,1661.9,46665,47.607350184255004,1661.0000000000002,0.048694293940791056,1676.931806412179,1666.1199999999994,1655.30819358782,21.62,0.0
257,1664.85,2020-04-22 14:05:00+05:30,1667.0,1660.45,1661.4,61713,50.57290063596127,1660.8357142857146,2.965550451706264,1676.8680679320912,1666.042499999999,1655.216932067907,21.65,0.0
258,1664.6,2020-04-22 14:15:00+05:30,1667.6,1661.0,1664.75,118641,50.317303636760464,1660.7500000000002,-0.2555969992008045,1676.1406710562471,1665.6724999999992,1655.2043289437513,20.94,-1.0
259,1673.8,2020-04-22 14:25:00+05:30,1673.8,1658.65,1664.6,159176,58.60793305368458,1662.8714285714286,8.29062941692412,1675.329235173844,1665.5124999999994,1655.6957648261548,19.63,-1.0
260,1669.5,2020-04-22 14:35:00+05:30,1674.95,1663.75,1673.9,233247,54.06666402269035,1664.9642857142858,-4.541269030994236,1675.4243687339715,1665.5499999999993,1655.675631266027,19.75,0.0
261,1671.0,2020-04-22 14:45:00+05:30,1675.0,1669.1,1669.6,177071,55.365920513018736,1666.7714285714285,1.2992564903283892,1676.0243437866768,1665.979999999999,1655.9356562133214,20.09,0.0
262,1665.1,2020-04-22 14:55:00+05:30,1672.9,1663.35,1670.55,240887,49.4420103436979,1667.2428571428572,-5.923910169320834,1675.8976269866396,1665.8674999999992,1655.8373730133587,20.06,-0.0
263,1664.0,2020-04-22 15:05:00+05:30,1667.25,1663.4,1665.4,271884,48.402194691674914,1667.55,-1.0398156520229875,1674.914184726489,1665.4224999999992,1655.9308152735093,18.98,-1.0
264,1663.35,2020-04-22 15:15:00+05:30,1664.15,1658.55,1664.1,298266,47.76296511094702,1667.3357142857144,-0.6392295807278927,1673.827329872333,1664.952499999999,1656.077670127665,17.75,-1.0
265,1670.0,2020-04-22 15:25:00+05:30,1674.0,1663.1,1663.25,136277,54.398339588272876,1668.107142857143,6.635374477325854,1674.3027358324346,1665.152499999999,1656.0022641675635,18.3,1.0
266,1659.9,2020-04-23 09:15:00+05:30,1676.9,1654.0,1674.9,404162,45.0405189235716,1666.1214285714286,-9.35782066470128,1674.0822384593764,1664.747499999999,1655.4127615406217,18.67,0.0
267,1655.6,2020-04-23 09:25:00+05:30,1663.95,1651.6,1659.9,148113,41.74780158833751,1664.1357142857144,-3.2927173352340873,1674.0680073951992,1664.089999999999,1654.1119926047988,19.96,1.0
268,1658.0,2020-04-23 09:35:00+05:30,1660.9,1655.2,1655.5,105891,44.19976811916803,1662.2785714285715,2.451966530830518,1673.785109605434,1663.604999999999,1653.4248903945643,20.36,0.0
269,1660.55,2020-04-23 09:45:00+05:30,1661.9,1653.6,1658.0,115457,46.763796997450555,1661.6285714285714,2.564028878282528,1673.5935093652233,1663.3624999999993,1653.1314906347752,20.46,0.0
270,1663.1,2020-04-23 09:55:00+05:30,1666.6,1659.0,1660.8,148288,49.27396345640685,1661.5,2.5101664589562915,1673.373041655446,1663.2174999999993,1653.0619583445525,20.31,-0.0
271,1664.1,2020-04-23 10:05:00+05:30,1668.7,1662.55,1663.65,121316,50.26435675225194,1661.607142857143,0.9903932958450952,1673.284694218112,1663.1624999999992,1653.0403057818864,20.24,-0.0
272,1672.95,2020-04-23 10:15:00+05:30,1676.95,1663.75,1664.15,125308,58.06728628368148,1662.0285714285715,7.802929531429541,1674.67116489636,1663.8624999999993,1653.0538351036384,21.62,1.0
273,1672.9,2020-04-23 10:25:00+05:30,1674.0,1666.95,1672.95,75262,58.01191067254883,1663.8857142857144,-0.055375611132653546,1675.4182969939736,1664.7649999999994,1654.1117030060252,21.31,-0.0
274,1671.5,2020-04-23 10:35:00+05:30,1674.05,1668.0,1673.0,74023,56.39034526751989,1666.1571428571428,-1.6215654050289388,1676.0318541149563,1665.4224999999994,1654.8131458850426,21.22,-0.0
275,1671.5,2020-04-23 10:45:00+05:30,1674.0,1670.15,1671.5,52408,56.39034526751988,1668.0857142857144,-7.105427357601002e-15,1676.704784015203,1665.9074999999993,1655.1102159847958,21.59,0.0
276,1672.9,2020-04-23 10:55:00+05:30,1673.95,1667.65,1671.5,52355,57.7596929589848,1669.8500000000001,1.3693476914649167,1677.5109632826002,1666.4599999999996,1655.409036717399,22.1,1.0
277,1667.15,2020-04-23 11:05:00+05:30,1675.0,1661.25,1673.1,148161,50.71599779507129,1670.4285714285713,-7.043695163913512,1677.603265120981,1666.5749999999996,1655.5467348790182,22.06,-0.0
278,1668.0,2020-04-23 11:15:00+05:30,1669.95,1664.85,1667.2,102887,51.6545682603242,1670.9857142857143,0.9385704652529085,1677.7498745180303,1666.7449999999997,1655.740125481969,22.01,-0.0
279,1670.9,2020-04-23 11:25:00+05:30,1672.2,1665.6,1667.65,66420,54.81617374338719,1670.6928571428568,3.161605483062992,1677.2852579211642,1666.5999999999997,1655.9147420788352,21.37,-1.0
280,1672.9,2020-04-23 11:35:00+05:30,1673.0,1668.85,1670.15,72529,56.90910254028834,1670.6928571428568,2.0929287969011483,1677.7535475047532,1666.7699999999998,1655.7864524952463,21.97,1.0
281,1676.0,2020-04-23 11:45:00+05:30,1677.0,1670.0,1672.9,118299,60.00173945227897,1671.3357142857142,3.092636911990631,1678.6192921743987,1667.0199999999998,1655.4207078256009,23.2,1.0
282,1683.25,2020-04-23 11:55:00+05:30,1684.65,1674.7,1675.95,168418,66.12501142155446,1673.0142857142855,6.123271969275493,1681.5567052901772,1667.9274999999998,1654.2982947098224,27.26,4.0
283,1682.0,2020-04-23 12:05:00+05:30,1685.9,1678.2,1683.6,113541,64.29736447244812,1674.3142857142855,-1.827646949106338,1683.686467698071,1668.8274999999999,1653.9685323019287,29.72,2.0
284,1682.25,2020-04-23 12:15:00+05:30,1686.7,1681.65,1682.0,103235,64.50864709524944,1676.4714285714285,0.21128262280132049,1685.5408719080715,1669.7724999999998,1654.0041280919281,31.54,2.0
285,1675.5,2020-04-23 12:25:00+05:30,1682.5,1673.2,1682.0,96484,55.03809413111212,1677.542857142857,-9.470552964137326,1686.0230561636058,1670.0475,1654.071943836394,31.95,0.0
286,1680.6,2020-04-23 12:35:00+05:30,1683.2,1674.3,1675.7,79869,59.8359380771525,1678.9285714285713,4.797843946040381,1686.9718964974224,1671.0824999999998,1655.193103502577,31.78,-0.0
287,1668.85,2020-04-23 12:45:00+05:30,1680.85,1667.1,1680.6,110485,47.31008055523071,1678.3500000000001,-12.525857521921786,1685.9298288118227,1671.7449999999997,1657.5601711881766,28.37,-3.0
288,1668.05,2020-04-23 12:55:00+05:30,1671.95,1666.0,1668.25,72704,46.59489212897151,1677.2142857142858,-0.7151884262592034,1685.024307730773,1672.2475,1659.470692269227,25.55,-3.0
289,1663.0,2020-04-23 13:05:00+05:30,1668.25,1655.0,1668.05,161358,42.25271545766822,1674.3214285714287,-4.342176671303292,1684.714246475678,1672.3699999999997,1660.0257535243213,24.69,-1.0
290,1659.7,2020-04-23 13:15:00+05:30,1664.3,1655.0,1663.6,83869,39.6522883764124,1671.1357142857144,-2.600427081255816,1685.160060103811,1672.1999999999996,1659.2399398961882,25.92,1.0
291,1661.5,2020-04-23 13:25:00+05:30,1664.5,1657.0,1658.5,58906,41.757862848036005,1668.1714285714286,2.105574471623605,1685.4185027742983,1672.0699999999997,1658.7214972257011,26.7,1.0
292,1663.3,2020-04-23 13:35:00+05:30,1663.5,1657.2,1661.5,66023,43.86703704840927,1666.4285714285713,2.1091742003732676,1685.4882714666521,1671.5875,1657.686728533348,27.8,1.0
293,1667.7,2020-04-23 13:45:00+05:30,1668.6,1662.0,1663.2,86590,48.75257150435057,1664.5857142857144,4.885534455941297,1685.3191318975867,1671.3274999999999,1657.335868102413,27.98,0.0
294,1665.55,2020-04-23 13:55:00+05:30,1667.65,1662.6,1667.05,45801,46.61749466115019,1664.1142857142856,-2.1350768432003804,1685.2572311172212,1671.03,1656.8027688827788,28.45,0.0
295,1664.5,2020-04-23 14:05:00+05:30,1666.55,1658.9,1665.3,56618,45.56792620676188,1663.607142857143,-1.0495684543883073,1685.1999463533766,1670.6799999999998,1656.160053646623,29.04,1.0
296,1664.05,2020-04-23 14:15:00+05:30,1666.0,1661.65,1664.25,51952,45.099286151833034,1663.7571428571428,-0.46864005492884786,1685.0098024966424,1670.2375,1655.4651975033576,29.54,0.0
297,1666.0,2020-04-23 14:25:00+05:30,1666.0,1658.4,1663.6,82249,47.613522601664165,1664.6571428571426,2.514236449831131,1685.011736953314,1670.1799999999998,1655.3482630466856,29.66,0.0
298,1669.55,2020-04-23 14:35:00+05:30,1670.0,1663.0,1666.0,89387,51.92955498486431,1665.8071428571425,4.316032383200145,1685.0574386556232,1670.2575000000002,1655.4575613443772,29.6,-0.0
299,1669.5,2020-04-23 14:45:00+05:30,1673.95,1666.3,1669.5,123588,51.86474169712815,1666.6928571428568,-0.06481328773615758,1684.987886730356,1670.1875,1655.387113269644,29.6,0.0
300,1670.4,2020-04-23 14:55:00+05:30,1674.0,1669.5,1669.5,169993,53.00181311662649,1667.078571428571,1.1370714194983336,1684.8085565647295,1670.0625,1655.3164434352705,29.49,-0.0
301,1666.5,2020-04-23 15:05:00+05:30,1670.7,1660.3,1670.4,318087,47.739146398893965,1667.2142857142856,-5.262666717732522,1684.1390010981756,1669.5875,1655.0359989018245,29.1,-0.0
302,1658.9,2020-04-23 15:15:00+05:30,1666.55,1652.45,1666.5,262682,39.506846638310634,1666.4142857142854,-8.23229976058333,1682.1632630389931,1668.3700000000001,1654.576736961007,27.59,-2.0
303,1655.95,2020-04-23 15:25:00+05:30,1658.9,1653.0,1658.9,75355,36.85050986347638,1665.2571428571428,-2.6563367748342515,1680.3518903253212,1667.0674999999999,1653.7831096746786,26.57,-1.0
304,1618.2,2020-04-24 09:15:00+05:30,1624.4,1601.95,1603.0,528540,19.12726439028866,1658.4285714285713,-17.723245473187724,1688.1035534569191,1663.8649999999998,1639.6264465430804,48.48,22.0
305,1610.45,2020-04-24 09:25:00+05:30,1618.95,1608.6,1616.8,224951,17.288881080541685,1649.9857142857145,-1.8383833097469733,1694.0060839251817,1660.6124999999997,1627.2189160748178,66.79,18.0
306,1615.8,2020-04-24 09:35:00+05:30,1617.95,1610.05,1610.45,198829,22.804709833053494,1642.314285714286,5.515828752511808,1694.917090681927,1657.3725,1619.827909318073,75.09,8.0
307,1613.45,2020-04-24 09:45:00+05:30,1618.4,1612.2,1615.8,132011,22.107310460669666,1634.1785714285718,-0.6973993723838277,1696.5035799383472,1654.6024999999997,1612.7014200616522,83.8,9.0
308,1611.0,2020-04-24 09:55:00+05:30,1615.15,1605.0,1612.8,191788,21.373448288885484,1626.2500000000002,-0.7338621717841818,1697.396663566318,1651.7499999999995,1606.103336433681,91.29,7.0
309,1604.65,2020-04-24 10:05:00+05:30,1611.2,1603.35,1611.15,129444,19.561013962159123,1618.5000000000002,-1.8124343267263612,1698.7140362423265,1648.8324999999998,1598.950963757673,99.76,8.0
310,1608.25,2020-04-24 10:15:00+05:30,1610.9,1602.3,1604.7,117982,23.520563860677726,1611.6857142857145,3.9595498985186026,1699.0062206179125,1646.2599999999998,1593.513779382087,105.49,6.0
311,1606.8,2020-04-24 10:25:00+05:30,1609.6,1606.0,1608.25,54222,23.028861952090736,1610.0571428571427,-0.4917019085869896,1698.5666253967456,1643.525,1588.4833746032546,110.08,5.0
312,1600.1,2020-04-24 10:35:00+05:30,1606.6,1598.4,1606.05,235732,20.858968192487595,1608.5785714285714,-2.1698937596031413,1697.8298185276951,1640.3649999999998,1582.9001814723044,114.93,5.0
313,1600.7,2020-04-24 10:45:00+05:30,1603.4,1599.15,1600.3,105428,21.57165736848914,1606.4214285714286,0.7126891760015468,1695.5715592532454,1637.0149999999996,1578.458440746754,117.11,2.0
314,1597.6,2020-04-24 10:55:00+05:30,1602.25,1595.7,1600.65,107777,20.54235310477327,1604.1571428571428,-1.029304263715872,1693.081016236074,1633.6174999999998,1574.1539837639257,118.93,2.0
315,1599.0,2020-04-24 11:05:00+05:30,1600.2,1596.0,1597.15,78061,22.344472892392076,1602.4428571428573,1.8021197876188069,1689.8593288894206,1630.3424999999995,1570.8256711105785,119.03,0.0
316,1594.75,2020-04-24 11:15:00+05:30,1599.6,1593.05,1599.05,127602,20.802062540488222,1601.0285714285715,-1.542410351903854,1686.2003586013145,1626.8774999999996,1567.5546413986847,118.65,-0.0
317,1591.0,2020-04-24 11:25:00+05:30,1596.15,1590.0,1594.75,141240,19.52158514106503,1598.564285714286,-1.2804773994231908,1681.5120372013043,1623.1274999999994,1564.7429627986944,116.77,-2.0
318,1590.65,2020-04-24 11:35:00+05:30,1592.75,1587.05,1591.0,199090,19.401545879573447,1596.257142857143,-0.12003926149158417,1674.964144547477,1619.1824999999994,1563.400855452522,111.56,-5.0
319,1604.0,2020-04-24 11:45:00+05:30,1604.9,1590.0,1590.65,205125,35.65426130997865,1596.814285714286,16.252715430405203,1666.720275797142,1615.9074999999998,1565.0947242028576,101.63,-10.0
320,1597.0,2020-04-24 11:55:00+05:30,1604.6,1595.35,1604.0,139438,32.00942107581194,1596.2857142857142,-3.6448402341667077,1656.6823549505907,1612.2374999999997,1567.7926450494087,88.89,-13.0
321,1596.85,2020-04-24 12:05:00+05:30,1598.6,1591.3,1597.0,83964,31.93408561639211,1596.1785714285713,-0.07533545941983277,1645.5551415901184,1608.7549999999997,1571.954858409881,73.6,-15.0
322,1608.5,2020-04-24 12:15:00+05:30,1611.0,1595.55,1596.85,232562,43.1292381970625,1597.5357142857142,11.195152580670388,1634.4865970671085,1606.2349999999994,1577.9834029328904,56.5,-17.0
323,1613.95,2020-04-24 12:25:00+05:30,1618.9,1606.7,1609.0,230505,47.48106409528391,1600.2785714285715,4.3518258982214135,1620.620818466988,1604.1349999999993,1587.6491815330105,32.97,-24.0
324,1618.15,2020-04-24 12:35:00+05:30,1620.0,1613.65,1613.95,323701,50.617205256910694,1604.1571428571428,3.1361411616267816,1620.6093505869092,1604.1324999999993,1587.6556494130893,32.95,-0.0
325,1615.2,2020-04-24 12:45:00+05:30,1620.0,1610.45,1618.1,189970,48.429701123962744,1607.6642857142858,-2.18750413294795,1621.3592349816972,1604.3699999999992,1587.3807650183012,33.98,1.0
326,1611.0,2020-04-24 12:55:00+05:30,1616.0,1608.9,1615.25,113090,45.42008815173793,1608.6642857142858,-3.009612972224815,1620.5659810685086,1604.129999999999,1587.6940189314894,32.87,-1.0
327,1609.15,2020-04-24 13:05:00+05:30,1613.4,1606.8,1610.6,113342,44.11950939203781,1610.4,-1.300578759700116,1619.9451393762254,1603.9149999999988,1587.8848606237723,32.06,-1.0
328,1607.45,2020-04-24 13:15:00+05:30,1612.0,1603.15,1609.6,113847,42.90375495255426,1611.9142857142858,-1.215754439483554,1619.5139272855072,1603.7374999999988,1587.9610727144905,31.55,-1.0
329,1601.75,2020-04-24 13:25:00+05:30,1609.4,1600.05,1607.25,113665,39.021128309829486,1610.9500000000003,-3.882626642724773,1619.3869119032202,1603.5924999999988,1587.7980880967775,31.59,0.0
330,1600.05,2020-04-24 13:35:00+05:30,1604.55,1599.85,1601.55,118949,37.91896598370966,1608.9642857142858,-1.1021623261198243,1618.893350256738,1603.182499999999,1587.47164974326,31.42,-0.0
331,1592.4,2020-04-24 13:45:00+05:30,1601.85,1592.4,1600.05,195101,33.35350703852073,1605.2857142857142,-4.565458945188929,1618.7833254112788,1602.4624999999992,1586.1416745887195,32.64,1.0
332,1588.25,2020-04-24 13:55:00+05:30,1596.55,1588.05,1592.6,231903,31.161614532903442,1601.435714285714,-2.1918925056172895,1619.3697563892872,1601.8699999999994,1584.3702436107117,35.0,2.0
333,1591.5,2020-04-24 14:05:00+05:30,1592.6,1586.35,1588.25,197866,34.776557193199466,1598.6499999999999,3.6149426602960233,1619.512532535828,1601.4099999999994,1583.3074674641707,36.21,1.0
334,1587.9,2020-04-24 14:15:00+05:30,1593.0,1585.0,1591.25,205288,32.72646382150958,1595.6142857142856,-2.050093371689883,1619.9534136573698,1600.9249999999993,1581.8965863426288,38.06,2.0
335,1587.2,2020-04-24 14:25:00+05:30,1594.15,1586.15,1587.1,194372,32.32740390443341,1592.7214285714285,-0.3990599170761726,1620.3223143979446,1600.3349999999991,1580.3476856020536,39.97,2.0
336,1591.85,2020-04-24 14:35:00+05:30,1593.35,1587.05,1587.15,175379,37.75701858042106,1591.3071428571427,5.429614675987651,1620.3888691710615,1600.1899999999991,1579.9911308289368,40.4,0.0
337,1591.6,2020-04-24 14:45:00+05:30,1596.3,1591.2,1592.5,145063,37.582431226347325,1590.1000000000001,-0.17458735407373638,1620.363103821882,1600.219999999999,1580.0768961781157,40.29,-0.0
338,1586.15,2020-04-24 14:55:00+05:30,1593.0,1586.0,1591.65,255824,33.90213087929544,1589.207142857143,-3.680300347051883,1620.6814028569027,1599.994999999999,1579.3085971430953,41.37,1.0
339,1572.35,2020-04-24 15:05:00+05:30,1588.0,1570.0,1586.2,487399,26.757092333716685,1586.9357142857145,-7.145038545578757,1622.389569637911,1598.412499999999,1574.435430362087,47.95,7.0
340,1580.7,2020-04-24 15:15:00+05:30,1580.75,1569.55,1572.3,151998,35.601081937418996,1585.3928571428573,8.843989603702312,1622.850857775701,1597.5974999999987,1572.3441422242965,50.51,3.0
