,close,date,high,low,open,volume,RSI_14,sma_7,RSI_Trend,ub,mb,lb,band_diff,band_diff_trend
0,1757.2,2020-04-13 09:15:00+05:30,1764.95,1746.0,1761.0,174419,0.0,0.0,,,,,,
1,1758.8,2020-04-13 09:25:00+05:30,1765.05,1753.4,1757.2,116646,100.0,0.0,100.0,,,,,
2,1763.0,2020-04-13 09:35:00+05:30,1765.0,1755.2,1758.8,85798,100.0,0.0,0.0,,,,,
3,1766.0,2020-04-13 09:45:00+05:30,1786.2,1761.7,1763.0,245296,100.0,0.0,0.0,,,,,
4,1756.7,2020-04-13 09:55:00+05:30,1775.2,1755.55,1766.0,182784,72.35584943431638,0.0,-27.644150565683617,,,,,
5,1759.4,2020-04-13 10:05:00+05:30,1764.75,1751.25,1756.0,90864,74.55507569135824,0.0,2.1992262570418575,,,,,
6,1752.0,2020-04-13 10:15:00+05:30,1760.75,1752.0,1760.75,55832,60.37769951402805,1759.0142857142857,-14.177376177330189,,,,,
7,1760.55,2020-04-13 10:25:00+05:30,1762.0,1752.05,1752.05,58663,67.95900109385155,1759.492857142857,7.581301579823503,,,,,
8,1762.8,2020-04-13 10:35:00+05:30,1765.75,1757.0,1760.6,61772,69.60707855493933,1760.0642857142855,1.6480774610877802,,,,,
9,1759.25,2020-04-13 10:45:00+05:30,1768.0,1758.3,1762.8,63644,64.0125058780828,1759.5285714285712,-5.594572676856529,,,,,
10,1753.6,2020-04-13 10:55:00+05:30,1760.2,1752.1,1760.0,454424,56.261946544894926,1757.7571428571428,-7.75055933318788,,,,,
11,1758.8,2020-04-13 11:05:00+05:30,1759.9,1752.05,1752.3,47609,60.94842235199981,1758.0571428571425,4.686475807104884,,,,,
12,1761.5,2020-04-13 11:15:00+05:30,1763.65,1758.5,1758.8,49500,63.15591759923236,1758.3571428571427,2.2074952472325506,,,,,
13,1758.9,2020-04-13 11:25:00+05:30,1761.5,1755.0,1761.5,107182,59.65864986321429,1759.342857142857,-3.497267736018067,,,,,
14,1764.9,2020-04-13 11:35:00+05:30,1765.95,1758.6,1758.8,61989,64.53877691062175,1759.9642857142856,4.880127047407456,,,,,
15,1765.95,2020-04-13 11:45:00+05:30,1771.0,1764.0,1765.0,81765,65.32921365933572,1760.4142857142856,0.7904367487139723,,,,,
16,1761.9,2020-04-13 11:55:00+05:30,1769.5,1761.1,1765.75,44723,59.792984584478255,1760.792857142857,-5.5362290748574665,,,,,
17,1768.0,2020-04-13 12:05:00+05:30,1768.55,1761.2,1761.75,39405,64.65182969485684,1762.85,4.858845110378589,,,,,
18,1766.2,2020-04-13 12:15:00+05:30,1768.55,1765.0,1768.0,20236,62.26086203785683,1763.9071428571428,-2.3909676570000116,,,,,
19,1764.9,2020-04-13 12:25:00+05:30,1767.0,1762.1,1766.0,24952,60.52006633063383,1764.392857142857,-1.7407957072230005,1769.6364677608838,1761.0175,1752.398532239116,17.24,
20,1764.7,2020-04-13 12:35:00+05:30,1766.55,1761.2,1764.9,19453,60.2410072052059,1765.2214285714288,-0.2790591254279349,1769.9646258801572,1761.3925,1752.8203741198427,17.14,-0.0
21,1761.95,2020-04-13 12:45:00+05:30,1764.7,1757.0,1764.7,29710,56.39073055125351,1764.8000000000004,-3.8502766539523847,1770.03689392069,1761.5499999999997,1753.0631060793094,16.97,-0.0
22,1761.5,2020-04-13 12:55:00+05:30,1762.4,1758.0,1762.0,37191,55.76266104915362,1764.1642857142858,-0.6280695020998905,1769.934407718473,1761.4749999999997,1753.0155922815263,16.92,-0.0
23,1760.4,2020-04-13 13:05:00+05:30,1763.0,1760.0,1763.0,32916,54.17426830877411,1763.9500000000003,-1.5883927403795113,1769.3903709655604,1761.1949999999997,1752.999629034439,16.39,-1.0
24,1755.2,2020-04-13 13:15:00+05:30,1761.6,1754.0,1760.0,62855,47.31319553104662,1762.1214285714289,-6.861072777727493,1769.513631671188,1761.1199999999997,1752.7263683288113,16.79,0.0
25,1755.55,2020-04-13 13:25:00+05:30,1758.85,1752.0,1755.2,62715,47.792466946718875,1760.6000000000001,0.47927141567225817,1769.6570912365864,1760.9274999999998,1752.1979087634131,17.46,1.0
26,1764.65,2020-04-13 13:35:00+05:30,1765.0,1753.7,1756.2,40942,58.390595844542226,1760.564285714286,10.59812889782335,1769.3484259608322,1761.56,1753.7715740391677,15.58,-2.0
27,1765.0,2020-04-13 13:45:00+05:30,1768.5,1762.0,1764.8,53558,58.737542298199905,1760.607142857143,0.3469464536576794,1769.702579412148,1761.7824999999998,1753.8624205878516,15.84,0.0
28,1762.0,2020-04-13 13:55:00+05:30,1765.5,1760.3,1765.25,25781,54.53974061093991,1760.6142857142856,-4.197801687259997,1769.64901130731,1761.7424999999996,1753.8359886926892,15.81,-0.0
29,1759.9,2020-04-13 14:05:00+05:30,1762.2,1757.25,1762.0,35625,51.75161230811338,1760.3857142857141,-2.7881283028265287,1769.643625239385,1761.7749999999996,1753.9063747606142,15.74,-0.0
30,1760.85,2020-04-13 14:15:00+05:30,1764.6,1757.25,1759.85,40724,52.92404473705399,1760.45,1.1724324289406098,1769.0275290275144,1762.1374999999996,1755.2474709724847,13.78,-2.0
31,1764.35,2020-04-13 14:25:00+05:30,1765.5,1759.6,1760.9,36204,57.06365288315742,1761.7571428571428,4.139608146103427,1769.1850656919762,1762.4149999999995,1755.6449343080228,13.54,-0.0
32,1765.3,2020-04-13 14:35:00+05:30,1767.0,1762.0,1764.5,58574,58.13963087755946,1763.1499999999999,1.0759779944020451,1769.4794301199208,1762.6049999999996,1755.7305698800783,13.75,0.0
33,1763.05,2020-04-13 14:45:00+05:30,1769.45,1761.3,1765.3,62196,54.646731434115914,1762.9214285714284,-3.492899443443548,1769.4629352845266,1762.8124999999995,1756.1620647154725,13.3,-0.0
34,1760.0,2020-04-13 14:55:00+05:30,1765.8,1758.5,1763.5,64593,50.24047699866162,1762.2071428571428,-4.406254435454294,1769.2550591487786,1762.5674999999997,1755.8799408512207,13.38,0.0
35,1759.75,2020-04-13 15:05:00+05:30,1763.5,1755.3,1760.0,118302,49.8854153007403,1761.8857142857141,-0.3550616979213217,1768.8591166281644,1762.2574999999997,1755.655883371835,13.2,-0.0
36,1759.35,2020-04-13 15:15:00+05:30,1762.1,1756.0,1759.7,108453,49.28524888208698,1761.8071428571427,-0.6001664186533162,1768.857977720721,1762.1299999999997,1755.4020222792783,13.46,0.0
37,1761.6,2020-04-13 15:25:00+05:30,1761.95,1758.0,1759.3,26664,52.73024443859025,1761.9142857142856,3.4449955565032653,1767.9451103451659,1761.8099999999995,1755.6748896548331,12.27,-1.0
38,1772.8,2020-04-15 09:15:00+05:30,1794.65,1771.75,1785.0,558385,65.34844197342717,1763.1214285714284,12.618197534836924,1769.7918728357658,1762.1399999999999,1754.488127164234,15.3,3.0
39,1767.9,2020-04-15 09:25:00+05:30,1775.0,1752.6,1773.1,193016,58.04777879828296,1763.492857142857,-7.300663175144209,1770.2798356481346,1762.2899999999997,1754.3001643518649,15.98,1.0
40,1773.0,2020-04-15 09:35:00+05:30,1780.0,1767.0,1767.8,140870,62.71654384073609,1764.9142857142856,4.668765042453124,1771.9806557435948,1762.705,1753.429344256405,18.55,3.0
41,1783.85,2020-04-15 09:45:00+05:30,1784.2,1773.0,1774.0,104865,70.29138749240998,1768.3214285714287,7.574843651673895,1777.0286769836155,1763.8,1750.5713230163844,26.46,8.0
42,1786.1,2020-04-15 09:55:00+05:30,1794.8,1783.5,1783.85,205104,71.58084243722958,1772.0857142857144,1.289454944819596,1781.5286889431281,1765.03,1748.5313110568718,33.0,7.0
43,1784.85,2020-04-15 10:05:00+05:30,1787.0,1777.55,1786.15,93441,69.76908924681196,1775.7285714285715,-1.811753190417619,1784.8025028372813,1766.2524999999998,1747.7024971627184,37.1,4.0
44,1788.55,2020-04-15 10:15:00+05:30,1791.0,1783.6,1784.85,142888,72.02609044807993,1779.5785714285714,2.2570012012679683,1788.201684763404,1767.92,1747.638315236596,40.56,3.0
45,1786.35,2020-04-15 10:25:00+05:30,1789.95,1783.5,1788.55,43685,68.73988291220402,1781.5142857142857,-3.286207535875903,1790.451792882482,1769.4599999999998,1748.4682071175175,41.98,1.0
46,1788.5,2020-04-15 10:35:00+05:30,1789.95,1785.2,1786.35,37854,70.1721611577391,1784.457142857143,1.4322782455350733,1793.149551853637,1770.6524999999997,1748.1554481463625,44.99,3.0
47,1785.0,2020-04-15 10:45:00+05:30,1789.5,1784.0,1788.85,41888,64.9546730915181,1786.1714285714286,-5.217488066220994,1794.858476430765,1771.6524999999997,1748.4465235692344,46.41,1.0
48,1787.75,2020-04-15 10:55:00+05:30,1788.55,1783.0,1784.15,45146,67.02900387966292,1786.7285714285715,2.0743307881448203,1796.7407651358649,1772.9399999999998,1749.1392348641348,47.6,1.0
49,1789.5,2020-04-15 11:05:00+05:30,1790.0,1784.2,1788.0,45742,68.31429444108375,1787.2142857142858,1.2852905614208225,1798.4863425161618,1774.4199999999996,1750.3536574838374,48.13,1.0
50,1791.3,2020-04-15 11:15:00+05:30,1795.75,1787.95,1790.0,88390,69.62586687967617,1788.1357142857141,1.311572438592421,1800.2457437730993,1775.9424999999999,1751.6392562269004,48.61,0.0
51,1792.55,2020-04-15 11:25:00+05:30,1793.0,1787.6,1791.5,50034,70.53790851506167,1788.7071428571428,0.9120416353855063,1802.0921437663153,1777.3525000000002,1752.612856233685,49.48,1.0
52,1788.8,2020-04-15 11:35:00+05:30,1794.0,1788.15,1792.6,49957,64.30014817907659,1789.0571428571425,-6.237760335985087,1803.0885190728052,1778.5275000000001,1753.966480927195,49.12,-0.0
53,1784.5,2020-04-15 11:45:00+05:30,1790.05,1783.9,1788.9,60541,57.969771329510394,1788.485714285714,-6.330376849566193,1803.1685785472266,1779.6,1756.0314214527732,47.14,-2.0
54,1784.95,2020-04-15 11:55:00+05:30,1786.0,1780.15,1784.3,45855,58.43099959423206,1788.4785714285713,0.4612282647216688,1802.620768859821,1780.8474999999999,1759.0742311401787,43.55,-4.0
55,1790.5,2020-04-15 12:05:00+05:30,1792.65,1783.2,1784.45,55026,63.71907526774436,1788.8714285714284,5.288075673512296,1802.1341931880493,1782.3849999999998,1762.6358068119503,39.5,-4.0
56,1809.75,2020-04-15 12:15:00+05:30,1810.0,1790.4,1790.5,276864,75.405624876006,1791.7642857142855,11.686549608261643,1805.134574494054,1784.905,1764.675425505946,40.46,1.0
57,1804.0,2020-04-15 12:25:00+05:30,1812.0,1801.1,1809.0,196658,68.32591871034398,1793.5785714285714,-7.079706165662017,1805.8061635758577,1787.025,1768.2438364241425,37.56,-3.0
58,1801.85,2020-04-15 12:35:00+05:30,1810.0,1797.2,1803.55,103916,65.83685581620432,1794.9071428571428,-2.489062894139664,1807.1193452610462,1788.4774999999997,1769.8356547389533,37.28,-0.0
59,1804.8,2020-04-15 12:45:00+05:30,1809.0,1800.0,1801.9,94655,67.58189908527069,1797.1928571428573,1.7450432690663717,1807.6467900667167,1790.3224999999998,1772.9982099332829,34.65,-3.0
60,1802.2,2020-04-15 12:55:00+05:30,1806.8,1802.2,1805.0,46549,64.45687322433432,1799.7214285714288,-3.1250258609363755,1807.8350215268,1791.7824999999998,1775.7299784731997,32.11,-3.0
61,1799.15,2020-04-15 13:05:00+05:30,1805.0,1797.4,1802.2,90450,60.89935532273212,1801.75,-3.5575179016021963,1808.4660252887436,1792.5475,1776.6289747112562,31.84,-0.0
62,1790.0,2020-04-15 13:15:00+05:30,1799.0,1785.5,1798.0,149816,51.68349880980166,1801.6785714285713,-9.215856512930458,1808.4222313014018,1792.7424999999998,1777.062768698598,31.36,-0.0
63,1792.75,2020-04-15 13:25:00+05:30,1793.0,1787.5,1790.0,73762,53.93954266684321,1799.25,2.256043857041547,1808.3717714402674,1793.1375,1777.9032285597327,30.47,-1.0
64,1783.05,2020-04-15 13:35:00+05:30,1793.0,1780.35,1792.75,64388,45.81365641496317,1796.2571428571428,-8.12588625188004,1808.6345230321372,1792.8625,1777.0904769678627,31.54,1.0
65,1778.75,2020-04-15 13:45:00+05:30,1783.05,1771.0,1782.0,112811,42.73984099074604,1792.9571428571428,-3.0738154242171305,1809.2499896906565,1792.4825,1775.7150103093436,33.53,2.0
66,1769.95,2020-04-15 13:55:00+05:30,1782.0,1768.05,1778.8,74205,37.23402473238348,1787.9785714285715,-5.505816258362557,1811.0761329481384,1791.5549999999998,1772.0338670518613,39.04,6.0
67,1753.0,2020-04-15 14:05:00+05:30,1770.4,1751.1,1769.95,138125,29.382567518351152,1780.95,-7.8514572140323295,1815.9202581650732,1789.955,1763.9897418349267,51.93,13.0
68,1740.35,2020-04-15 14:15:00+05:30,1753.2,1738.0,1753.1,164614,25.124494333323725,1772.55,-4.258073185027428,1821.7544862336797,1787.5849999999998,1753.41551376632,68.34,16.0
69,1748.6,2020-04-15 14:25:00+05:30,1749.9,1738.95,1740.5,123227,32.04145862968808,1766.6357142857144,6.916964296364355,1823.869329157763,1785.5399999999997,1747.2106708422364,76.66,8.0
70,1751.15,2020-04-15 14:35:00+05:30,1755.55,1740.5,1748.75,104006,34.06884881445974,1760.6928571428573,2.0273901847716616,1824.6927679521732,1783.5324999999998,1742.3722320478264,82.32,6.0
71,1734.6,2020-04-15 14:45:00+05:30,1752.5,1730.0,1751.4,169724,28.190687959723334,1753.7714285714287,-5.878160854736407,1826.9575771940063,1780.6349999999995,1734.3124228059928,92.65,10.0
72,1735.95,2020-04-15 14:55:00+05:30,1741.55,1727.8,1733.95,186404,29.26282955313195,1747.657142857143,1.0721415934086167,1828.2191156639337,1777.9924999999992,1727.7658843360646,100.45,8.0
73,1736.5,2020-04-15 15:05:00+05:30,1738.85,1730.0,1735.65,252154,29.723188967769943,1742.8785714285716,0.4603594146379919,1828.996553414067,1775.5924999999993,1722.1884465859316,106.81,6.0
74,1733.3,2020-04-15 15:15:00+05:30,1741.5,1733.0,1737.2,217592,28.55863720490082,1740.064285714286,-1.1645517628691238,1829.4195419326602,1773.0099999999995,1716.6004580673389,112.82,6.0
75,1735.0,2020-04-15 15:25:00+05:30,1735.2,1730.0,1733.5,83088,30.124917042978822,1739.3,1.5662798380780032,1828.453319598233,1770.2349999999994,1712.0166804017658,116.44,4.0
76,1690.2,2020-04-16 09:15:00+05:30,1717.0,1689.85,1709.95,467071,18.570353028991818,1730.957142857143,-11.554564013987005,1829.51662136286,1764.2574999999993,1698.9983786371386,130.52,14.0
77,1695.2,2020-04-16 09:25:00+05:30,1701.1,1678.45,1690.7,255631,22.15885818696914,1722.964285714286,3.5885051579773233,1828.14005101298,1758.8174999999992,1689.4949489870185,138.65,8.0
78,1698.45,2020-04-16 09:35:00+05:30,1707.9,1692.1,1695.0,168575,24.48825548073617,1717.8000000000004,2.3293972937670304,1824.8544443316623,1753.6474999999991,1682.440555668336,142.41,4.0
79,1685.05,2020-04-16 09:45:00+05:30,1703.0,1681.45,1698.0,184747,21.61604229851349,1710.5285714285715,-2.87221318222268,1820.8670934152942,1747.6599999999992,1674.4529065847041,146.41,4.0
80,1689.9,2020-04-16 09:55:00+05:30,1692.0,1685.0,1685.0,94840,25.04287851088837,1703.8714285714286,3.42683621237488,1814.864335922613,1742.0449999999994,1669.2256640773858,145.64,-1.0
81,1690.85,2020-04-16 10:05:00+05:30,1693.9,1688.5,1689.9,88022,25.727828450562612,1697.8071428571432,0.6849499396742402,1807.6542612366388,1736.6299999999992,1665.6057387633596,142.05,-4.0
82,1700.0,2020-04-16 10:15:00+05:30,1700.0,1689.95,1690.45,118731,32.158056619648775,1692.8071428571432,6.430228169086163,1800.262250652295,1732.1299999999992,1663.9977493477033,136.26,-6.0
83,1699.15,2020-04-16 10:25:00+05:30,1703.3,1698.05,1699.8,132458,31.881917957373275,1694.0857142857144,-0.27613866227549977,1790.7360922611283,1727.4499999999994,1664.1639077388704,126.57,-10.0
84,1698.15,2020-04-16 10:35:00+05:30,1701.5,1695.0,1698.5,82695,31.538796173448148,1694.5071428571428,-0.3431217839251275,1782.019775265009,1723.2049999999992,1664.3902247349895,117.63,-9.0
85,1692.15,2020-04-16 10:45:00+05:30,1698.95,1688.0,1698.0,92254,29.488165097789874,1693.6071428571427,-2.0506310756582735,1773.0390442010228,1718.8749999999993,1664.7109557989759,108.33,-9.0
86,1694.25,2020-04-16 10:55:00+05:30,1695.0,1690.0,1692.2,63266,31.1748816873082,1694.9214285714284,1.6867165895183263,1764.606595835717,1715.0899999999995,1665.573404164282,99.03,-9.0
87,1697.8,2020-04-16 11:05:00+05:30,1699.2,1691.45,1693.5,59753,34.0470384728136,1696.0499999999997,2.872156785505396,1759.0225374404886,1712.3299999999995,1665.6374625595104,93.39,-6.0
88,1707.3,2020-04-16 11:15:00+05:30,1709.0,1697.3,1697.8,133550,41.127383918573344,1698.3999999999996,7.080345445759747,1755.4963925742127,1710.6774999999998,1665.8586074257869,89.64,-4.0
89,1709.9,2020-04-16 11:25:00+05:30,1722.4,1702.7,1707.45,215948,42.9330572272056,1699.8142857142852,1.805673308632258,1749.8561713719912,1708.7424999999998,1667.6288286280085,82.23,-7.0
90,1714.8,2020-04-16 11:35:00+05:30,1716.35,1705.3,1710.0,89675,46.277251382362266,1702.0499999999995,3.3441941551566643,1743.0572643397238,1706.925,1670.792735660276,72.26,-10.0
91,1719.95,2020-04-16 11:45:00+05:30,1724.4,1712.2,1714.8,137235,49.61896908232538,1705.1642857142854,3.3417176999631124,1740.5109203261761,1706.1924999999999,1671.8740796738236,68.64,-4.0
92,1737.0,2020-04-16 11:55:00+05:30,1744.9,1718.75,1719.9,262098,58.764081437749425,1711.5714285714282,9.145112355424047,1740.7577573666974,1706.2450000000001,1671.7322426333028,69.03,0.0
93,1735.3,2020-04-16 12:05:00+05:30,1740.0,1731.45,1737.15,138669,57.64061571057128,1717.4357142857139,-1.123465727178143,1740.4797763399972,1706.1850000000002,1671.8902236600031,68.59,-0.0
94,1733.0,2020-04-16 12:15:00+05:30,1737.35,1722.5,1735.75,151250,56.07851867774134,1722.4642857142856,-1.5620970328299393,1740.415067259079,1706.17,1671.9249327409211,68.49,-0.0
95,1735.5,2020-04-16 12:25:00+05:30,1743.0,1733.0,1733.8,164902,57.42900458759754,1726.492857142857,1.3504859098561965,1740.5292992539976,1706.1950000000002,1671.8607007460027,68.67,0.0
96,1740.0,2020-04-16 12:35:00+05:30,1743.1,1734.0,1735.55,100992,59.82364756157149,1730.792857142857,2.3946429739739514,1745.2836640538453,1708.6850000000002,1672.086335946155,73.2,5.0
97,1747.7,2020-04-16 12:45:00+05:30,1747.7,1734.0,1739.95,139458,63.59699737288315,1735.4928571428572,3.773349811311661,1751.2176776678625,1711.3100000000002,1671.4023223321378,79.82,7.0
98,1748.6,2020-04-16 12:55:00+05:30,1753.25,1745.2,1748.0,142016,64.02232745105502,1739.5857142857144,0.42533007817186785,1756.5267283260944,1713.8175000000003,1671.1082716739063,85.42,6.0
99,1746.0,2020-04-16 13:05:00+05:30,1750.25,1742.0,1748.5,102370,61.77674287046278,1740.8714285714286,-2.2455845805922365,1759.629398621676,1716.8650000000002,1674.1006013783244,85.53,0.0
100,1743.5,2020-04-16 13:15:00+05:30,1748.0,1742.5,1745.4,72025,59.61163116034488,1742.0428571428572,-2.1651117101179054,1761.910414146322,1719.545,1677.1795858536782,84.73,-1.0
101,1743.7,2020-04-16 13:25:00+05:30,1747.0,1743.0,1743.45,50916,59.733215299762776,1743.571428571429,0.12158413941789803,1763.5990147348111,1722.1875,1680.7759852651889,82.82,-2.0
102,1745.0,2020-04-16 13:35:00+05:30,1747.0,1743.1,1743.1,56282,60.56423050630537,1744.9285714285718,0.8310152065425953,1765.6627206275405,1724.4375,1683.2122793724595,82.45,-0.0
103,1749.4,2020-04-16 13:45:00+05:30,1750.15,1734.2,1744.8,191222,63.3232033349657,1746.2714285714287,2.758972828660326,1767.8095282967327,1726.95,1686.0904717032674,81.72,-1.0
104,1754.25,2020-04-16 13:55:00+05:30,1764.65,1745.05,1749.35,252735,66.13558601153227,1747.207142857143,2.812382676566571,1769.9875333137502,1729.7549999999999,1689.5224666862496,80.47,-1.0
105,1751.6,2020-04-16 14:05:00+05:30,1754.8,1750.0,1754.65,77614,63.28035820708415,1747.6357142857144,-2.85522780444812,1769.9324017002627,1732.7274999999997,1695.5225982997367,74.41,-6.0
106,1744.2,2020-04-16 14:15:00+05:30,1754.55,1741.55,1750.85,127419,56.008727825091746,1747.3785714285716,-7.271630381992402,1767.9963690830707,1735.2249999999997,1702.4536309169287,65.54,-9.0
107,1741.7,2020-04-16 14:25:00+05:30,1750.55,1740.4,1744.0,117331,53.76110206044474,1747.1214285714289,-2.2476257646470046,1765.126191593784,1737.4199999999994,1709.7138084062149,55.41,-10.0
108,1740.05,2020-04-16 14:35:00+05:30,1745.0,1739.0,1741.45,128256,52.270193460323924,1746.6000000000001,-1.490908600120818,1762.865200545476,1739.0574999999994,1715.2497994545229,47.62,-8.0
109,1736.0,2020-04-16 14:45:00+05:30,1742.0,1723.45,1740.05,254863,48.70018511380533,1745.314285714286,-3.5700083465185912,1759.9232521919707,1740.3624999999993,1720.8017478080278,39.12,-8.0
110,1723.1,2020-04-16 14:55:00+05:30,1742.0,1721.0,1736.0,321528,39.45636359526461,1741.5571428571432,-9.24382151854072,1758.3008220534625,1740.777499999999,1723.2541779465355,35.05,-4.0
111,1712.45,2020-04-16 15:05:00+05:30,1723.85,1705.4,1723.2,492924,33.75921149023324,1735.5857142857146,-5.697152105031371,1760.0006598223133,1740.402499999999,1720.8043401776847,39.2,4.0
112,1713.05,2020-04-16 15:15:00+05:30,1718.65,1710.4,1712.45,365633,34.33447195067852,1730.0785714285716,0.5752604604452785,1762.2943892239862,1739.2049999999992,1716.1156107760123,46.18,7.0
113,1720.5,2020-04-16 15:25:00+05:30,1720.5,1710.0,1713.4,121577,41.1665532970181,1726.6928571428573,6.832081346339578,1762.9856486563099,1738.464999999999,1713.9443513436881,49.04,3.0
114,1786.5,2020-04-17 09:15:00+05:30,1801.9,1753.65,1800.0,1263412,70.47449328219312,1733.0928571428572,29.307939985175025,1773.5530513024723,1741.139999999999,1708.7269486975256,64.83,16.0
115,1838.1,2020-04-17 09:25:00+05:30,1839.8,1786.0,1786.7,1036437,79.19892617546358,1747.1000000000001,8.72443289327046,1800.2358215423121,1746.269999999999,1692.304178457686,107.93,43.0
116,1842.25,2020-04-17 09:35:00+05:30,1848.0,1832.0,1838.9,858481,79.71800533100975,1762.2785714285715,0.5190791555461658,1820.182081355824,1751.382499999999,1682.582918644174,137.6,30.0
117,1837.7,2020-04-17 09:45:00+05:30,1851.55,1837.0,1840.35,876680,77.43639770855347,1778.65,-2.281607622456278,1834.7103822899332,1755.882499999999,1677.0546177100648,157.66,20.0
118,1837.35,2020-04-17 09:55:00+05:30,1842.0,1835.05,1838.0,246329,77.25323269248068,1796.4928571428572,-0.1831650160727918,1847.0207035726917,1760.319999999999,1673.6192964273064,173.4,16.0
119,1831.55,2020-04-17 10:05:00+05:30,1837.25,1825.0,1836.3,296585,74.12425573396173,1813.4214285714286,-3.1289769585189475,1856.6026684761,1764.5974999999992,1672.5923315238983,184.01,11.0
120,1820.2,2020-04-17 10:15:00+05:30,1835.0,1817.85,1830.5,238062,68.29482617629793,1827.6642857142858,-5.829429557663801,1863.0907844540784,1768.432499999999,1673.7742155459196,189.32,5.0
121,1812.1,2020-04-17 10:25:00+05:30,1824.9,1807.5,1820.0,304008,64.40222063893543,1831.321428571429,-3.892605537362499,1867.6836369847465,1771.852499999999,1676.0213630152516,191.66,2.0
122,1812.0,2020-04-17 10:35:00+05:30,1825.0,1809.0,1812.0,288993,64.35345385485004,1827.5928571428574,-0.04876678408538737,1871.7627592058166,1775.202499999999,1678.6422407941814,193.12,1.0
123,1807.1,2020-04-17 10:45:00+05:30,1813.0,1795.35,1811.2,444198,61.88081842960568,1822.571428571429,-2.4726354252443628,1874.8494590052105,1778.087499999999,1681.3255409947874,193.52,0.0
124,1814.55,2020-04-17 10:55:00+05:30,1822.85,1801.0,1806.65,279633,64.13702771998032,1819.2642857142857,2.256209290374642,1878.492813335458,1781.102499999999,1683.71218666454,194.78,1.0
125,1816.7,2020-04-17 11:05:00+05:30,1822.0,1811.85,1814.75,172509,64.78481535797755,1816.314285714286,0.6477876379972258,1881.9474384104074,1784.357499999999,1686.7675615895905,195.18,0.0
126,1811.1,2020-04-17 11:15:00+05:30,1819.9,1810.0,1816.7,126215,61.66068620557356,1813.3928571428573,-3.124129152403988,1884.0754459471175,1787.702499999999,1691.3295540528804,192.75,-2.0
127,1804.25,2020-04-17 11:25:00+05:30,1812.4,1803.65,1811.2,139566,57.97766912154917,1811.1142857142859,-3.6830170840243923,1884.9505855888005,1790.8299999999992,1696.709414411198,188.24,-5.0
128,1808.65,2020-04-17 11:35:00+05:30,1812.7,1803.7,1804.5,129201,59.64506535633248,1810.6214285714286,1.6673962347833111,1885.5460143781752,1794.259999999999,1702.973985621823,182.57,-6.0
129,1813.9,2020-04-17 11:45:00+05:30,1815.0,1805.65,1808.0,102531,61.60278163632449,1810.892857142857,1.957716279992006,1885.5385821024317,1798.1549999999993,1710.7714178975668,174.77,-8.0
130,1807.7,2020-04-17 11:55:00+05:30,1815.0,1805.1,1814.0,132449,58.02289272413661,1810.9785714285715,-3.579888912187876,1882.3461425367923,1802.384999999999,1722.4238574632059,159.92,-15.0
131,1811.35,2020-04-17 12:05:00+05:30,1813.0,1806.45,1807.65,91689,59.51450033040706,1810.5214285714287,1.491607606270449,1875.189734592372,1807.3299999999992,1739.4702654076266,135.72,-24.0
132,1810.0,2020-04-17 12:15:00+05:30,1816.85,1808.1,1811.35,109021,58.683910299679994,1809.564285714286,-0.8305900307270662,1863.521391913663,1812.177499999999,1760.8336080863353,102.69,-33.0
133,1812.5,2020-04-17 12:25:00+05:30,1814.8,1809.0,1810.5,72469,59.80270819445854,1809.7642857142857,1.1187978947785453,1844.6647443015918,1816.777499999999,1788.8902556984062,55.77,-47.0
134,1815.0,2020-04-17 12:35:00+05:30,1815.0,1810.3,1812.9,69498,60.94172509987574,1811.3,1.1390169054172006,1842.2195438384215,1818.202499999999,1794.1854561615764,48.03,-8.0
135,1817.9,2020-04-17 12:45:00+05:30,1823.0,1814.5,1815.0,191872,62.27703440543938,1812.6214285714286,1.3353093055636407,1839.3102060531255,1817.1924999999992,1795.074793946873,44.24,-4.0
136,1817.65,2020-04-17 12:55:00+05:30,1822.0,1816.0,1817.9,112964,62.079997669766634,1813.1571428571428,-0.1970367356727465,1834.6890045773112,1815.9624999999992,1797.2359954226872,37.45,-7.0
137,1812.4,2020-04-17 13:05:00+05:30,1817.95,1811.0,1817.9,118349,57.93464389449573,1813.8285714285714,-4.145353775270905,1830.4181359520442,1814.6974999999995,1798.976864047955,31.44,-6.0
138,1808.3,2020-04-17 13:15:00+05:30,1812.45,1807.85,1812.45,112532,54.854094375121775,1813.3928571428569,-3.080549519373953,1825.0281681915963,1813.2449999999997,1801.461831808403,23.57,-8.0
139,1811.85,2020-04-17 13:25:00+05:30,1814.25,1808.0,1809.0,91331,56.98675261093637,1813.6571428571426,2.1326582358145956,1820.2990232451903,1812.2599999999995,1804.2209767548088,16.08,-7.0
140,1812.0,2020-04-17 13:35:00+05:30,1814.5,1811.0,1812.0,78340,57.07901403931,1813.5857142857142,0.09226142837363227,1818.9675838597004,1811.8499999999997,1804.732416140299,14.24,-2.0
141,1811.2,2020-04-17 13:45:00+05:30,1812.3,1809.0,1812.1,85392,56.384373519837425,1813.042857142857,-0.6946405194725784,1818.9273074321293,1811.8049999999996,1804.68269256787,14.24,0.0
142,1811.4,2020-04-17 13:55:00+05:30,1812.9,1808.0,1809.6,89412,56.526812817396774,1812.1142857142856,0.14243929755934914,1818.8989034243782,1811.7749999999996,1804.651096575621,14.25,0.0
143,1813.5,2020-04-17 14:05:00+05:30,1817.6,1809.55,1811.45,116180,58.075038829467935,1811.5214285714285,1.5482260120711615,1818.9026504950702,1812.0949999999998,1805.2873495049294,13.62,-1.0
144,1810.85,2020-04-17 14:15:00+05:30,1815.95,1809.3,1813.5,106937,55.394095600821196,1811.3,-2.68094322864674,1818.6373675151633,1811.9099999999994,1805.1826324848355,13.45,-0.0
145,1806.0,2020-04-17 14:25:00+05:30,1811.0,1806.0,1811.0,117150,50.77430155567161,1810.9714285714288,-4.6197940451495825,1818.19960717974,1811.3749999999995,1804.550392820259,13.65,0.0
146,1795.8,2020-04-17 14:35:00+05:30,1806.9,1792.0,1806.0,309992,42.70742139430418,1808.6785714285713,-8.066880161367436,1820.3652469012902,1810.61,1800.8547530987096,19.51,6.0
147,1801.3,2020-04-17 14:45:00+05:30,1808.8,1796.0,1796.5,203603,47.546710595831655,1807.1499999999999,4.839289201527478,1820.699937744808,1810.4625,1800.2250622551921,20.47,1.0
148,1805.85,2020-04-17 14:55:00+05:30,1812.95,1800.25,1801.3,229542,51.217666509885056,1806.3857142857141,3.670955914053401,1820.7393120691543,1810.3224999999998,1799.9056879308453,20.83,0.0
149,1804.15,2020-04-17 15:05:00+05:30,1808.0,1800.65,1805.85,254199,49.814892075362074,1805.35,-1.402774434522982,1820.4574241459616,1809.8349999999998,1799.212575854038,21.24,0.0
150,1810.65,2020-04-17 15:15:00+05:30,1813.9,1802.05,1803.0,269948,54.900984357207236,1804.9428571428568,5.086092281845161,1820.5619376031939,1809.9825,1799.4030623968063,21.16,-0.0
151,1810.0,2020-04-17 15:25:00+05:30,1812.9,1807.55,1810.75,82913,54.30825031886543,1804.8214285714282,-0.5927340383418027,1820.4749092898755,1809.9150000000002,1799.3550907101248,21.12,-0.0
152,1811.0,2020-04-20 09:15:00+05:30,1830.0,1808.45,1830.0,257703,55.11120132395739,1805.535714285714,0.8029510050919555,1820.536067764615,1809.9650000000001,1799.3939322353854,21.14,0.0
153,1808.6,2020-04-20 09:25:00+05:30,1812.4,1803.0,1810.7,159888,52.71680380625252,1807.3642857142856,-2.394397517704867,1820.2879245501179,1809.77,1799.252075449882,21.04,-0.0
154,1817.9,2020-04-20 09:35:00+05:30,1824.0,1807.0,1808.6,167651,59.973803276691655,1809.7357142857143,7.256999470439133,1820.8097162471142,1809.9150000000002,1799.0202837528861,21.79,1.0
155,1816.95,2020-04-20 09:45:00+05:30,1827.55,1813.1,1818.4,134451,58.97801782253202,1811.3214285714287,-0.9957854541596376,1820.6230261194016,1809.8674999999998,1799.111973880598,21.51,-0.0
156,1821.05,2020-04-20 09:55:00+05:30,1822.0,1811.0,1816.75,81300,61.91689522602312,1813.7357142857143,2.938877403491105,1821.4012408129113,1810.0375,1798.6737591870885,22.73,1.0
157,1819.6,2020-04-20 10:05:00+05:30,1824.5,1817.2,1822.0,86237,60.272328029014794,1815.0142857142857,-1.6445671970083282,1822.5080206546284,1810.3974999999998,1798.2869793453713,24.22,1.0
158,1815.4,2020-04-20 10:15:00+05:30,1820.0,1813.0,1819.6,73818,55.6606723679446,1815.7857142857142,-4.611655661070195,1823.0193777394068,1810.7524999999998,1798.485622260593,24.53,0.0
159,1815.6,2020-04-20 10:25:00+05:30,1819.85,1813.5,1815.7,44904,55.8339700115443,1816.4428571428573,0.17329764359970312,1823.390770426379,1810.9399999999998,1798.4892295736206,24.9,0.0
160,1812.05,2020-04-20 10:35:00+05:30,1817.05,1811.5,1815.2,55302,51.952526519892324,1816.935714285714,-3.8814434916519787,1823.3941866327366,1810.9424999999999,1798.4908133672632,24.9,0.0
161,1814.4,2020-04-20 10:45:00+05:30,1815.95,1807.05,1812.05,64931,54.2212565483006,1816.435714285714,2.268730028408278,1823.6499876914982,1811.1025000000002,1798.5550123085022,25.09,0.0
162,1815.15,2020-04-20 10:55:00+05:30,1817.15,1812.5,1814.4,54024,54.952332762655686,1816.178571428571,0.7310762143550846,1823.9676056181916,1811.2900000000002,1798.6123943818088,25.36,0.0
163,1816.85,2020-04-20 11:05:00+05:30,1818.9,1814.0,1815.15,49606,56.64252128194499,1815.5785714285714,1.6901885192893005,1824.3448367057858,1811.4575,1798.5701632942141,25.77,0.0
164,1813.7,2020-04-20 11:15:00+05:30,1818.6,1813.45,1816.85,67367,52.6970789542441,1814.7357142857143,-3.9454423277008885,1824.522033406871,1811.6,1798.6779665931288,25.84,0.0
165,1811.3,2020-04-20 11:25:00+05:30,1815.0,1810.0,1814.4,67753,49.84811326272205,1814.1499999999999,-2.8489656915220465,1824.518067029896,1811.8650000000002,1799.2119329701045,25.31,-1.0
166,1811.0,2020-04-20 11:35:00+05:30,1814.0,1805.85,1810.8,78233,49.48795376659899,1813.492857142857,-0.3601594961230603,1822.7981069621346,1812.625,1802.4518930378654,20.35,-5.0
167,1812.8,2020-04-20 11:45:00+05:30,1812.8,1808.7,1810.9,36914,51.74095189086843,1813.6,2.252998124269439,1821.866329278176,1813.2,1804.5336707218241,17.33,-3.0
168,1811.0,2020-04-20 11:55:00+05:30,1813.0,1808.8,1812.8,35342,49.369526250603826,1813.1142857142856,-2.3714256402646043,1821.4869376154827,1813.4575,1805.4280623845173,16.06,-1.0
169,1813.7,2020-04-20 12:05:00+05:30,1815.0,1810.0,1810.9,36866,52.85967256704594,1812.9071428571428,3.4901463164421145,1820.6645186345315,1813.935,1807.2054813654684,13.46,-3.0
170,1814.4,2020-04-20 12:15:00+05:30,1816.15,1812.0,1813.7,39114,53.74982419448938,1812.5571428571427,0.8901516274434371,1820.6732311765363,1814.1225,1807.5717688234636,13.1,-0.0
171,1810.75,2020-04-20 12:25:00+05:30,1816.0,1810.7,1814.35,43729,48.59683867917767,1812.1357142857141,-5.1529855153117055,1820.6193139606294,1814.1599999999999,1807.7006860393703,12.92,-0.0
172,1809.9,2020-04-20 12:35:00+05:30,1811.85,1807.25,1810.55,62790,47.45584733325155,1811.935714285714,-1.1409913459261247,1820.6950163724646,1814.105,1807.5149836275355,13.18,0.0
173,1812.35,2020-04-20 12:45:00+05:30,1812.5,1808.4,1810.05,56023,51.02511868507607,1812.1285714285714,3.5692713518245256,1820.4202002640627,1814.2925,1808.1647997359373,12.26,-1.0
174,1815.6,2020-04-20 12:55:00+05:30,1822.0,1811.65,1812.35,98245,55.35730874107988,1812.5285714285715,4.33219005600381,1820.1031334327076,1814.1774999999998,1808.251866567292,11.85,-0.0
175,1818.0,2020-04-20 13:05:00+05:30,1818.0,1814.0,1815.75,55740,58.29139159221587,1813.5285714285715,2.934082851135983,1820.2764343559597,1814.23,1808.1835656440403,12.09,0.0
176,1818.1,2020-04-20 13:15:00+05:30,1819.0,1815.0,1818.0,45488,58.41403444282587,1814.1571428571428,0.12264285061000635,1819.544066673235,1814.0824999999998,1808.6209333267645,10.92,-1.0
177,1816.8,2020-04-20 13:25:00+05:30,1818.5,1816.0,1818.2,64122,56.10440895490444,1814.5,-2.30962548792143,1818.9316751242995,1813.9424999999999,1808.9533248757002,9.98,-1.0
178,1817.2,2020-04-20 13:35:00+05:30,1818.6,1815.5,1816.95,55476,56.6720758473511,1815.4214285714286,0.5676668924466597,1819.1943310704512,1814.0324999999998,1808.8706689295484,10.32,0.0
179,1815.0,2020-04-20 13:45:00+05:30,1818.5,1815.0,1817.2,73702,52.639937690777366,1816.15,-4.032138156573737,1819.1328508651823,1814.0024999999998,1808.8721491348174,10.26,-0.0
180,1814.05,2020-04-20 13:55:00+05:30,1815.95,1811.05,1815.0,106608,50.95404263309171,1816.392857142857,-1.6858950576856557,1819.149904231242,1814.1024999999997,1809.0550957687574,10.09,-0.0
181,1811.75,2020-04-20 14:05:00+05:30,1814.8,1810.1,1814.3,54962,47.027118974798555,1815.8428571428572,-3.9269236582931555,1819.1225568512282,1813.9699999999998,1808.8174431487714,10.31,0.0
182,1812.6,2020-04-20 14:15:00+05:30,1813.1,1810.0,1811.75,53860,48.60357724098078,1815.0714285714287,1.5764582661822288,1818.9983117437232,1813.8424999999995,1808.6866882562758,10.31,0.0
183,1815.35,2020-04-20 14:25:00+05:30,1815.9,1812.15,1812.55,60153,53.432097048616576,1814.6785714285713,4.828519807635793,1818.7807744840575,1813.7674999999995,1808.7542255159415,10.03,-0.0
184,1818.0,2020-04-20 14:35:00+05:30,1818.0,1814.05,1815.35,85243,57.568886496818045,1814.8500000000001,4.136789448201469,1819.3405510007083,1813.9824999999996,1808.624448999291,10.72,1.0
185,1814.05,2020-04-20 14:45:00+05:30,1822.95,1814.05,1818.0,115598,50.38421179130645,1814.3999999999999,-7.184674705511597,1819.3272217059207,1814.1199999999997,1808.9127782940786,10.41,-0.0
186,1816.6,2020-04-20 14:55:00+05:30,1820.15,1814.0,1814.8,135017,54.34545130549742,1814.6285714285714,3.9612395141909715,1819.502011987017,1814.3999999999996,1809.2979880129822,10.2,-0.0
187,1819.8,2020-04-20 15:05:00+05:30,1823.0,1816.0,1816.6,205135,58.79166892036041,1815.45,4.446217614862988,1820.3280585190532,1814.7499999999995,1809.1719414809459,11.16,1.0
188,1814.95,2020-04-20 15:15:00+05:30,1822.65,1814.95,1819.85,208560,50.7280295326949,1815.9071428571428,-8.06363938766551,1820.2388509368327,1814.9474999999995,1809.6561490631664,10.58,-1.0
189,1815.7,2020-04-20 15:25:00+05:30,1819.0,1813.7,1815.0,60690,51.82832980720063,1816.3500000000001,1.1003002745057344,1820.3151245520094,1815.0474999999994,1809.7798754479895,10.54,-0.0
190,1787.0,2020-04-21 09:15:00+05:30,1794.0,1761.25,1765.0,286951,26.990086300588104,1812.3,-24.838243506612528,1827.2925642188743,1813.6774999999993,1800.0624357811243,27.23,17.0
191,1767.0,2020-04-21 09:25:00+05:30,1789.4,1765.3,1787.3,225708,19.850683151956957,1805.0142857142857,-7.139403148631146,1836.4321351384153,1811.4899999999993,1786.5478648615833,49.88,23.0
192,1763.6,2020-04-21 09:35:00+05:30,1769.75,1758.5,1767.0,202418,18.933769732220284,1797.8071428571432,-0.9169134197366731,1842.0664082526407,1809.1749999999993,1776.2835917473578,65.78,16.0
193,1757.0,2020-04-21 09:45:00+05:30,1763.95,1756.45,1763.55,153634,17.266496427460282,1789.2928571428572,-1.667273304760002,1846.6638662830555,1806.4074999999993,1766.1511337169431,80.51,15.0
194,1743.85,2020-04-21 09:55:00+05:30,1756.95,1741.5,1756.3,333102,14.522531620478873,1778.4428571428575,-2.7439648069814098,1851.5280821133165,1802.8199999999993,1754.111917886682,97.42,17.0
195,1757.75,2020-04-21 10:05:00+05:30,1764.45,1742.9,1743.1,311332,27.61691708190473,1770.2714285714287,13.094385461425858,1851.8977786667401,1799.8074999999994,1747.7172213332587,104.18,7.0
196,1753.4,2020-04-21 10:15:00+05:30,1764.1,1752.0,1757.8,163038,26.261086871498193,1761.3714285714286,-1.3558302104065376,1851.8200241169438,1796.5724999999995,1741.3249758830552,110.5,6.0
197,1760.15,2020-04-21 10:25:00+05:30,1760.65,1752.05,1753.05,105412,31.851996196288468,1757.5357142857142,5.590909324790275,1850.4114594464363,1793.7399999999993,1737.0685405535623,113.34,3.0
198,1757.8,2020-04-21 10:35:00+05:30,1760.15,1755.55,1760.15,113886,30.971560627885296,1756.2214285714285,-0.8804355684031719,1848.4811719550096,1790.7699999999998,1733.05882804499,115.42,2.0
199,1758.55,2020-04-21 10:45:00+05:30,1760.85,1756.05,1757.8,82311,31.621182434533893,1755.4999999999998,0.6496218066485966,1846.1883020747946,1787.9474999999998,1729.706697925205,116.48,1.0
200,1752.35,2020-04-21 10:55:00+05:30,1760.9,1752.15,1758.4,85297,29.176716106439017,1754.8357142857142,-2.444466328094876,1843.8137811788781,1784.8624999999997,1725.9112188211213,117.9,1.0
201,1745.2,2020-04-21 11:05:00+05:30,1752.35,1745.05,1752.35,138356,26.62091009156707,1755.0285714285712,-2.5558060148719477,1841.5984497843697,1781.5349999999994,1721.4715502156291,120.13,2.0
202,1752.0,2020-04-21 11:15:00+05:30,1756.0,1745.25,1745.4,111482,32.66230568270659,1754.2071428571428,6.041395591139519,1838.0821936230593,1778.5049999999997,1718.92780637694,119.15,-1.0
203,1748.0,2020-04-21 11:25:00+05:30,1754.6,1748.0,1752.0,67503,31.04322834256675,1753.435714285714,-1.6190773401398388,1833.548114347227,1775.1374999999996,1716.7268856527721,116.82,-2.0
204,1747.1,2020-04-21 11:35:00+05:30,1750.95,1745.0,1748.2,83045,30.674786030332328,1751.5714285714287,-0.36844231223442137,1827.6068146648054,1771.5924999999995,1715.5781853351937,112.03,-5.0
205,1747.7,2020-04-21 11:45:00+05:30,1751.5,1743.5,1747.05,71318,31.26052250721608,1750.1285714285716,0.5857364768837527,1821.4909700999947,1768.2749999999992,1715.0590299000037,106.43,-6.0
206,1753.0,2020-04-21 11:55:00+05:30,1753.05,1747.0,1748.5,78424,36.37442098603895,1749.3357142857146,5.113898478822868,1813.539182747824,1765.0949999999993,1716.6508172521746,96.89,-10.0
207,1750.85,2020-04-21 12:05:00+05:30,1755.0,1750.0,1753.0,58126,35.229438431402755,1749.1214285714289,-1.1449825546361936,1802.9934407413682,1761.6474999999991,1720.30155925863,82.69,-14.0
208,1749.9,2020-04-21 12:15:00+05:30,1752.45,1749.9,1750.25,54843,34.709536508263014,1749.7928571428572,-0.5199019231397415,1791.498774629732,1758.3949999999993,1725.2912253702666,66.21,-16.0
209,1742.8,2020-04-21 12:25:00+05:30,1749.95,1740.0,1749.9,139822,31.02451420958255,1748.4785714285715,-3.6850222986804653,1774.7444992435228,1754.7499999999995,1734.7555007564763,39.99,-26.0
210,1735.75,2020-04-21 12:35:00+05:30,1744.0,1733.05,1742.8,128616,27.861433882972918,1746.7285714285715,-3.163080326609631,1767.3259096710199,1752.1874999999995,1737.0490903289792,30.28,-10.0
211,1736.0,2020-04-21 12:45:00+05:30,1740.0,1734.0,1735.75,74598,28.141216460667906,1745.142857142857,0.2797825776949878,1765.7381404534526,1750.6374999999996,1735.5368595465466,30.2,-0.0
212,1731.0,2020-04-21 12:55:00+05:30,1736.0,1727.7,1736.0,108379,25.971675709898435,1742.7571428571428,-2.169540750769471,1765.2141027804528,1749.0074999999997,1732.8008972195466,32.41,2.0
213,1737.25,2020-04-21 13:05:00+05:30,1738.9,1729.0,1731.55,91298,32.93208019131602,1740.5071428571428,6.960404481417584,1764.5790617582927,1748.0199999999998,1731.4609382417068,33.12,1.0
214,1735.9,2020-04-21 13:15:00+05:30,1738.7,1733.6,1737.5,67067,32.2272281730112,1738.3714285714284,-0.7048520183048197,1764.9661314718326,1747.6225,1730.2788685281673,34.69,2.0
215,1737.15,2020-04-21 13:25:00+05:30,1739.0,1733.6,1735.9,88926,33.64342517895689,1736.5499999999997,1.4161970059456905,1763.8502755168106,1746.5925,1729.3347244831893,34.52,-0.0
216,1743.0,2020-04-21 13:35:00+05:30,1744.7,1737.5,1738.05,113267,39.96602981443363,1736.5785714285714,6.322604635476743,1763.0916989111736,1746.0724999999998,1729.053301088826,34.04,-0.0
217,1741.75,2020-04-21 13:45:00+05:30,1744.2,1740.15,1743.0,81865,39.108552503923896,1737.435714285714,-0.8574773105097364,1760.9100871449505,1745.1524999999997,1729.394912855049,31.52,-3.0
218,1744.7,2020-04-21 13:55:00+05:30,1748.3,1740.75,1741.75,96174,42.257214523706935,1738.6785714285713,3.148662019783039,1759.0873116938594,1744.4974999999995,1729.9076883061396,29.18,-2.0
219,1742.95,2020-04-21 14:05:00+05:30,1748.0,1741.0,1744.7,79260,40.905900086289556,1740.3857142857144,-1.351314437417379,1756.7264149593714,1743.7174999999993,1730.7085850406272,26.02,-3.0
220,1741.9,2020-04-21 14:15:00+05:30,1745.0,1738.1,1742.7,133981,40.07777659498899,1741.05,-0.8281234913005662,1755.5679288537578,1743.1949999999993,1730.8220711462407,24.75,-1.0
221,1742.25,2020-04-21 14:25:00+05:30,1747.0,1740.0,1741.9,138780,40.51010698800271,1741.957142857143,0.43233039301372145,1755.39008673729,1743.0474999999994,1730.704913262709,24.69,-0.0
222,1740.95,2020-04-21 14:35:00+05:30,1744.95,1738.15,1742.2,132522,39.37380128914829,1742.5000000000002,-1.1363056988544216,1754.1185649934516,1742.4949999999994,1730.8714350065472,23.25,-1.0
223,1745.0,2020-04-21 14:45:00+05:30,1745.7,1737.0,1740.75,155610,44.58848720758717,1742.7857142857144,5.214685918438882,1753.7447183713662,1742.3449999999993,1730.9452816286325,22.8,-0.0
224,1737.3,2020-04-21 14:55:00+05:30,1745.0,1737.0,1745.0,170063,37.91177939218681,1742.15,-6.676707815400363,1753.2366056585843,1741.8549999999996,1730.4733943414149,22.76,-0.0
225,1740.55,2020-04-21 15:05:00+05:30,1744.5,1736.75,1737.3,271235,41.868441116733216,1741.5571428571427,3.9566617245464073,1752.5505050688369,1741.4975,1730.444494931163,22.11,-1.0
226,1734.15,2020-04-21 15:15:00+05:30,1741.0,1730.0,1740.65,232056,36.88377201729506,1740.2999999999997,-4.9846690994381575,1750.651528845892,1740.5549999999998,1730.4584711541077,20.19,-2.0
227,1737.75,2020-04-21 15:25:00+05:30,1737.75,1730.0,1734.15,78724,41.12952107112792,1739.7071428571428,4.24574905383286,1748.8149785251758,1739.9,1730.9850214748244,17.83,-2.0
228,1748.0,2020-04-22 09:15:00+05:30,1755.8,1720.0,1737.65,309520,51.19594548412254,1740.5285714285712,10.066424412994621,1748.3019901791363,1739.8049999999998,1731.3080098208634,16.99,-1.0
229,1751.3,2020-04-22 09:25:00+05:30,1752.0,1733.5,1748.0,130658,53.92740697084111,1742.0071428571425,2.7314614867185725,1750.0975118177162,1740.23,1730.3624881822839,19.74,3.0
230,1744.7,2020-04-22 09:35:00+05:30,1752.2,1744.0,1752.0,91056,48.12599652946996,1741.9642857142856,-5.801410441371154,1750.5012346847816,1740.6774999999998,1730.853765315218,19.65,-0.0
231,1739.45,2020-04-22 09:45:00+05:30,1746.75,1738.0,1744.55,72529,44.0651261871821,1742.2714285714285,-4.060870342287856,1750.4464357417978,1740.8499999999997,1731.2535642582015,19.19,-0.0
232,1735.5,2020-04-22 09:55:00+05:30,1740.0,1731.0,1739.45,101043,41.2452149706222,1741.55,-2.819911216559902,1749.8771827435994,1741.0749999999996,1732.2728172563998,17.6,-2.0
233,1730.35,2020-04-22 10:05:00+05:30,1736.05,1725.0,1735.3,98275,37.844731543911664,1741.007142857143,-3.4004834267105366,1750.6352033109201,1740.7299999999996,1730.824796689079,19.81,2.0
234,1730.0,2020-04-22 10:15:00+05:30,1733.45,1727.0,1730.35,91145,37.61774228002418,1739.9,-0.2269892638874822,1751.2550642083474,1740.4349999999995,1729.6149357916515,21.64,2.0
235,1730.1,2020-04-22 10:25:00+05:30,1732.9,1729.35,1730.25,69728,37.73265731638754,1737.3428571428574,0.11491503636335665,1751.7771805270877,1740.0824999999993,1728.387819472911,23.39,2.0
236,1742.5,2020-04-22 10:35:00+05:30,1742.95,1730.1,1730.1,100416,50.025915109501504,1736.0857142857146,12.293257793113966,1751.7280330685592,1740.0574999999994,1728.3869669314397,23.34,-0.0
237,1737.0,2020-04-22 10:45:00+05:30,1746.95,1736.1,1742.6,98953,45.71480408527467,1734.9857142857145,-4.3111110242268325,1751.5387389297794,1739.8199999999993,1728.1012610702192,23.44,0.0
238,1739.45,2020-04-22 10:55:00+05:30,1744.0,1736.6,1737.1,102636,47.86992000584528,1734.9857142857145,2.1551159205706085,1751.0489739560803,1739.5574999999994,1728.0660260439186,22.98,-0.0
239,1738.25,2020-04-22 11:05:00+05:30,1741.0,1738.0,1739.45,30060,46.88805609240841,1735.3785714285716,-0.9818639134368681,1750.7136542319424,1739.3224999999995,1727.9313457680566,22.78,-0.0
240,1738.15,2020-04-22 11:15:00+05:30,1741.5,1738.0,1738.0,45610,46.801906034333655,1736.4928571428572,-0.0861500580747574,1750.4708351211455,1739.1349999999995,1727.7991648788536,22.67,-0.0
241,1737.4,2020-04-22 11:25:00+05:30,1740.5,1736.25,1738.45,44663,46.117513634252234,1737.55,-0.6843924000814212,1750.1550263595275,1738.8924999999995,1727.6299736404715,22.53,-0.0
242,1739.7,2020-04-22 11:35:00+05:30,1739.9,1736.1,1737.4,27294,48.59983173770759,1738.9214285714286,2.4823181034553556,1750.0582725858526,1738.8299999999995,1727.6017274141464,22.46,-0.0
243,1739.7,2020-04-22 11:45:00+05:30,1741.1,1738.35,1739.7,41886,48.59983173770759,1738.5214285714287,0.0,1749.4242478172725,1738.5649999999994,1727.7057521827262,21.72,-1.0
244,1737.15,2020-04-22 11:55:00+05:30,1739.7,1733.2,1739.1,60926,45.88193328069291,1738.5428571428572,-2.7178984570146767,1749.4206329686137,1738.5574999999994,1727.6943670313851,21.73,0.0
245,1739.8,2020-04-22 12:05:00+05:30,1740.5,1737.15,1737.15,57282,49.069551766101675,1738.5928571428572,3.1876184854087626,1749.3593241194949,1738.5199999999993,1727.6806758805037,21.68,-0.0
246,1739.95,2020-04-22 12:15:00+05:30,1740.45,1738.0,1740.0,42772,49.25176297565332,1738.8357142857144,0.18221120955164594,1749.4658409976623,1738.809999999999,1728.1541590023357,21.31,-0.0
247,1748.0,2020-04-22 12:25:00+05:30,1749.55,1738.0,1739.6,101022,57.94704074044052,1740.2428571428572,8.6952777647872,1750.723583743459,1739.322499999999,1727.9214162565393,22.8,1.0
248,1751.0,2020-04-22 12:35:00+05:30,1759.0,1745.7,1746.65,150681,60.652783895681274,1742.1857142857145,2.7057431552407536,1751.4201258376695,1739.4724999999992,1727.5248741623288,23.9,1.0
249,1756.1,2020-04-22 12:45:00+05:30,1757.0,1746.1,1751.1,86348,64.79922786105777,1744.5285714285715,4.146443965376498,1752.7990489399208,1739.712499999999,1726.625951060077,26.17,2.0
250,1774.15,2020-04-22 12:55:00+05:30,1776.95,1754.4,1755.9,206221,74.88628473773224,1749.45,10.087056876674467,1761.3484139757372,1741.184999999999,1721.0215860242608,40.33,14.0
251,1776.75,2020-04-22 13:05:00+05:30,1790.0,1774.45,1776.3,263475,75.95513165327726,1755.107142857143,1.0688469155450235,1768.69317904586,1743.0499999999993,1717.4068209541385,51.29,11.0
252,1780.15,2020-04-22 13:15:00+05:30,1788.6,1775.05,1775.5,133383,77.31481305570469,1760.8714285714286,1.3596814024274266,1775.5208387701452,1745.2824999999993,1715.0441612298534,60.48,9.0
253,1773.95,2020-04-22 13:25:00+05:30,1780.0,1765.0,1779.1,133685,69.58726079069689,1765.7285714285715,-7.727552265007802,1779.4065114641257,1747.4624999999992,1715.5184885358726,63.89,3.0
254,1767.85,2020-04-22 13:35:00+05:30,1775.0,1765.75,1774.0,75667,62.923561845665255,1768.564285714286,-6.6636989450316335,1781.4275312870227,1749.354999999999,1717.2824687129755,64.15,0.0
255,1767.5,2020-04-22 13:45:00+05:30,1769.7,1765.0,1768.5,59472,62.553427293037956,1770.9214285714286,-0.3701345526272988,1782.9296319046557,1751.2249999999992,1719.5203680953427,63.41,-1.0
256,1764.95,2020-04-22 13:55:00+05:30,1768.6,1764.95,1767.6,45558,59.793746104356984,1772.1857142857145,-2.759681188680972,1784.3398424225768,1752.3474999999992,1720.3551575774216,63.98,1.0
257,1759.15,2020-04-22 14:05:00+05:30,1765.0,1756.2,1764.0,77433,53.96236681721592,1770.0428571428572,-5.831379287141061,1784.7359661312512,1753.4549999999992,1722.1740338687473,62.56,-1.0
258,1766.35,2020-04-22 14:15:00+05:30,1771.15,1759.0,1759.1,66170,59.27235994433993,1768.5571428571432,5.3099931271240095,1785.857942453951,1754.7999999999993,1723.7420575460476,62.12,-0.0
259,1766.3,2020-04-22 14:25:00+05:30,1770.55,1763.0,1766.5,53833,59.2212764113821,1766.5785714285716,-0.051083532957832745,1786.6408323943122,1756.2024999999994,1725.7641676056867,60.88,-1.0
260,1768.7,2020-04-22 14:35:00+05:30,1774.15,1763.95,1766.1,113827,60.96051325392604,1765.8285714285716,1.7392368425439386,1787.4106405094617,1757.729999999999,1728.0493594905365,59.36,-2.0
261,1761.05,2020-04-22 14:45:00+05:30,1769.6,1760.15,1767.05,90818,53.17530921074924,1764.857142857143,-7.7852040431767975,1787.0258584093385,1758.9124999999992,1730.79914159066,56.23,-3.0
262,1763.5,2020-04-22 14:55:00+05:30,1765.6,1756.65,1761.05,116686,55.15075821327008,1764.2857142857142,1.9754490025208398,1786.7693229710208,1760.1024999999995,1733.4356770289783,53.33,-3.0
263,1770.1,2020-04-22 15:05:00+05:30,1774.7,1763.45,1763.5,198347,60.041378413585555,1765.0214285714285,4.890620200315475,1786.8177266782377,1761.6224999999995,1736.4272733217613,50.39,-3.0
264,1773.9,2020-04-22 15:15:00+05:30,1775.0,1770.0,1770.15,170717,62.57201413048561,1767.1285714285714,2.5306357169000577,1786.3997517537941,1763.4599999999996,1740.520248246205,45.88,-5.0
265,1773.0,2020-04-22 15:25:00+05:30,1773.95,1770.25,1773.95,60802,61.57733361552004,1768.0785714285714,-0.9946805149655731,1785.514565839676,1765.1199999999994,1744.725434160323,40.79,-5.0
266,1789.35,2020-04-23 09:15:00+05:30,1794.1,1768.45,1780.0,288258,70.69214107557737,1771.3714285714286,9.114807460057328,1787.0957508388915,1767.5899999999995,1748.0842491611074,39.01,-2.0
267,1807.45,2020-04-23 09:25:00+05:30,1812.0,1788.75,1789.8,285173,77.15351520599185,1776.9071428571428,6.461374130414484,1794.9953914418656,1770.5624999999993,1746.129608558133,48.87,10.0
268,1817.6,2020-04-23 09:35:00+05:30,1819.9,1798.6,1807.75,262209,79.83792149910666,1784.9857142857145,2.6844062931148045,1804.478518047459,1773.8924999999992,1743.3064819525396,61.17,12.0
269,1817.6,2020-04-23 09:45:00+05:30,1827.9,1815.0,1817.6,247125,79.83792149910666,1792.714285714286,0.0,1812.056278758121,1776.9674999999993,1741.8787212418777,70.18,9.0
270,1812.2,2020-04-23 09:55:00+05:30,1824.45,1809.05,1817.0,121725,74.44109220782202,1798.7285714285717,-5.396829291284632,1817.2841065098082,1778.869999999999,1740.4558934901897,76.83,7.0
271,1816.2,2020-04-23 10:05:00+05:30,1818.0,1810.0,1812.2,58544,75.748808272807,1804.771428571429,1.307716064984973,1822.6956929864068,1780.8424999999988,1738.9893070135909,83.71,7.0
272,1814.25,2020-04-23 10:15:00+05:30,1820.0,1812.25,1816.0,60559,73.76730680162675,1810.6642857142863,-1.9815014711802519,1826.9806961606653,1782.5474999999988,1738.1143038393323,88.87,5.0
273,1814.1,2020-04-23 10:25:00+05:30,1818.1,1811.0,1814.25,50355,73.60779833014035,1814.2000000000005,-0.15950847148639014,1830.9378677536458,1784.554999999999,1738.172132246352,92.77,4.0
274,1816.0,2020-04-23 10:35:00+05:30,1817.9,1812.75,1814.05,36229,74.36396529736831,1815.421428571429,0.756166967227955,1834.6739559232412,1786.962499999999,1739.2510440767567,95.42,3.0
275,1819.0,2020-04-23 10:45:00+05:30,1819.9,1815.95,1816.0,32504,75.55489551661715,1815.6214285714289,1.1909302192488411,1838.3719558580005,1789.537499999999,1740.7030441419975,97.67,2.0
276,1816.0,2020-04-23 10:55:00+05:30,1819.0,1815.2,1818.7,31243,71.95506923472942,1815.3928571428573,-3.5998262818877294,1840.8498475883773,1792.089999999999,1743.3301524116207,97.52,-0.0
277,1821.7,2020-04-23 11:05:00+05:30,1825.0,1815.2,1816.0,91415,74.44628459004939,1816.7500000000002,2.491215355319966,1843.0974295936662,1795.2174999999988,1747.3375704063315,95.76,-2.0
278,1825.6,2020-04-23 11:15:00+05:30,1826.0,1821.05,1823.0,73924,76.01610865587561,1818.0928571428574,1.569824065826225,1845.8710054412754,1798.179999999999,1750.4889945587224,95.38,-0.0
279,1828.7,2020-04-23 11:25:00+05:30,1834.0,1824.55,1825.3,165838,77.21433904532356,1820.157142857143,1.198230389447943,1848.369936768262,1801.2999999999986,1754.2300632317351,94.14,-1.0
280,1827.25,2020-04-23 11:35:00+05:30,1830.0,1823.0,1828.8,61612,75.31887522358473,1822.0357142857144,-1.8954638217388293,1850.0262298720668,1804.2274999999986,1758.4287701279304,91.6,-3.0
281,1838.65,2020-04-23 11:45:00+05:30,1839.8,1824.4,1828.0,207082,79.565979293303,1825.2714285714287,4.247104069718276,1851.5943676486888,1808.1074999999987,1764.6206323513086,86.97,-5.0
282,1843.3,2020-04-23 11:55:00+05:30,1845.0,1838.0,1838.6,212927,81.00202435180896,1828.7428571428572,1.4360450585059539,1852.9129830658003,1812.0974999999987,1771.2820169341971,81.63,-5.0
283,1844.8,2020-04-23 12:05:00+05:30,1846.2,1841.5,1843.25,143675,81.45478543443195,1832.857142857143,0.45276108262299886,1854.0553957976476,1815.832499999999,1777.6096042023505,76.45,-5.0
284,1838.95,2020-04-23 12:15:00+05:30,1849.0,1835.05,1845.8,166655,74.04343092088799,1835.3214285714287,-7.411354513543969,1853.125874810949,1819.0849999999987,1785.0441251890484,68.08,-8.0
285,1840.55,2020-04-23 12:25:00+05:30,1846.95,1837.0,1839.0,100162,74.72090290708778,1837.4571428571428,0.6774719861997909,1850.0419712937382,1822.462499999999,1794.8830287062597,55.16,-13.0
286,1848.05,2020-04-23 12:35:00+05:30,1849.9,1840.0,1840.85,134439,77.66382534021304,1840.2214285714283,2.9429224331252613,1850.524450827643,1825.3974999999991,1800.2705491723552,50.25,-5.0
287,1848.05,2020-04-23 12:45:00+05:30,1850.0,1846.1,1848.0,159434,77.66382534021304,1843.1928571428566,0.0,1853.0053784972706,1827.4274999999993,1801.849621502728,51.16,1.0
288,1848.25,2020-04-23 12:55:00+05:30,1850.0,1847.25,1848.4,107917,77.74395684737249,1844.5642857142852,0.08013150715945017,1855.704829308428,1828.9599999999996,1802.215170691571,53.49,2.0
289,1848.75,2020-04-23 13:05:00+05:30,1849.95,1847.0,1848.25,124239,77.95686513359217,1845.342857142857,0.21290828621968672,1858.0920358313774,1830.5174999999995,1802.9429641686215,55.15,2.0
290,1842.2,2020-04-23 13:15:00+05:30,1849.0,1840.15,1848.75,135878,68.68696763059945,1844.9714285714285,-9.26989750299272,1858.644104720608,1832.0174999999995,1805.3908952793909,53.25,-2.0
291,1843.3,2020-04-23 13:25:00+05:30,1845.9,1842.05,1842.2,68828,69.34620361076894,1845.592857142857,0.659235980169484,1859.3604217896998,1833.3725,1807.3845782103,51.98,-1.0
292,1847.7,2020-04-23 13:35:00+05:30,1848.9,1838.05,1843.3,113639,71.89504787207653,1846.6142857142856,2.5488442613075932,1860.1413595598658,1835.0449999999996,1809.9486404401334,50.19,-2.0
293,1857.5,2020-04-23 13:45:00+05:30,1860.0,1845.85,1848.0,283500,76.56831525412892,1847.9642857142858,4.673267382052387,1862.1909273575302,1837.2149999999997,1812.2390726424692,49.95,-0.0
294,1859.15,2020-04-23 13:55:00+05:30,1860.0,1853.1,1857.55,100875,77.25409331177262,1849.55,0.6857780576437023,1864.085621914017,1839.3725,1814.6593780859828,49.43,-1.0
295,1863.4,2020-04-23 14:05:00+05:30,1865.0,1856.05,1860.0,157653,78.96203655642017,1851.7142857142858,1.7079432446475522,1866.575531609901,1841.5925,1816.609468390099,49.97,1.0
296,1872.0,2020-04-23 14:15:00+05:30,1874.0,1862.55,1863.95,248223,81.92040981559465,1855.0357142857142,2.958373259174479,1869.8465302878544,1844.3925,1818.9384697121454,50.91,1.0
297,1870.0,2020-04-23 14:25:00+05:30,1875.0,1863.0,1872.0,188454,79.13348165578267,1859.0071428571428,-2.7869281598119784,1872.361205571235,1846.8075000000001,1821.2537944287653,51.11,0.0
298,1869.0,2020-04-23 14:35:00+05:30,1870.6,1863.1,1870.0,92178,77.70995693468593,1862.6785714285713,-1.42352472109674,1874.318469013174,1848.9775000000002,1823.6365309868263,50.68,-0.0
299,1868.0,2020-04-23 14:45:00+05:30,1870.0,1866.0,1869.1,73142,76.23311809073894,1865.5785714285714,-1.476838843946993,1875.7522450081372,1850.9425000000003,1826.1327549918635,49.62,-1.0
300,1873.5,2020-04-23 14:55:00+05:30,1879.4,1867.15,1867.7,281469,78.63776094205953,1867.8642857142856,2.404642851320588,1877.378757671866,1853.2550000000003,1829.1312423281347,48.25,-1.0
301,1876.95,2020-04-23 15:05:00+05:30,1880.9,1868.0,1874.0,323036,80.00440021968734,1870.4071428571428,1.3666392776278116,1880.4644429095733,1855.17,1829.8755570904268,50.59,2.0
302,1878.05,2020-04-23 15:15:00+05:30,1889.85,1875.85,1876.95,496370,80.43419692220385,1872.5,0.42979670251651214,1883.5090882984534,1856.9075,1830.3059117015466,53.2,3.0
303,1867.0,2020-04-23 15:25:00+05:30,1878.15,1857.55,1877.85,134330,65.25931187516574,1871.7857142857142,-15.174885047038117,1884.3431383938266,1858.0175,1831.6918616061732,52.65,-1.0
304,1836.15,2020-04-24 09:15:00+05:30,1851.95,1835.0,1840.7,297636,41.63980103170061,1866.95,-23.61951084346513,1884.6559767264662,1857.8775,1831.099023273534,53.56,1.0
305,1837.75,2020-04-24 09:25:00+05:30,1841.65,1830.35,1836.25,180069,42.7961871873604,1862.4857142857143,1.1563861556597956,1884.9235814814529,1857.7375,1830.551418518547,54.37,1.0
306,1837.8,2020-04-24 09:35:00+05:30,1846.95,1835.55,1837.75,122447,42.83430748595378,1858.1714285714284,0.038120298593376845,1885.542922537547,1857.225,1828.907077462453,56.64,2.0
307,1835.6,2020-04-24 09:45:00+05:30,1840.0,1832.0,1837.8,87897,41.52313797100762,1852.7571428571428,-1.3111695149461582,1886.28417031405,1856.6024999999997,1826.9208296859495,59.36,3.0
308,1839.0,2020-04-24 09:55:00+05:30,1841.3,1834.0,1835.6,54426,44.357868439346625,1847.3357142857142,2.8347304683390036,1886.646472134707,1856.1399999999999,1825.6335278652928,61.01,2.0
309,1833.0,2020-04-24 10:05:00+05:30,1839.0,1833.0,1838.6,66329,40.61605234319271,1840.8999999999999,-3.7418160961539115,1887.4346556402727,1855.3524999999997,1823.2703443597268,64.16,3.0
310,1823.0,2020-04-24 10:15:00+05:30,1833.05,1822.5,1833.0,178083,35.27515603021354,1834.6142857142856,-5.340896312979176,1889.1677827375142,1854.3925,1819.6172172624856,69.55,5.0
311,1820.85,2020-04-24 10:25:00+05:30,1825.0,1819.5,1822.2,115014,34.232879377008786,1832.4285714285713,-1.0422766532047518,1890.886141552045,1853.2699999999998,1815.6538584479545,75.23,6.0
312,1820.0,2020-04-24 10:35:00+05:30,1823.75,1816.5,1819.7,98680,33.80758139907151,1829.892857142857,-0.42529797793727653,1892.3002928325054,1851.8849999999998,1811.469707167494,80.83,6.0
313,1821.35,2020-04-24 10:45:00+05:30,1825.35,1819.0,1819.9,85033,35.184872663068944,1827.5428571428572,1.377291263997435,1892.6132988547392,1850.0774999999999,1807.5417011452605,85.07,4.0
314,1819.25,2020-04-24 10:55:00+05:30,1821.95,1816.4,1821.8,46071,33.99974954415501,1825.207142857143,-1.1851231189139355,1892.526601793273,1848.0824999999998,1803.6383982067266,88.89,4.0
315,1822.45,2020-04-24 11:05:00+05:30,1826.95,1819.2,1819.25,84161,37.45677913134944,1822.8428571428574,3.457029587194434,1891.273841020105,1846.0349999999994,1800.7961589798938,90.48,2.0
316,1820.9,2020-04-24 11:15:00+05:30,1823.35,1820.5,1822.45,50116,36.46057702951436,1821.1142857142859,-0.9962021018350811,1888.314554343253,1843.4799999999996,1798.6454456567462,89.67,-1.0
317,1821.25,2020-04-24 11:25:00+05:30,1823.0,1818.05,1820.9,59712,36.868879073136654,1820.8642857142859,0.4083020436222924,1885.1003241453348,1841.0424999999996,1796.9846758546644,88.12,-2.0
318,1822.1,2020-04-24 11:35:00+05:30,1823.0,1818.3,1821.25,43254,37.91234697741212,1821.0428571428572,1.0434679042754667,1881.463453932885,1838.6974999999995,1795.9315460671141,85.53,-3.0
319,1827.85,2020-04-24 11:45:00+05:30,1838.5,1820.35,1822.05,103797,44.584972470960935,1822.1642857142858,6.672625493548814,1877.3835479173958,1836.6899999999994,1795.996452082603,81.39,-4.0
320,1824.65,2020-04-24 11:55:00+05:30,1830.0,1821.8,1827.0,53923,41.88699961013878,1822.6357142857144,-2.697972860822155,1871.343399546419,1834.2474999999995,1797.15160045358,74.19,-7.0
321,1822.65,2020-04-24 12:05:00+05:30,1825.55,1820.0,1823.45,43519,40.247712671581816,1823.1214285714286,-1.639286938556964,1862.9886562044378,1831.5324999999998,1800.0763437955618,62.91,-11.0
322,1822.0,2020-04-24 12:15:00+05:30,1823.8,1820.25,1822.5,34508,39.703865886721594,1823.0571428571427,-0.5438467848602215,1851.5334484926725,1828.7299999999996,1805.9265515073266,45.61,-17.0
323,1823.05,2020-04-24 12:25:00+05:30,1828.85,1821.5,1821.8,61768,41.0886901569137,1823.3642857142856,1.3848242701921052,1840.608058323041,1826.5324999999998,1812.4569416769586,28.15,-17.0
324,1822.0,2020-04-24 12:35:00+05:30,1827.0,1821.5,1823.05,33815,40.096942597827145,1823.4714285714285,-0.991747559086555,1839.2736352271795,1825.8249999999996,1812.3763647728197,26.9,-1.0
325,1814.8,2020-04-24 12:45:00+05:30,1823.5,1811.2,1822.0,103100,34.03119987465156,1822.428571428571,-6.065742723175582,1837.7531694505096,1824.6774999999998,1811.60183054949,26.15,-1.0
326,1811.0,2020-04-24 12:55:00+05:30,1817.0,1810.5,1814.8,43348,31.33679367679254,1820.0214285714283,-2.694406197859024,1836.2426958120516,1823.3374999999996,1810.4323041879477,25.81,-0.0
327,1811.8,2020-04-24 13:05:00+05:30,1813.0,1807.95,1810.9,88930,32.547598924348534,1818.1857142857139,1.2108052475559958,1834.6754256484326,1822.1474999999998,1809.619574351567,25.06,-1.0
328,1816.65,2020-04-24 13:15:00+05:30,1818.2,1810.0,1811.25,53645,39.51159881208592,1817.328571428571,6.963999887737387,1830.9427456497078,1821.03,1811.1172543502921,19.83,-5.0
329,1815.45,2020-04-24 13:25:00+05:30,1819.0,1813.5,1816.65,46789,38.45374851041433,1816.3928571428569,-1.0578503016715928,1828.6030045006664,1820.1524999999997,1811.701995499333,16.9,-3.0
330,1818.5,2020-04-24 13:35:00+05:30,1818.75,1812.55,1814.0,53933,42.656079617896836,1815.742857142857,4.202331107482507,1828.2980294431052,1819.9274999999998,1811.5569705568944,16.74,-0.0
331,1814.35,2020-04-24 13:45:00+05:30,1820.0,1813.0,1817.9,46834,38.77645501645785,1814.6499999999999,-3.8796246014389837,1828.3197831958003,1819.6024999999997,1810.8852168041992,17.43,1.0
332,1821.3,2020-04-24 13:55:00+05:30,1825.75,1814.0,1814.35,78186,47.403925623282504,1815.5785714285714,8.627470606824652,1828.4165916821778,1819.6675,1810.9184083178222,17.5,0.0
333,1823.5,2020-04-24 14:05:00+05:30,1824.1,1818.05,1821.25,69261,49.81473990001583,1817.3642857142856,2.4108142767333263,1828.6628687280086,1819.775,1810.8871312719916,17.78,0.0
334,1818.25,2020-04-24 14:15:00+05:30,1823.95,1815.0,1823.5,52074,44.56513134675233,1818.2857142857142,-5.249608553263499,1828.6365241770357,1819.725,1810.8134758229642,17.82,0.0
335,1823.5,2020-04-24 14:25:00+05:30,1823.65,1817.0,1818.25,54162,50.21516236470606,1819.2642857142857,5.650031017953729,1828.7686345224058,1819.7775000000001,1810.7863654775945,17.98,0.0
336,1821.9,2020-04-24 14:35:00+05:30,1824.3,1818.15,1823.15,49560,48.58977072491558,1820.185714285714,-1.6253916397904788,1828.8559623042324,1819.8275,1810.7990376957678,18.06,0.0
337,1821.5,2020-04-24 14:45:00+05:30,1824.0,1821.0,1821.9,37040,48.16998817421759,1820.6142857142856,-0.4197825506979882,1828.8774425818951,1819.8400000000001,1810.8025574181052,18.07,0.0
338,1822.0,2020-04-24 14:55:00+05:30,1823.0,1815.05,1821.05,79928,48.76583399797053,1821.7071428571428,0.5958458237529385,1828.8672871149183,1819.8350000000003,1810.8027128850822,18.06,-0.0
339,1819.7,2020-04-24 15:05:00+05:30,1823.5,1819.0,1822.0,91281,46.13825219547659,1821.4785714285715,-2.6275818024939426,1827.634972525885,1819.4275000000002,1811.2200274741156,16.41,-2.0
340,1816.9,2020-04-24 15:15:00+05:30,1820.8,1815.0,1819.7,65799,43.094054683854786,1820.5357142857142,-3.044197511621803,1826.9351417440023,1819.0400000000002,1811.144858255998,15.79,-1.0
