,close,date,high,low,open,volume,RSI_14,sma_7,RSI_Trend,ub,mb,lb,band_diff,band_diff_trend
0,1752.35,2020-04-09 09:15:00+05:30,1763.75,1740.0,1750.45,448006,0.0,0.0,,,,,,
1,1750.0,2020-04-09 09:25:00+05:30,1754.95,1742.5,1752.65,196880,0.0,0.0,0.0,,,,,
2,1744.4,2020-04-09 09:35:00+05:30,1750.9,1741.2,1749.6,119782,0.0,0.0,0.0,,,,,
3,1735.05,2020-04-09 09:45:00+05:30,1747.0,1731.2,1744.15,176834,0.0,0.0,0.0,,,,,
4,1748.9,2020-04-09 09:55:00+05:30,1752.0,1735.0,1735.5,160043,25.790331238451486,0.0,25.790331238451486,,,,,
5,1745.1,2020-04-09 10:05:00+05:30,1750.85,1738.0,1749.4,141401,23.964175086827836,0.0,-1.8261561516236497,,,,,
6,1742.9,2020-04-09 10:15:00+05:30,1751.6,1739.0,1745.8,156794,22.95095113764043,1745.5285714285715,-1.013223949187406,,,,,
7,1746.4,2020-04-09 10:25:00+05:30,1748.4,1740.15,1742.1,85064,28.155315020233132,1744.6785714285713,5.204363882592702,,,,,
8,1744.15,2020-04-09 10:35:00+05:30,1746.85,1740.4,1745.6,65540,26.89751474959563,1743.8428571428572,-1.257800270637503,,,,,
9,1741.3,2020-04-09 10:45:00+05:30,1744.15,1737.0,1743.8,91146,25.352545335003796,1743.3999999999999,-1.544969414591833,,,,,
10,1745.65,2020-04-09 10:55:00+05:30,1747.7,1739.5,1740.7,98267,31.792312125630545,1744.9142857142856,6.439766790626749,,,,,
11,1741.65,2020-04-09 11:05:00+05:30,1745.65,1738.5,1745.65,94281,29.29006133425044,1743.8785714285714,-2.5022507913801064,,,,,
12,1743.25,2020-04-09 11:15:00+05:30,1745.5,1741.45,1741.65,78303,31.608809379597005,1743.6142857142856,2.3187480453465668,,,,,
13,1760.45,2020-04-09 11:25:00+05:30,1762.05,1743.3,1743.4,182462,50.428054893547774,1746.1214285714286,18.81924551395077,,,,,
14,1756.55,2020-04-09 11:35:00+05:30,1765.0,1755.45,1759.75,130114,47.25299290876935,1747.5714285714287,-3.1750619847784236,,,,,
15,1758.9,2020-04-09 11:45:00+05:30,1764.0,1754.2,1756.0,119636,49.32349001523208,1749.6785714285713,2.0704971064627316,,,,,
16,1758.65,2020-04-09 11:55:00+05:30,1762.0,1756.3,1758.9,75545,49.10266984427876,1752.1571428571428,-0.22082017095332418,,,,,
17,1758.95,2020-04-09 12:05:00+05:30,1763.8,1755.05,1758.65,76209,49.395449197230775,1754.0571428571432,0.2927793529520173,,,,,
18,1763.5,2020-04-09 12:15:00+05:30,1773.85,1758.0,1758.95,219336,53.74165567388282,1757.1785714285718,4.346206476652043,,,,,
19,1765.95,2020-04-09 12:25:00+05:30,1770.0,1759.25,1764.0,130219,55.93618912974038,1760.421428571429,2.1945334558575595,1767.4631481246859,1750.2025,1732.9418518753143,34.52,
20,1764.25,2020-04-09 12:35:00+05:30,1770.05,1763.0,1766.05,129903,54.02112523665409,1760.964285714286,-1.915063893086284,1769.1553887388334,1750.7975000000001,1732.4396112611669,36.72,2.0
21,1771.15,2020-04-09 12:45:00+05:30,1773.0,1763.0,1764.15,96699,60.00618005835011,1763.0500000000004,5.985054821696018,1772.3336384210222,1751.8550000000002,1731.3763615789783,40.96,4.0
22,1773.7,2020-04-09 12:55:00+05:30,1778.15,1769.05,1771.6,204210,61.97607261483659,1765.1642857142863,1.969892556486478,1775.6605790812198,1753.3200000000002,1730.9794209187805,44.68,4.0
23,1773.0,2020-04-09 13:05:00+05:30,1776.1,1768.6,1774.8,123710,61.08658876164221,1767.2142857142862,-0.8894838531943776,1777.4707380848984,1755.2175,1732.9642619151016,44.51,-0.0
24,1771.2,2020-04-09 13:15:00+05:30,1777.0,1769.1,1773.0,188520,58.751558274154554,1768.9642857142862,-2.335030487487657,1779.4700583254405,1756.3324999999998,1733.194941674559,46.28,2.0
25,1770.5,2020-04-09 13:25:00+05:30,1773.95,1767.0,1770.95,153467,57.82583997235542,1769.9642857142862,-0.9257183017991366,1780.931665730566,1757.6024999999997,1734.2733342694335,46.66,0.0
26,1770.5,2020-04-09 13:35:00+05:30,1774.8,1767.15,1770.3,124929,57.825839972355425,1770.614285714286,7.105427357601002e-15,1781.9115960870336,1758.9824999999996,1736.0534039129657,45.86,-1.0
27,1771.75,2020-04-09 13:45:00+05:30,1773.95,1768.25,1769.8,76314,59.15856868270159,1771.6857142857148,1.3327287103461671,1783.0527699148472,1760.2499999999995,1737.447230085152,45.61,-0.0
28,1770.0,2020-04-09 13:55:00+05:30,1775.7,1769.0,1771.0,150647,56.46819895708086,1771.521428571429,-2.6903697256207337,1783.4142860796912,1761.5424999999996,1739.670713920308,43.74,-2.0
29,1770.45,2020-04-09 14:05:00+05:30,1773.2,1769.0,1771.3,143811,57.00960720924635,1771.0571428571434,0.541408252165489,1782.9967365758564,1762.9999999999993,1743.0032634241422,39.99,-4.0
30,1772.1,2020-04-09 14:15:00+05:30,1773.55,1768.55,1770.75,106992,59.022054568062316,1770.928571428572,2.012447358815969,1782.9387768339395,1764.322499999999,1745.7062231660586,37.23,-3.0
31,1770.1,2020-04-09 14:25:00+05:30,1774.3,1765.85,1771.95,167249,55.623146610847364,1770.771428571429,-3.398907957214952,1781.1350480488968,1765.744999999999,1750.3549519511012,30.78,-6.0
32,1764.95,2020-04-09 14:35:00+05:30,1771.2,1756.6,1770.1,155460,47.96366529458237,1769.978571428572,-7.659481316264994,1778.032603080957,1766.8299999999988,1755.6273969190406,22.41,-8.0
33,1766.6,2020-04-09 14:45:00+05:30,1769.7,1762.0,1764.8,93437,50.32388706583325,1769.4214285714293,2.3602217712508775,1777.932960790731,1767.137499999999,1756.3420392092669,21.59,-1.0
34,1768.0,2020-04-09 14:55:00+05:30,1770.0,1764.05,1765.5,114488,52.30079318506863,1768.8857142857148,1.9769061192353803,1777.287033932662,1767.7099999999987,1758.1329660673352,19.15,-2.0
35,1765.0,2020-04-09 15:05:00+05:30,1770.0,1763.25,1767.5,173701,47.90166189564796,1768.1714285714293,-4.399131289420666,1776.763359244663,1768.0149999999987,1759.2666407553345,17.5,-2.0
36,1765.2,2020-04-09 15:15:00+05:30,1768.55,1762.0,1765.0,171345,48.21438588897324,1767.4214285714293,0.3127239933252781,1776.042279559387,1768.3424999999984,1760.6427204406098,15.4,-2.0
37,1761.0,2020-04-09 15:25:00+05:30,1766.3,1759.15,1765.15,59592,42.45156622601968,1765.8357142857149,-5.762819662953561,1775.6574818708154,1768.4449999999986,1761.2325181291817,14.42,-1.0
38,1757.2,2020-04-13 09:15:00+05:30,1764.95,1746.0,1761.0,174419,38.02335970193141,1763.9928571428577,-4.428206524088267,1776.6784008969357,1768.1299999999985,1759.5815991030613,17.1,3.0
39,1758.8,2020-04-13 09:25:00+05:30,1765.05,1753.4,1757.2,116646,40.82242102089236,1763.114285714286,2.799061318960945,1777.2520888762726,1767.7724999999987,1758.2929111237247,18.96,2.0
40,1763.0,2020-04-13 09:35:00+05:30,1765.0,1755.2,1758.8,85798,47.522384933867116,1762.6000000000004,6.699963912974759,1777.3031774001931,1767.7099999999987,1758.1168225998042,19.19,0.0
41,1766.0,2020-04-13 09:45:00+05:30,1786.2,1761.7,1763.0,245296,51.72655441989967,1762.3142857142861,4.204169486032555,1776.9326995870617,1767.4524999999987,1757.9723004129357,18.96,-0.0
42,1756.7,2020-04-13 09:55:00+05:30,1775.2,1755.55,1766.0,182784,40.811318453568674,1761.1285714285718,-10.915235966330997,1776.749186002932,1766.6024999999986,1756.4558139970652,20.29,1.0
43,1759.4,2020-04-13 10:05:00+05:30,1764.75,1751.25,1756.0,90864,44.474651236396866,1760.3000000000004,3.663332782828192,1776.0868067436468,1765.9224999999988,1755.7581932563508,20.33,0.0
44,1752.0,2020-04-13 10:15:00+05:30,1760.75,1752.0,1760.75,55832,37.60498328986071,1759.014285714286,-6.869667946536154,1776.554596899453,1764.962499999999,1753.370403100545,23.18,3.0
45,1760.55,2020-04-13 10:25:00+05:30,1762.0,1752.05,1752.05,58663,47.663752685301745,1759.4928571428572,10.058769395441033,1775.9095620274431,1764.464999999999,1753.0204379725549,22.89,-0.0
46,1762.8,2020-04-13 10:35:00+05:30,1765.75,1757.0,1760.6,61772,49.95038720320564,1760.064285714286,2.2866345179038987,1775.1826976333161,1764.0799999999992,1752.9773023666824,22.21,-1.0
47,1759.25,2020-04-13 10:45:00+05:30,1768.0,1758.3,1762.8,63644,46.49844789864115,1759.5285714285715,-3.4519393045644904,1774.1391693024873,1763.4549999999992,1752.7708306975112,21.37,-1.0
48,1753.6,2020-04-13 10:55:00+05:30,1760.2,1752.1,1760.0,454424,41.5740675727367,1757.757142857143,-4.924380325904451,1773.7141933964429,1762.634999999999,1751.5558066035553,22.16,1.0
49,1758.8,2020-04-13 11:05:00+05:30,1759.9,1752.05,1752.3,47609,47.12427304677884,1758.0571428571427,5.550205474042137,1772.614620749965,1762.0524999999993,1751.4903792500336,21.12,-1.0
50,1761.5,2020-04-13 11:15:00+05:30,1763.65,1758.5,1758.8,49500,49.79130049744685,1758.357142857143,2.6670274506680087,1770.966377158746,1761.5224999999996,1752.0786228412533,18.89,-2.0
51,1758.9,2020-04-13 11:25:00+05:30,1761.5,1755.0,1761.5,107182,47.316295191996396,1759.3428571428572,-2.475005305450452,1769.5546552348032,1760.9624999999996,1752.370344765196,17.18,-2.0
52,1764.9,2020-04-13 11:35:00+05:30,1765.95,1758.6,1758.8,61989,53.10892102039448,1759.9642857142858,5.792625828398087,1769.547297841029,1760.9599999999998,1752.3727021589707,17.17,-0.0
53,1765.95,2020-04-13 11:45:00+05:30,1771.0,1764.0,1765.0,81765,54.060850660931415,1760.4142857142858,0.9519296405369317,1769.42941774032,1760.9274999999998,1752.4255822596795,17.0,-0.0
54,1761.9,2020-04-13 11:55:00+05:30,1769.5,1761.1,1765.75,44723,49.85660813964267,1760.7928571428572,-4.204242521288748,1768.4684828809677,1760.6225,1752.7765171190322,15.69,-1.0
55,1768.0,2020-04-13 12:05:00+05:30,1768.55,1761.2,1761.75,39405,55.473349283022735,1762.8500000000001,5.616741143380068,1769.072435002917,1760.7724999999998,1752.4725649970826,16.6,1.0
56,1766.2,2020-04-13 12:15:00+05:30,1768.55,1765.0,1768.0,20236,53.56660616968127,1763.907142857143,-1.906743113341463,1769.2458681849341,1760.8224999999998,1752.3991318150654,16.85,0.0
57,1764.9,2020-04-13 12:25:00+05:30,1767.0,1762.1,1766.0,24952,52.17184601176987,1764.3928571428573,-1.3947601579113993,1769.636467760885,1761.0175,1752.398532239115,17.24,0.0
58,1764.7,2020-04-13 12:35:00+05:30,1766.55,1761.2,1764.9,19453,51.94774519991267,1765.221428571429,-0.22410081185720543,1769.9646258801583,1761.3925,1752.8203741198415,17.14,-0.0
59,1761.95,2020-04-13 12:45:00+05:30,1764.7,1757.0,1764.7,29710,48.841178099074476,1764.8000000000006,-3.106567100838191,1770.0368939206912,1761.5499999999997,1753.0631060793082,16.97,-0.0
60,1761.5,2020-04-13 12:55:00+05:30,1762.4,1758.0,1762.0,37191,48.3318333774389,1764.1642857142863,-0.5093447216355784,1769.9344077184742,1761.4749999999997,1753.0155922815252,16.92,-0.0
61,1760.4,2020-04-13 13:05:00+05:30,1763.0,1760.0,1763.0,32916,47.04043029304982,1763.9500000000005,-1.2914030843890743,1769.3903709655617,1761.1949999999997,1752.9996290344377,16.39,-1.0
62,1755.2,2020-04-13 13:15:00+05:30,1761.6,1754.0,1760.0,62855,41.40785934262298,1762.121428571429,-5.632570950426846,1769.5136316711892,1761.1199999999997,1752.7263683288102,16.79,0.0
63,1755.55,2020-04-13 13:25:00+05:30,1758.85,1752.0,1755.2,62715,41.91202240706742,1760.6000000000004,0.504163064444441,1769.6570912365876,1760.9274999999998,1752.197908763412,17.46,1.0
64,1764.65,2020-04-13 13:35:00+05:30,1765.0,1753.7,1756.2,40942,53.1899394274793,1760.5642857142861,11.277917020411884,1769.3484259608335,1761.56,1753.7715740391664,15.58,-2.0
65,1765.0,2020-04-13 13:45:00+05:30,1768.5,1762.0,1764.8,53558,53.56337409281297,1760.6071428571431,0.37343466533366865,1769.7025794121494,1761.7824999999998,1753.8624205878502,15.84,0.0
66,1762.0,2020-04-13 13:55:00+05:30,1765.5,1760.3,1765.25,25781,49.88951415232972,1760.6142857142859,-3.673859940483254,1769.6490113073114,1761.7424999999996,1753.8359886926878,15.81,-0.0
67,1759.9,2020-04-13 14:05:00+05:30,1762.2,1757.25,1762.0,35625,47.43676863902488,1760.3857142857144,-2.4527455133048335,1769.6436252393864,1761.7749999999996,1753.9063747606128,15.74,-0.0
68,1760.85,2020-04-13 14:15:00+05:30,1764.6,1757.25,1759.85,40724,48.66628663732843,1760.4500000000003,1.2295179983035496,1769.027529027516,1762.1374999999996,1755.2474709724831,13.78,-2.0
69,1764.35,2020-04-13 14:25:00+05:30,1765.5,1759.6,1760.9,36204,53.02583064703048,1761.757142857143,4.359544009702049,1769.1850656919778,1762.4149999999995,1755.6449343080212,13.54,-0.0
70,1765.3,2020-04-13 14:35:00+05:30,1767.0,1762.0,1764.5,58574,54.163689216661304,1763.15,1.137858569630822,1769.4794301199224,1762.6049999999996,1755.7305698800767,13.75,0.0
71,1763.05,2020-04-13 14:45:00+05:30,1769.45,1761.3,1765.3,62196,51.011988128612295,1762.9214285714286,-3.151701088049009,1769.4629352845282,1762.8124999999995,1756.162064715471,13.3,-0.0
72,1760.0,2020-04-13 14:55:00+05:30,1765.8,1758.5,1763.5,64593,47.01803245869594,1762.207142857143,-3.993955669916353,1769.2550591487802,1762.5674999999997,1755.879940851219,13.38,0.0
73,1759.75,2020-04-13 15:05:00+05:30,1763.5,1755.3,1760.0,118302,46.6953100617826,1761.8857142857144,-0.3227223969133419,1768.8591166281658,1762.2574999999997,1755.6558833718336,13.2,-0.0
74,1759.35,2020-04-13 15:15:00+05:30,1762.1,1756.0,1759.7,108453,46.14950647907849,1761.8071428571432,-0.5458035827041101,1768.8579777207226,1762.1299999999997,1755.4020222792767,13.46,0.0
75,1761.6,2020-04-13 15:25:00+05:30,1761.95,1758.0,1759.3,26664,49.710319774400595,1761.9142857142858,3.560813295322106,1767.9451103451672,1761.8099999999995,1755.6748896548318,12.27,-1.0
76,1772.8,2020-04-15 09:15:00+05:30,1794.65,1771.75,1785.0,558385,62.87132706652628,1763.1214285714286,13.161007292125682,1769.7918728357672,1762.1399999999999,1754.4881271642325,15.3,3.0
77,1767.9,2020-04-15 09:25:00+05:30,1775.0,1752.6,1773.1,193016,55.97006092360278,1763.4928571428572,-6.901266142923497,1770.2798356481358,1762.2899999999997,1754.3001643518637,15.98,1.0
78,1773.0,2020-04-15 09:35:00+05:30,1780.0,1767.0,1767.8,140870,60.79385806577924,1764.9142857142858,4.82379714217646,1771.9806557435957,1762.705,1753.4293442564042,18.55,3.0
79,1783.85,2020-04-15 09:45:00+05:30,1784.2,1773.0,1774.0,104865,68.66032447492299,1768.321428571429,7.866466409143747,1777.0286769836164,1763.8,1750.5713230163835,26.46,8.0
80,1786.1,2020-04-15 09:55:00+05:30,1794.8,1783.5,1783.85,205104,70.00439090225942,1772.0857142857146,1.3440664273364291,1781.528688943129,1765.03,1748.531311056871,33.0,7.0
81,1784.85,2020-04-15 10:05:00+05:30,1787.0,1777.55,1786.15,93441,68.25309014852888,1775.7285714285717,-1.7513007537305327,1784.8025028372822,1766.2524999999998,1747.7024971627175,37.1,4.0
82,1788.55,2020-04-15 10:15:00+05:30,1791.0,1783.6,1784.85,142888,70.59781283569565,1779.5785714285716,2.3447226871667652,1788.2016847634052,1767.92,1747.638315236595,40.56,3.0
83,1786.35,2020-04-15 10:25:00+05:30,1789.95,1783.5,1788.55,43685,67.40980950235257,1781.514285714286,-3.188003333343076,1790.4517928824832,1769.4599999999998,1748.4682071175164,41.98,1.0
84,1788.5,2020-04-15 10:35:00+05:30,1789.95,1785.2,1786.35,37854,68.88840786008004,1784.4571428571433,1.4785983577274635,1793.149551853638,1770.6524999999997,1748.1554481463613,44.99,3.0
85,1785.0,2020-04-15 10:45:00+05:30,1789.5,1784.0,1788.85,41888,63.812828924951354,1786.171428571429,-5.075578935128682,1794.8584764307664,1771.6524999999997,1748.446523569233,46.41,1.0
86,1787.75,2020-04-15 10:55:00+05:30,1788.55,1783.0,1784.15,45146,65.93645760298816,1786.7285714285717,2.123628678036802,1796.740765135866,1772.9399999999998,1749.1392348641336,47.6,1.0
87,1789.5,2020-04-15 11:05:00+05:30,1790.0,1784.2,1788.0,45742,67.25343912687265,1787.214285714286,1.3169815238844933,1798.4863425161632,1774.4199999999996,1750.353657483836,48.13,1.0
88,1791.3,2020-04-15 11:15:00+05:30,1795.75,1787.95,1790.0,88390,68.59825490540194,1788.1357142857144,1.344815778529295,1800.245743773101,1775.9424999999999,1751.6392562268989,48.61,0.0
89,1792.55,2020-04-15 11:25:00+05:30,1793.0,1787.6,1791.5,50034,69.5339522764709,1788.707142857143,0.9356973710689545,1802.092143766317,1777.3525000000002,1752.6128562336835,49.48,1.0
90,1788.8,2020-04-15 11:35:00+05:30,1794.0,1788.15,1792.6,49957,63.42780537380566,1789.0571428571427,-6.1061469026652375,1803.088519072807,1778.5275000000001,1753.9664809271933,49.12,-0.0
91,1784.5,2020-04-15 11:45:00+05:30,1790.05,1783.9,1788.9,60541,57.222553191460534,1788.4857142857143,-6.205252182345127,1803.1685785472287,1779.6,1756.0314214527712,47.14,-2.0
92,1784.95,2020-04-15 11:55:00+05:30,1786.0,1780.15,1784.3,45855,57.68906337867035,1788.4785714285715,0.4665101872098134,1802.6207688598233,1780.8474999999999,1759.0742311401764,43.55,-4.0
93,1790.5,2020-04-15 12:05:00+05:30,1792.65,1783.2,1784.45,55026,63.04229914065286,1788.8714285714286,5.353235761982511,1802.1341931880518,1782.3849999999998,1762.6358068119478,39.5,-4.0
94,1809.75,2020-04-15 12:15:00+05:30,1810.0,1790.4,1790.5,276864,74.90295592544673,1791.7642857142857,11.860656784793875,1805.1345744940568,1784.905,1764.6754255059432,40.46,1.0
95,1804.0,2020-04-15 12:25:00+05:30,1812.0,1801.1,1809.0,196658,67.89394654510087,1793.5785714285716,-7.009009380345859,1805.8061635758609,1787.025,1768.2438364241393,37.56,-3.0
96,1801.85,2020-04-15 12:35:00+05:30,1810.0,1797.2,1803.55,103916,65.42858558224964,1794.907142857143,-2.4653609628512356,1807.1193452610496,1788.4774999999997,1769.8356547389499,37.28,-0.0
97,1804.8,2020-04-15 12:45:00+05:30,1809.0,1800.0,1801.9,94655,67.18908560121409,1797.1928571428575,1.76050001896445,1807.6467900667205,1790.3224999999998,1772.998209933279,34.65,-3.0
98,1802.2,2020-04-15 12:55:00+05:30,1806.8,1802.2,1805.0,46549,64.09128213795,1799.721428571429,-3.0978034632640856,1807.835021526804,1791.7824999999998,1775.7299784731956,32.11,-3.0
99,1799.15,2020-04-15 13:05:00+05:30,1805.0,1797.4,1802.2,90450,60.56368795180937,1801.7500000000002,-3.5275941861406324,1808.4660252887481,1792.5475,1776.6289747112517,31.84,-0.0
100,1790.0,2020-04-15 13:15:00+05:30,1799.0,1785.5,1798.0,149816,51.42006663070758,1801.6785714285718,-9.14362132110179,1808.4222313014063,1792.7424999999998,1777.0627686985933,31.36,-0.0
101,1792.75,2020-04-15 13:25:00+05:30,1793.0,1787.5,1790.0,73762,53.68335203491441,1799.2500000000002,2.263285404206826,1808.371771440272,1793.1375,1777.9032285597282,30.47,-1.0
102,1783.05,2020-04-15 13:35:00+05:30,1793.0,1780.35,1792.75,64388,45.61138481098671,1796.257142857143,-8.071967223927693,1808.6345230321417,1792.8625,1777.0904769678582,31.54,1.0
103,1778.75,2020-04-15 13:45:00+05:30,1783.05,1771.0,1782.0,112811,42.55655097851261,1792.957142857143,-3.0548338324741025,1809.2499896906606,1792.4825,1775.7150103093395,33.53,2.0
104,1769.95,2020-04-15 13:55:00+05:30,1782.0,1768.05,1778.8,74205,37.082792129122026,1787.9785714285717,-5.473758849390585,1811.0761329481418,1791.5549999999998,1772.033867051858,39.04,6.0
105,1753.0,2020-04-15 14:05:00+05:30,1770.4,1751.1,1769.95,138125,29.272734410354147,1780.9500000000003,-7.8100577187678795,1815.9202581650757,1789.955,1763.9897418349242,51.93,13.0
106,1740.35,2020-04-15 14:15:00+05:30,1753.2,1738.0,1753.1,164614,25.034990119493486,1772.5500000000004,-4.237744290860661,1821.7544862336815,1787.5849999999998,1753.415513766318,68.34,16.0
107,1748.6,2020-04-15 14:25:00+05:30,1749.9,1738.95,1740.5,123227,31.953684918778592,1766.6357142857146,6.918694799285106,1823.8693291577647,1785.5399999999997,1747.2106708422348,76.66,8.0
108,1751.15,2020-04-15 14:35:00+05:30,1755.55,1740.5,1748.75,104006,33.981834299778754,1760.6928571428575,2.028149381000162,1824.6927679521743,1783.5324999999998,1742.3722320478253,82.32,6.0
109,1734.6,2020-04-15 14:45:00+05:30,1752.5,1730.0,1751.4,169724,28.12313107074712,1753.771428571429,-5.858703229031633,1826.9575771940072,1780.6349999999995,1734.312422805992,92.65,10.0
110,1735.95,2020-04-15 14:55:00+05:30,1741.55,1727.8,1733.95,186404,29.195479989911462,1747.6571428571435,1.072348919164341,1828.2191156639344,1777.9924999999992,1727.765884336064,100.45,8.0
111,1736.5,2020-04-15 15:05:00+05:30,1738.85,1730.0,1735.65,252154,29.65593587548318,1742.8785714285718,0.4604558855717187,1828.9965534140676,1775.5924999999993,1722.188446585931,106.81,6.0
112,1733.3,2020-04-15 15:15:00+05:30,1741.5,1733.0,1737.2,217592,28.494847300391072,1740.0642857142861,-1.1610885750921085,1829.4195419326606,1773.0099999999995,1716.6004580673384,112.82,6.0
113,1735.0,2020-04-15 15:25:00+05:30,1735.2,1730.0,1733.5,83088,30.061432703568073,1739.3000000000004,1.566585403177001,1828.4533195982335,1770.2349999999994,1712.0166804017654,116.44,4.0
114,1690.2,2020-04-16 09:15:00+05:30,1717.0,1689.85,1709.95,467071,18.536175176141114,1730.9571428571433,-11.525257527426959,1829.5166213628602,1764.2574999999993,1698.9983786371383,130.52,14.0
115,1695.2,2020-04-16 09:25:00+05:30,1701.1,1678.45,1690.7,255631,22.124711177139503,1722.9642857142862,3.5885360009983884,1828.14005101298,1758.8174999999992,1689.4949489870185,138.65,8.0
116,1698.45,2020-04-16 09:35:00+05:30,1707.9,1692.1,1695.0,168575,24.45420127086983,1717.8000000000006,2.3294900937303282,1824.8544443316623,1753.6474999999991,1682.440555668336,142.41,4.0
117,1685.05,2020-04-16 09:45:00+05:30,1703.0,1681.45,1698.0,184747,21.586991669836976,1710.5285714285717,-2.8672096010328545,1820.867093415294,1747.6599999999992,1674.4529065847044,146.41,4.0
118,1689.9,2020-04-16 09:55:00+05:30,1692.0,1685.0,1685.0,94840,25.01394424175062,1703.8714285714289,3.4269525719136453,1814.8643359226128,1742.0449999999994,1669.225664077386,145.64,-1.0
119,1690.85,2020-04-16 10:05:00+05:30,1693.9,1688.5,1689.9,88022,25.69893008444508,1697.8071428571434,0.6849858426944593,1807.6542612366384,1736.6299999999992,1665.60573876336,142.05,-4.0
120,1700.0,2020-04-16 10:15:00+05:30,1700.0,1689.95,1690.45,118731,32.12970074058828,1692.8071428571434,6.430770656143196,1800.2622506522946,1732.1299999999992,1663.9977493477038,136.26,-6.0
121,1699.15,2020-04-16 10:25:00+05:30,1703.3,1698.05,1699.8,132458,31.853888885268432,1694.0857142857146,-0.2758118553198443,1790.7360922611276,1727.4499999999994,1664.163907738871,126.57,-10.0
122,1698.15,2020-04-16 10:35:00+05:30,1701.5,1695.0,1698.5,82695,31.511171171784667,1694.507142857143,-0.3427177134837649,1782.0197752650079,1723.2049999999992,1664.3902247349906,117.63,-9.0
123,1692.15,2020-04-16 10:45:00+05:30,1698.95,1688.0,1698.0,92254,29.46290853834462,1693.607142857143,-2.0482626334400464,1773.0390442010216,1718.8749999999993,1664.710955798977,108.33,-9.0
124,1694.25,2020-04-16 10:55:00+05:30,1695.0,1690.0,1692.2,63266,31.14976925735489,1694.9214285714286,1.6868607190102693,1764.6065958357156,1715.0899999999995,1665.5734041642834,99.03,-9.0
125,1697.8,2020-04-16 11:05:00+05:30,1699.2,1691.45,1693.5,59753,34.022223342271886,1696.05,2.8724540849169955,1759.022537440487,1712.3299999999995,1665.637462559512,93.39,-6.0
126,1707.3,2020-04-16 11:15:00+05:30,1709.0,1697.3,1697.8,133550,41.1035808668114,1698.3999999999999,7.081357524539513,1755.4963925742109,1710.6774999999998,1665.8586074257887,89.64,-4.0
127,1709.9,2020-04-16 11:25:00+05:30,1722.4,1702.7,1707.45,215948,42.909575855164604,1699.8142857142855,1.8059949883532056,1749.8561713719891,1708.7424999999998,1667.6288286280105,82.23,-7.0
128,1714.8,2020-04-16 11:35:00+05:30,1716.35,1705.3,1710.0,89675,46.25443401621448,1702.0499999999997,3.3448581610498778,1743.0572643397213,1706.925,1670.7927356602786,72.26,-10.0
129,1719.95,2020-04-16 11:45:00+05:30,1724.4,1712.2,1714.8,137235,49.59690376096279,1705.1642857142856,3.342469744748307,1740.5109203261736,1706.1924999999999,1671.8740796738261,68.64,-4.0
130,1737.0,2020-04-16 11:55:00+05:30,1744.9,1718.75,1719.9,262098,58.744526713350766,1711.5714285714287,9.147622952387977,1740.757757366695,1706.2450000000001,1671.7322426333053,69.03,0.0
131,1735.3,2020-04-16 12:05:00+05:30,1740.0,1731.45,1737.15,138669,57.62161480863527,1717.435714285714,-1.1229119047154938,1740.4797763399947,1706.1850000000002,1671.8902236600056,68.59,-0.0
132,1733.0,2020-04-16 12:15:00+05:30,1737.35,1722.5,1735.75,151250,56.06027616843678,1722.4642857142858,-1.5613386401984926,1740.4150672590765,1706.17,1671.9249327409236,68.49,-0.0
133,1735.5,2020-04-16 12:25:00+05:30,1743.0,1733.0,1733.8,164902,57.4111188365682,1726.4928571428572,1.3508426681314205,1740.529299253995,1706.1950000000002,1671.8607007460053,68.67,0.0
134,1740.0,2020-04-16 12:35:00+05:30,1743.1,1734.0,1735.55,100992,59.806426246602044,1730.7928571428572,2.395307410033844,1745.283664053843,1708.6850000000002,1672.0863359461573,73.2,5.0
135,1747.7,2020-04-16 12:45:00+05:30,1747.7,1734.0,1739.95,139458,63.58090567900746,1735.4928571428575,3.774479432405414,1751.2176776678607,1711.3100000000002,1671.4023223321396,79.82,7.0
136,1748.6,2020-04-16 12:55:00+05:30,1753.25,1745.2,1748.0,142016,64.0063694285315,1739.5857142857146,0.42546374952404165,1756.5267283260928,1713.8175000000003,1671.108271673908,85.42,6.0
137,1746.0,2020-04-16 13:05:00+05:30,1750.25,1742.0,1748.5,102370,61.76162123252322,1740.8714285714289,-2.244748196008281,1759.6293986216745,1716.8650000000002,1674.100601378326,85.53,0.0
138,1743.5,2020-04-16 13:15:00+05:30,1748.0,1742.5,1745.4,72025,59.597296891842,1742.0428571428577,-2.164324340681219,1761.9104141463206,1719.545,1677.1795858536796,84.73,-1.0
139,1743.7,2020-04-16 13:25:00+05:30,1747.0,1743.0,1743.45,50916,59.71890976330603,1743.5714285714291,0.12161287146403055,1763.5990147348098,1722.1875,1680.7759852651902,82.82,-2.0
140,1745.0,2020-04-16 13:35:00+05:30,1747.0,1743.1,1743.1,56282,60.55012368173721,1744.928571428572,0.8312139184311818,1765.662720627539,1724.4375,1683.212279372461,82.45,-0.0
141,1749.4,2020-04-16 13:45:00+05:30,1750.15,1734.2,1744.8,191222,63.309785403352855,1746.271428571429,2.759661721615643,1767.8095282967315,1726.95,1686.0904717032686,81.72,-1.0
142,1754.25,2020-04-16 13:55:00+05:30,1764.65,1745.05,1749.35,252735,66.12291645375181,1747.2071428571433,2.813131050398958,1769.987533313749,1729.7549999999999,1689.5224666862507,80.47,-1.0
143,1751.6,2020-04-16 14:05:00+05:30,1754.8,1750.0,1754.65,77614,63.268507966883156,1747.6357142857146,-2.854408486868657,1769.9324017002618,1732.7274999999997,1695.5225982997376,74.41,-6.0
144,1744.2,2020-04-16 14:15:00+05:30,1754.55,1741.55,1750.85,127419,55.9988532164422,1747.3785714285718,-7.2696547504409565,1767.9963690830698,1735.2249999999997,1702.4536309169296,65.54,-9.0
145,1741.7,2020-04-16 14:25:00+05:30,1750.55,1740.4,1744.0,117331,53.7518058617667,1747.121428571429,-2.2470473546755017,1765.126191593783,1737.4199999999994,1709.7138084062158,55.41,-10.0
146,1740.05,2020-04-16 14:35:00+05:30,1745.0,1739.0,1741.45,128256,52.261272534884476,1746.6000000000004,-1.4905333268822218,1762.865200545475,1739.0574999999994,1715.2497994545238,47.62,-8.0
147,1736.0,2020-04-16 14:45:00+05:30,1742.0,1723.45,1740.05,254863,48.69213555453774,1745.3142857142861,-3.569136980346734,1759.9232521919698,1740.3624999999993,1720.8017478080287,39.12,-8.0
148,1723.1,2020-04-16 14:55:00+05:30,1742.0,1721.0,1736.0,321528,39.45039172640129,1741.5571428571434,-9.24174382813645,1758.3008220534614,1740.777499999999,1723.2541779465366,35.05,-4.0
149,1712.45,2020-04-16 15:05:00+05:30,1723.85,1705.4,1723.2,492924,33.75439183710061,1735.5857142857149,-5.69599988930068,1760.0006598223124,1740.402499999999,1720.8043401776856,39.2,4.0
150,1713.05,2020-04-16 15:15:00+05:30,1718.65,1710.4,1712.45,365633,34.32966512574964,1730.0785714285719,0.5752732886490293,1762.2943892239853,1739.2049999999992,1716.1156107760132,46.18,7.0
151,1720.5,2020-04-16 15:25:00+05:30,1720.5,1710.0,1713.4,121577,41.161937713194554,1726.6928571428575,6.832272587444912,1762.985648656309,1738.464999999999,1713.944351343689,49.04,3.0
152,1786.5,2020-04-17 09:15:00+05:30,1801.9,1753.65,1800.0,1263412,70.47151198138612,1733.0928571428574,29.30957426819156,1773.5530513024719,1741.139999999999,1708.726948697526,64.83,16.0
153,1838.1,2020-04-17 09:25:00+05:30,1839.8,1786.0,1786.7,1036437,79.19668635055795,1747.1000000000004,8.725174369171839,1800.235821542312,1746.269999999999,1692.3041784576862,107.93,43.0
154,1842.25,2020-04-17 09:35:00+05:30,1848.0,1832.0,1838.9,858481,79.71581330904867,1762.2785714285717,0.5191269584907161,1820.1820813558238,1751.382499999999,1682.5829186441742,137.6,30.0
155,1837.7,2020-04-17 09:45:00+05:30,1851.55,1837.0,1840.35,876680,77.43430296423246,1778.6500000000003,-2.281510344816212,1834.7103822899332,1755.882499999999,1677.0546177100648,157.66,20.0
156,1837.35,2020-04-17 09:55:00+05:30,1842.0,1835.05,1838.0,246329,77.25114566924792,1796.4928571428575,-0.18315729498453948,1847.020703572692,1760.319999999999,1673.6192964273062,173.4,16.0
157,1831.55,2020-04-17 10:05:00+05:30,1837.25,1825.0,1836.3,296585,74.12229858277328,1813.421428571429,-3.128847086474636,1856.6026684761005,1764.5974999999992,1672.5923315238979,184.01,11.0
158,1820.2,2020-04-17 10:15:00+05:30,1835.0,1817.85,1830.5,238062,68.29310077371338,1827.6642857142863,-5.829197809059906,1863.0907844540789,1768.432499999999,1673.774215545919,189.32,5.0
159,1812.1,2020-04-17 10:25:00+05:30,1824.9,1807.5,1820.0,304008,64.40064258841703,1831.3214285714291,-3.8924581852963485,1867.683636984747,1771.852499999999,1676.0213630152512,191.66,2.0
160,1812.0,2020-04-17 10:35:00+05:30,1825.0,1809.0,1812.0,288993,64.35187761279147,1827.5928571428576,-0.04876497562555926,1871.762759205817,1775.202499999999,1678.642240794181,193.12,1.0
161,1807.1,2020-04-17 10:45:00+05:30,1813.0,1795.35,1811.2,444198,61.87933266357097,1822.5714285714291,-2.4725449492204987,1874.8494590052112,1778.087499999999,1681.3255409947867,193.52,0.0
162,1814.55,2020-04-17 10:55:00+05:30,1822.85,1801.0,1806.65,279633,64.13560421345326,1819.264285714286,2.2562715498822925,1878.4928133354588,1781.102499999999,1683.7121866645393,194.78,1.0
163,1816.7,2020-04-17 11:05:00+05:30,1822.0,1811.85,1814.75,172509,64.78341032401812,1816.3142857142861,0.6478061105648578,1881.9474384104083,1784.357499999999,1686.7675615895896,195.18,0.0
164,1811.1,2020-04-17 11:15:00+05:30,1819.9,1810.0,1816.7,126215,61.65938215792576,1813.3928571428576,-3.1240281660923586,1884.0754459471184,1787.702499999999,1691.3295540528795,192.75,-2.0
165,1804.25,2020-04-17 11:25:00+05:30,1812.4,1803.65,1811.2,139566,57.976479801196625,1811.114285714286,-3.6829023567291372,1884.9505855888017,1790.8299999999992,1696.7094144111968,188.24,-5.0
166,1808.65,2020-04-17 11:35:00+05:30,1812.7,1803.7,1804.5,129201,59.64390721110192,1810.6214285714289,1.6674274099052937,1885.546014378176,1794.259999999999,1702.973985621822,182.57,-6.0
167,1813.9,2020-04-17 11:45:00+05:30,1815.0,1805.65,1808.0,102531,61.60166178348438,1810.8928571428573,1.9577545723824628,1885.5385821024329,1798.1549999999993,1710.7714178975657,174.77,-8.0
168,1807.7,2020-04-17 11:55:00+05:30,1815.0,1805.1,1814.0,132449,58.021868763472526,1810.9785714285717,-3.5797930200118557,1882.3461425367939,1802.384999999999,1722.4238574632043,159.92,-15.0
169,1811.35,2020-04-17 12:05:00+05:30,1813.0,1806.45,1807.65,91689,59.5135003713131,1810.521428571429,1.4916316078405742,1875.189734592374,1807.3299999999992,1739.4702654076245,135.72,-24.0
170,1810.0,2020-04-17 12:15:00+05:30,1816.85,1808.1,1811.35,109021,58.68293109534813,1809.5642857142861,-0.8305692759649688,1863.5213919136656,1812.177499999999,1760.8336080863326,102.69,-33.0
171,1812.5,2020-04-17 12:25:00+05:30,1814.8,1809.0,1810.5,72469,59.80174659511242,1809.764285714286,1.1188154997642883,1844.664744301597,1816.777499999999,1788.890255698401,55.77,-47.0
172,1815.0,2020-04-17 12:35:00+05:30,1815.0,1810.3,1812.9,69498,60.94078193322452,1811.3000000000004,1.1390353381121017,1842.2195438384279,1818.202499999999,1794.18545616157,48.03,-8.0
173,1817.9,2020-04-17 12:45:00+05:30,1823.0,1814.5,1815.0,191872,62.276113502728165,1812.6214285714289,1.3353315695036443,1839.3102060531326,1817.1924999999992,1795.0747939468658,44.24,-4.0
174,1817.65,2020-04-17 12:55:00+05:30,1822.0,1816.0,1817.9,112964,62.07908114869734,1813.157142857143,-0.1970323540308243,1834.689004577319,1815.9624999999992,1797.2359954226793,37.45,-7.0
175,1812.4,2020-04-17 13:05:00+05:30,1817.95,1811.0,1817.9,118349,57.93381739618657,1813.8285714285716,-4.145263752510772,1830.4181359520535,1814.6974999999995,1798.9768640479456,31.44,-6.0
176,1808.3,2020-04-17 13:15:00+05:30,1812.45,1807.85,1812.45,112532,54.85333210422865,1813.392857142857,-3.0804852919579204,1825.0281681916085,1813.2449999999997,1801.4618318083908,23.57,-8.0
177,1811.85,2020-04-17 13:25:00+05:30,1814.25,1808.0,1809.0,91331,56.986012972044215,1813.6571428571428,2.1326808678155658,1820.299023245208,1812.2599999999995,1804.220976754791,16.08,-7.0
178,1812.0,2020-04-17 13:35:00+05:30,1814.5,1811.0,1812.0,78340,57.07827540944052,1813.5857142857144,0.09226243739630746,1818.9675838597204,1811.8499999999997,1804.732416140279,14.24,-2.0
179,1811.2,2020-04-17 13:45:00+05:30,1812.3,1809.0,1812.1,85392,56.38364817369658,1813.0428571428572,-0.694627235743944,1818.927307432149,1811.8049999999996,1804.6826925678502,14.24,0.0
180,1811.4,2020-04-17 13:55:00+05:30,1812.9,1808.0,1809.6,89412,56.52608896227325,1812.1142857142859,0.1424407885766712,1818.898903424398,1811.7749999999996,1804.6510965756013,14.25,0.0
181,1813.5,2020-04-17 14:05:00+05:30,1817.6,1809.55,1811.45,116180,58.07433155182402,1811.5214285714287,1.5482425895507674,1818.902650495091,1812.0949999999998,1805.2873495049087,13.62,-1.0
182,1810.85,2020-04-17 14:15:00+05:30,1815.95,1809.3,1813.5,106937,55.393436170970965,1811.3000000000004,-2.680895380853052,1818.6373675151845,1811.9099999999994,1805.1826324848143,13.45,-0.0
183,1806.0,2020-04-17 14:25:00+05:30,1811.0,1806.0,1811.0,117150,50.77372112552284,1810.971428571429,-4.619715045448125,1818.1996071797607,1811.3749999999995,1804.5503928202384,13.65,0.0
184,1795.8,2020-04-17 14:35:00+05:30,1806.9,1792.0,1806.0,309992,42.7069684369485,1808.6785714285718,-8.06675268857434,1820.3652469013045,1810.61,1800.8547530986953,19.51,6.0
185,1801.3,2020-04-17 14:45:00+05:30,1808.8,1796.0,1796.5,203603,47.546276534410985,1807.15,4.839308097462485,1820.6999377448217,1810.4625,1800.2250622551785,20.47,1.0
186,1805.85,2020-04-17 14:55:00+05:30,1812.95,1800.25,1801.3,229542,51.21724916557675,1806.3857142857144,3.6709726311657676,1820.7393120691675,1810.3224999999998,1799.905687930832,20.83,0.0
187,1804.15,2020-04-17 15:05:00+05:30,1808.0,1800.65,1805.85,254199,49.814491238592005,1805.3500000000001,-1.4027579269847479,1820.4574241459745,1809.8349999999998,1799.212575854025,21.24,0.0
188,1810.65,2020-04-17 15:15:00+05:30,1813.9,1802.05,1803.0,269948,54.90060760097665,1804.9428571428573,5.086116362384644,1820.5619376032068,1809.9825,1799.4030623967933,21.16,-0.0
189,1810.0,2020-04-17 15:25:00+05:30,1812.9,1807.55,1810.75,82913,54.30787953732508,1804.8214285714287,-0.5927280636515704,1820.4749092898887,1809.9150000000002,1799.3550907101117,21.12,-0.0
190,1811.0,2020-04-20 09:15:00+05:30,1830.0,1808.45,1830.0,257703,55.11083452017474,1805.5357142857142,0.8029549828496627,1820.5360677646281,1809.9650000000001,1799.3939322353722,21.14,0.0
191,1808.6,2020-04-20 09:25:00+05:30,1812.4,1803.0,1810.7,159888,52.716460178443015,1807.3642857142859,-2.3943743417317265,1820.287924550131,1809.77,1799.252075449869,21.04,-0.0
192,1817.9,2020-04-20 09:35:00+05:30,1824.0,1807.0,1808.6,167651,59.973493814171654,1809.7357142857145,7.257033635728639,1820.809716247127,1809.9150000000002,1799.0202837528734,21.79,1.0
193,1816.95,2020-04-20 09:45:00+05:30,1827.55,1813.1,1818.4,134451,58.97771600462175,1811.321428571429,-0.9957778095499066,1820.6230261194144,1809.8674999999998,1799.1119738805853,21.51,-0.0
194,1821.05,2020-04-20 09:55:00+05:30,1822.0,1811.0,1816.75,81300,61.916608163501934,1813.7357142857145,2.9388921588801864,1821.4012408129236,1810.0375,1798.6737591870763,22.73,1.0
195,1819.6,2020-04-20 10:05:00+05:30,1824.5,1817.2,1822.0,86237,60.272052331889746,1815.014285714286,-1.6445558316121875,1822.50802065464,1810.3974999999998,1798.2869793453597,24.22,1.0
196,1815.4,2020-04-20 10:15:00+05:30,1820.0,1813.0,1819.6,73818,55.66042745256247,1815.7857142857144,-4.611624879327273,1823.0193777394181,1810.7524999999998,1798.4856222605815,24.53,0.0
197,1815.6,2020-04-20 10:25:00+05:30,1819.85,1813.5,1815.7,44904,55.83372569079308,1816.4428571428575,0.17329823823060764,1823.3907704263902,1810.9399999999998,1798.4892295736095,24.9,0.0
198,1812.05,2020-04-20 10:35:00+05:30,1817.05,1811.5,1815.2,55302,51.952306740569114,1816.9357142857145,-3.881418950223967,1823.3941866327477,1810.9424999999999,1798.490813367252,24.9,0.0
199,1814.4,2020-04-20 10:45:00+05:30,1815.95,1807.05,1812.05,64931,54.22104293813435,1816.4357142857145,2.2687361975652394,1823.6499876915093,1811.1025000000002,1798.555012308491,25.09,0.0
200,1815.15,2020-04-20 10:55:00+05:30,1817.15,1812.5,1814.4,54024,54.95212122930627,1816.1785714285713,0.7310782911719187,1823.9676056182027,1811.2900000000002,1798.6123943817977,25.36,0.0
201,1816.85,2020-04-20 11:05:00+05:30,1818.9,1814.0,1815.15,49606,56.642314715854084,1815.5785714285716,1.6901934865478125,1824.3448367057968,1811.4575,1798.5701632942032,25.77,0.0
202,1813.7,2020-04-20 11:15:00+05:30,1818.6,1813.45,1816.85,67367,52.69689322536264,1814.7357142857145,-3.945421490491441,1824.522033406882,1811.6,1798.6779665931178,25.84,0.0
203,1811.3,2020-04-20 11:25:00+05:30,1815.0,1810.0,1814.4,67753,49.847941979793845,1814.15,-2.8489512455687986,1824.5180670299071,1811.8650000000002,1799.2119329700934,25.31,-1.0
204,1811.0,2020-04-20 11:35:00+05:30,1814.0,1805.85,1810.8,78233,49.487784274044834,1813.4928571428572,-0.3601577057490104,1822.7981069621487,1812.625,1802.4518930378513,20.35,-5.0
205,1812.8,2020-04-20 11:45:00+05:30,1812.8,1808.7,1810.9,36914,51.74078665418184,1813.6000000000001,2.253002380137005,1821.8663292781926,1813.2,1804.5336707218075,17.33,-3.0
206,1811.0,2020-04-20 11:55:00+05:30,1813.0,1808.8,1812.8,35342,49.36937190545528,1813.1142857142859,-2.3714147487265578,1821.4869376155007,1813.4575,1805.4280623844993,16.06,-1.0
207,1813.7,2020-04-20 12:05:00+05:30,1815.0,1810.0,1810.9,36866,52.859524314394505,1812.907142857143,3.490152408939224,1820.6645186345531,1813.935,1807.2054813654468,13.46,-3.0
208,1814.4,2020-04-20 12:15:00+05:30,1816.15,1812.0,1813.7,39114,53.749677603473145,1812.5571428571432,0.8901532890786399,1820.6732311765586,1814.1225,1807.5717688234413,13.1,-0.0
209,1810.75,2020-04-20 12:25:00+05:30,1816.0,1810.7,1814.35,43729,48.59671209703452,1812.1357142857144,-5.152965506438626,1820.6193139606519,1814.1599999999999,1807.7006860393478,12.92,-0.0
210,1809.9,2020-04-20 12:35:00+05:30,1811.85,1807.25,1810.55,62790,47.45572501075989,1811.9357142857145,-1.1409870862746274,1820.6950163724866,1814.105,1807.5149836275134,13.18,0.0
211,1812.35,2020-04-20 12:45:00+05:30,1812.5,1808.4,1810.05,56023,51.025000917334104,1812.1285714285716,3.5692759065742123,1820.4202002640866,1814.2925,1808.1647997359134,12.26,-1.0
212,1815.6,2020-04-20 12:55:00+05:30,1822.0,1811.65,1812.35,98245,55.35719723686131,1812.5285714285717,4.332196319527206,1820.1031334327322,1814.1774999999998,1808.2518665672674,11.85,-0.0
213,1818.0,2020-04-20 13:05:00+05:30,1818.0,1814.0,1815.75,55740,58.29128478803561,1813.5285714285717,2.9340875511743008,1820.2764343559838,1814.23,1808.1835656440162,12.09,0.0
214,1818.1,2020-04-20 13:15:00+05:30,1819.0,1815.0,1818.0,45488,58.413927843156195,1814.157142857143,0.12264305512058371,1819.5440666732616,1814.0824999999998,1808.620933326738,10.92,-1.0
215,1816.8,2020-04-20 13:25:00+05:30,1818.5,1816.0,1818.2,64122,56.10430855143305,1814.5000000000002,-2.309619291723145,1818.9316751243286,1813.9424999999999,1808.9533248756711,9.98,-1.0
216,1817.2,2020-04-20 13:35:00+05:30,1818.6,1815.5,1816.95,55476,56.67197626162761,1815.421428571429,0.5676677101945629,1819.1943310704794,1814.0324999999998,1808.8706689295202,10.32,0.0
217,1815.0,2020-04-20 13:45:00+05:30,1818.5,1815.0,1817.2,73702,52.639848361844614,1816.1500000000003,-4.032127899782999,1819.1328508652107,1814.0024999999998,1808.872149134789,10.26,-0.0
218,1814.05,2020-04-20 13:55:00+05:30,1815.95,1811.05,1815.0,106608,50.9539574486326,1816.3928571428573,-1.6858909132120132,1819.149904231271,1814.1024999999997,1809.0550957687285,10.09,-0.0
219,1811.75,2020-04-20 14:05:00+05:30,1814.8,1810.1,1814.3,54962,47.027043114651555,1815.8428571428574,-3.9269143339810455,1819.1225568512564,1813.9699999999998,1808.8174431487432,10.31,0.0
220,1812.6,2020-04-20 14:15:00+05:30,1813.1,1810.0,1811.75,53860,48.603502563647496,1815.071428571429,1.5764594489959407,1818.9983117437514,1813.8424999999995,1808.6866882562476,10.31,0.0
221,1815.35,2020-04-20 14:25:00+05:30,1815.9,1812.15,1812.55,60153,53.432026404344064,1814.6785714285718,4.828523840696569,1818.7807744840866,1813.7674999999995,1808.7542255159124,10.03,-0.0
222,1818.0,2020-04-20 14:35:00+05:30,1818.0,1814.05,1815.35,85243,57.56881979978848,1814.8500000000004,4.136793395444414,1819.3405510007353,1813.9824999999996,1808.624448999264,10.72,1.0
223,1814.05,2020-04-20 14:45:00+05:30,1822.95,1814.05,1818.0,115598,50.38415695727034,1814.4,-7.1846628425181365,1819.3272217059487,1814.1199999999997,1808.9127782940507,10.41,-0.0
224,1816.6,2020-04-20 14:55:00+05:30,1820.15,1814.0,1814.8,135017,54.34539905382375,1814.6285714285716,3.9612420965534056,1819.5020119870458,1814.3999999999996,1809.2979880129535,10.2,-0.0
225,1819.8,2020-04-20 15:05:00+05:30,1823.0,1816.0,1816.6,205135,58.79161993833818,1815.4500000000003,4.446220884514432,1820.3280585190798,1814.7499999999995,1809.1719414809193,11.16,1.0
226,1814.95,2020-04-20 15:15:00+05:30,1822.65,1814.95,1819.85,208560,50.727990115390796,1815.907142857143,-8.063629822947384,1820.2388509368607,1814.9474999999995,1809.6561490631384,10.58,-1.0
227,1815.7,2020-04-20 15:25:00+05:30,1819.0,1813.7,1815.0,60690,51.8282908903886,1816.3500000000004,1.1003007749978053,1820.3151245520376,1815.0474999999994,1809.7798754479613,10.54,-0.0
228,1787.0,2020-04-21 09:15:00+05:30,1794.0,1761.25,1765.0,286951,26.99007049840452,1812.3000000000004,-24.83822039198408,1827.2925642188848,1813.6774999999993,1800.062435781114,27.23,17.0
229,1767.0,2020-04-21 09:25:00+05:30,1789.4,1765.3,1787.3,225708,19.850672473487137,1805.014285714286,-7.139398024917384,1836.432135138421,1811.4899999999993,1786.5478648615776,49.88,23.0
230,1763.6,2020-04-21 09:35:00+05:30,1769.75,1758.5,1767.0,202418,18.933759662599172,1797.8071428571434,-0.9169128108879647,1842.066408252645,1809.1749999999993,1776.2835917473535,65.78,16.0
231,1757.0,2020-04-21 09:45:00+05:30,1763.95,1756.45,1763.55,153634,17.266487436251126,1789.2928571428577,-1.6672722263480466,1846.663866283059,1806.4074999999993,1766.1511337169397,80.51,15.0
232,1743.85,2020-04-21 09:55:00+05:30,1756.95,1741.5,1756.3,333102,14.522524323495787,1778.4428571428577,-2.7439631127553383,1851.528082113319,1802.8199999999993,1754.1119178866795,97.42,17.0
233,1757.75,2020-04-21 10:05:00+05:30,1764.45,1742.9,1743.1,311332,27.61690983043792,1770.271428571429,13.094385506942132,1851.8977786667422,1799.8074999999994,1747.7172213332567,104.18,7.0
234,1753.4,2020-04-21 10:15:00+05:30,1764.1,1752.0,1757.8,163038,26.261080081616015,1761.3714285714289,-1.355829748821904,1851.8200241169457,1796.5724999999995,1741.3249758830534,110.5,6.0
235,1760.15,2020-04-21 10:25:00+05:30,1760.65,1752.05,1753.05,105412,31.85198951885799,1757.5357142857144,5.590909437241976,1850.4114594464381,1793.7399999999993,1737.0685405535605,113.34,3.0
236,1757.8,2020-04-21 10:35:00+05:30,1760.15,1755.55,1760.15,113886,30.97155419663936,1756.2214285714288,-0.8804353222186307,1848.4811719550112,1790.7699999999998,1733.0588280449883,115.42,2.0
237,1758.55,2020-04-21 10:45:00+05:30,1760.85,1756.05,1757.8,82311,31.621176018780886,1755.5,0.6496218221415262,1846.188302074796,1787.9474999999998,1729.7066979252036,116.48,1.0
238,1752.35,2020-04-21 10:55:00+05:30,1760.9,1752.15,1758.4,85297,29.176710343002526,1754.8357142857144,-2.4444656757783605,1843.8137811788795,1784.8624999999997,1725.91121882112,117.9,1.0
239,1745.2,2020-04-21 11:05:00+05:30,1752.35,1745.05,1752.35,138356,26.620904982143273,1755.0285714285715,-2.555805360859253,1841.598449784371,1781.5349999999994,1721.4715502156278,120.13,2.0
240,1752.0,2020-04-21 11:15:00+05:30,1756.0,1745.25,1745.4,111482,32.66230067041445,1754.207142857143,6.04139568827118,1838.0821936230604,1778.5049999999997,1718.9278063769389,119.15,-1.0
241,1748.0,2020-04-21 11:25:00+05:30,1754.6,1748.0,1752.0,67503,31.043223661143088,1753.4357142857145,-1.6190770092713649,1833.5481143472282,1775.1374999999996,1716.726885652771,116.82,-2.0
242,1747.1,2020-04-21 11:35:00+05:30,1750.95,1745.0,1748.2,83045,30.674781423001505,1751.571428571429,-0.36844223814158283,1827.6068146648063,1771.5924999999995,1715.5781853351928,112.03,-5.0
243,1747.7,2020-04-21 11:45:00+05:30,1751.5,1743.5,1747.05,71318,31.26051790960291,1750.1285714285718,0.5857364866014052,1821.4909700999958,1768.2749999999992,1715.0590299000025,106.43,-6.0
244,1753.0,2020-04-21 11:55:00+05:30,1753.05,1747.0,1748.5,78424,36.37441649441376,1749.3357142857149,5.113898584810848,1813.539182747825,1765.0949999999993,1716.6508172521737,96.89,-10.0
245,1750.85,2020-04-21 12:05:00+05:30,1755.0,1750.0,1753.0,58126,35.22943413235127,1749.121428571429,-1.1449823620624855,1802.9934407413693,1761.6474999999991,1720.301559258629,82.69,-14.0
246,1749.9,2020-04-21 12:15:00+05:30,1752.45,1749.9,1750.25,54843,34.70953229555502,1749.7928571428577,-0.5199018367962509,1791.4987746297331,1758.3949999999993,1725.2912253702655,66.21,-16.0
247,1742.8,2020-04-21 12:25:00+05:30,1749.95,1740.0,1749.9,139822,31.024510589206628,1748.4785714285717,-3.685021706348394,1774.7444992435244,1754.7499999999995,1734.7555007564747,39.99,-26.0
248,1735.75,2020-04-21 12:35:00+05:30,1744.0,1733.05,1742.8,128616,27.86143074354395,1746.7285714285717,-3.163079845662679,1767.325909671022,1752.1874999999995,1737.0490903289772,30.28,-10.0
249,1736.0,2020-04-21 12:45:00+05:30,1740.0,1734.0,1735.75,74598,28.141213323561246,1745.1428571428573,0.2797825800172973,1765.7381404534544,1750.6374999999996,1735.5368595465447,30.2,-0.0
250,1731.0,2020-04-21 12:55:00+05:30,1736.0,1727.7,1736.0,108379,25.97167288516468,1742.757142857143,-2.1695404383965666,1765.2141027804544,1749.0074999999997,1732.800897219545,32.41,2.0
251,1737.25,2020-04-21 13:05:00+05:30,1738.9,1729.0,1731.55,91298,32.93207742720577,1740.507142857143,6.96040454204109,1764.579061758294,1748.0199999999998,1731.4609382417054,33.12,1.0
252,1735.9,2020-04-21 13:15:00+05:30,1738.7,1733.6,1737.5,67067,32.22722548837379,1738.3714285714286,-0.7048519388319789,1764.966131471834,1747.6225,1730.278868528166,34.69,2.0
253,1737.15,2020-04-21 13:25:00+05:30,1739.0,1733.6,1735.9,88926,33.643422510459985,1736.55,1.4161970220861946,1763.8502755168117,1746.5925,1729.3347244831882,34.52,-0.0
254,1743.0,2020-04-21 13:35:00+05:30,1744.7,1737.5,1738.05,113267,39.966027238801054,1736.5785714285716,6.322604728341069,1763.0916989111745,1746.0724999999998,1729.053301088825,34.04,-0.0
255,1741.75,2020-04-21 13:45:00+05:30,1744.2,1740.15,1743.0,81865,39.10855000497097,1737.4357142857145,-0.8574772338300818,1760.9100871449516,1745.1524999999997,1729.3949128550478,31.52,-3.0
256,1744.7,2020-04-21 13:55:00+05:30,1748.3,1740.75,1741.75,96174,42.25721207938951,1738.6785714285718,3.1486620744185387,1759.0873116938606,1744.4974999999995,1729.9076883061384,29.18,-2.0
257,1742.95,2020-04-21 14:05:00+05:30,1748.0,1741.0,1744.7,79260,40.90589775112293,1740.3857142857146,-1.3513143282665823,1756.7264149593725,1743.7174999999993,1730.708585040626,26.02,-3.0
258,1741.9,2020-04-21 14:15:00+05:30,1745.0,1738.1,1742.7,133981,40.077774325701334,1741.0500000000004,-0.8281234254215946,1755.567928853759,1743.1949999999993,1730.8220711462395,24.75,-1.0
259,1742.25,2020-04-21 14:25:00+05:30,1747.0,1740.0,1741.9,138780,40.510104725445075,1741.9571428571433,0.43233039974374066,1755.390086737291,1743.0474999999994,1730.7049132627078,24.69,-0.0
260,1740.95,2020-04-21 14:35:00+05:30,1744.95,1738.15,1742.2,132522,39.373799114688175,1742.5000000000005,-1.1363056107568994,1754.1185649934528,1742.4949999999994,1730.871435006546,23.25,-1.0
261,1745.0,2020-04-21 14:45:00+05:30,1745.7,1737.0,1740.75,155610,44.588485116839415,1742.785714285715,5.21468600215124,1753.7447183713673,1742.3449999999993,1730.9452816286314,22.8,-0.0
262,1737.3,2020-04-21 14:55:00+05:30,1745.0,1737.0,1745.0,170063,37.91177772698873,1742.1500000000003,-6.676707389850684,1753.2366056585854,1741.8549999999996,1730.4733943414137,22.76,-0.0
263,1740.55,2020-04-21 15:05:00+05:30,1744.5,1736.75,1737.3,271235,41.86843949524377,1741.5571428571432,3.9566617682550387,1752.5505050688378,1741.4975,1730.4444949311621,22.11,-1.0
264,1734.15,2020-04-21 15:15:00+05:30,1741.0,1730.0,1740.65,232056,36.88377065811566,1740.3,-4.984668837128112,1750.651528845893,1740.5549999999998,1730.4584711541067,20.19,-2.0
265,1737.75,2020-04-21 15:25:00+05:30,1737.75,1730.0,1734.15,78724,41.129519748351974,1739.707142857143,4.245749090236316,1748.8149785251767,1739.9,1730.9850214748235,17.83,-2.0
266,1748.0,2020-04-22 09:15:00+05:30,1755.8,1720.0,1737.65,309520,51.19594427937493,1740.5285714285715,10.066424531022953,1748.3019901791372,1739.8049999999998,1731.3080098208625,16.99,-1.0
267,1751.3,2020-04-22 09:25:00+05:30,1752.0,1733.5,1748.0,130658,53.92740580581559,1742.0071428571428,2.731461526440661,1750.097511817717,1740.23,1730.362488182283,19.74,3.0
268,1744.7,2020-04-22 09:35:00+05:30,1752.2,1744.0,1752.0,91056,48.12599554228897,1741.9642857142858,-5.80141026352662,1750.5012346847825,1740.6774999999998,1730.853765315217,19.65,-0.0
269,1739.45,2020-04-22 09:45:00+05:30,1746.75,1738.0,1744.55,72529,44.065125316955985,1742.2714285714287,-4.060870225332984,1750.446435741799,1740.8499999999997,1731.2535642582004,19.19,-0.0
270,1735.5,2020-04-22 09:55:00+05:30,1740.0,1731.0,1739.45,101043,41.245214177961316,1741.5500000000004,-2.8199111389946694,1749.8771827436005,1741.0749999999996,1732.2728172563986,17.6,-2.0
271,1730.35,2020-04-22 10:05:00+05:30,1736.05,1725.0,1735.3,98275,37.844730840806925,1741.0071428571432,-3.400483337154391,1750.635203310921,1740.7299999999996,1730.824796689078,19.81,2.0
272,1730.0,2020-04-22 10:15:00+05:30,1733.45,1727.0,1730.35,91145,37.61774158274264,1739.9000000000003,-0.22698925806428605,1751.2550642083484,1740.4349999999995,1729.6149357916506,21.64,2.0
273,1730.1,2020-04-22 10:25:00+05:30,1732.9,1729.35,1730.25,69728,37.732656619578904,1737.3428571428576,0.11491503683626547,1751.7771805270884,1740.0824999999993,1728.3878194729102,23.39,2.0
274,1742.5,2020-04-22 10:35:00+05:30,1742.95,1730.1,1730.1,100416,50.025914480583175,1736.0857142857149,12.293257861004271,1751.7280330685599,1740.0574999999994,1728.386966931439,23.34,-0.0
275,1737.0,2020-04-22 10:45:00+05:30,1746.95,1736.1,1742.6,98953,45.71480353288471,1734.9857142857147,-4.311110947698467,1751.5387389297798,1739.8199999999993,1728.1012610702187,23.44,0.0
276,1739.45,2020-04-22 10:55:00+05:30,1744.0,1736.6,1737.1,102636,47.869919464665706,1734.9857142857147,2.1551159317809976,1751.048973956081,1739.5574999999994,1728.0660260439179,22.98,-0.0
277,1738.25,2020-04-22 11:05:00+05:30,1741.0,1738.0,1739.45,30060,46.88805556711259,1735.3785714285718,-0.9818638975531186,1750.713654231943,1739.3224999999995,1727.931345768056,22.78,-0.0
278,1738.15,2020-04-22 11:15:00+05:30,1741.5,1738.0,1738.0,45610,46.80190551042193,1736.4928571428575,-0.08615005669065567,1750.470835121146,1739.1349999999995,1727.7991648788532,22.67,-0.0
279,1737.4,2020-04-22 11:25:00+05:30,1740.5,1736.25,1738.45,44663,46.11751312128128,1737.5500000000004,-0.6843923891406547,1750.155026359528,1738.8924999999995,1727.629973640471,22.53,-0.0
280,1739.7,2020-04-22 11:35:00+05:30,1739.9,1736.1,1737.4,27294,48.59983123702181,1738.921428571429,2.482318115740533,1750.058272585853,1738.8299999999995,1727.601727414146,22.46,-0.0
281,1739.7,2020-04-22 11:45:00+05:30,1741.1,1738.35,1739.7,41886,48.59983123702181,1738.521428571429,0.0,1749.424247817273,1738.5649999999994,1727.7057521827257,21.72,-1.0
282,1737.15,2020-04-22 11:55:00+05:30,1739.7,1733.2,1739.1,60926,45.88193281973651,1738.5428571428577,-2.717898417285298,1749.4206329686142,1738.5574999999994,1727.6943670313847,21.73,0.0
283,1739.8,2020-04-22 12:05:00+05:30,1740.5,1737.15,1737.15,57282,49.06955131935034,1738.5928571428574,3.1876184996138264,1749.3593241194953,1738.5199999999993,1727.6806758805033,21.68,-0.0
284,1739.95,2020-04-22 12:15:00+05:30,1740.45,1738.0,1740.0,42772,49.25176252976294,1738.8357142857146,0.18221121041260346,1749.465840997663,1738.809999999999,1728.154159002335,21.31,-0.0
285,1748.0,2020-04-22 12:25:00+05:30,1749.55,1738.0,1739.6,101022,57.94704034179111,1740.2428571428575,8.695277812028166,1750.7235837434596,1739.322499999999,1727.9214162565386,22.8,1.0
286,1751.0,2020-04-22 12:35:00+05:30,1759.0,1745.7,1746.65,150681,60.652783514191924,1742.1857142857148,2.7057431724008154,1751.4201258376702,1739.4724999999992,1727.5248741623282,23.9,1.0
287,1756.1,2020-04-22 12:45:00+05:30,1757.0,1746.1,1751.1,86348,64.79922750813115,1744.5285714285717,4.146443993939229,1752.7990489399215,1739.712499999999,1726.6259510600764,26.17,2.0
288,1774.15,2020-04-22 12:55:00+05:30,1776.95,1754.4,1755.9,206221,74.88628446573907,1749.4500000000003,10.087056957607913,1761.3484139757377,1741.184999999999,1721.0215860242604,40.33,14.0
289,1776.75,2020-04-22 13:05:00+05:30,1790.0,1774.45,1776.3,263475,75.9551313908108,1755.1071428571431,1.068846925071739,1768.6931790458607,1743.0499999999993,1717.4068209541379,51.29,11.0
290,1780.15,2020-04-22 13:15:00+05:30,1788.6,1775.05,1775.5,133383,77.3148128056205,1760.8714285714289,1.3596814148096996,1775.520838770146,1745.2824999999993,1715.0441612298528,60.48,9.0
291,1773.95,2020-04-22 13:25:00+05:30,1780.0,1765.0,1779.1,133685,69.58726057819005,1765.7285714285717,-7.727552227430451,1779.4065114641264,1747.4624999999992,1715.518488535872,63.89,3.0
292,1767.85,2020-04-22 13:35:00+05:30,1775.0,1765.75,1774.0,75667,62.9235616633187,1768.5642857142861,-6.663698914871354,1781.4275312870234,1749.354999999999,1717.2824687129748,64.15,0.0
293,1767.5,2020-04-22 13:45:00+05:30,1769.7,1765.0,1768.5,59472,62.55342711230574,1770.921428571429,-0.3701345510129599,1782.9296319046566,1751.2249999999992,1719.5203680953418,63.41,-1.0
294,1764.95,2020-04-22 13:55:00+05:30,1768.6,1764.95,1767.6,45558,59.793745935459,1772.1857142857148,-2.7596811768467404,1784.3398424225777,1752.3474999999992,1720.3551575774206,63.98,1.0
295,1759.15,2020-04-22 14:05:00+05:30,1765.0,1756.2,1764.0,77433,53.96236667215222,1770.0428571428577,-5.831379263306779,1784.735966131252,1753.4549999999992,1722.1740338687464,62.56,-1.0
296,1766.35,2020-04-22 14:15:00+05:30,1771.15,1759.0,1759.1,66170,59.272359810076935,1768.5571428571434,5.309993137924714,1785.857942453952,1754.7999999999993,1723.7420575460465,62.12,-0.0
297,1766.3,2020-04-22 14:25:00+05:30,1770.55,1763.0,1766.5,53833,59.22127627729183,1766.5785714285719,-0.05108353278510691,1786.6408323943133,1756.2024999999994,1725.7641676056855,60.88,-1.0
298,1768.7,2020-04-22 14:35:00+05:30,1774.15,1763.95,1766.1,113827,60.960513123696614,1765.8285714285719,1.7392368464047863,1787.410640509463,1757.729999999999,1728.0493594905352,59.36,-2.0
299,1761.05,2020-04-22 14:45:00+05:30,1769.6,1760.15,1767.05,90818,53.17530910440666,1764.8571428571431,-7.7852040192899565,1787.0258584093401,1758.9124999999992,1730.7991415906583,56.23,-3.0
300,1763.5,2020-04-22 14:55:00+05:30,1765.6,1756.65,1761.05,116686,55.15075810965056,1764.2857142857144,1.9754490052439024,1786.7693229710223,1760.1024999999995,1733.4356770289767,53.33,-3.0
301,1770.1,2020-04-22 15:05:00+05:30,1774.7,1763.45,1763.5,198347,60.04137831737583,1765.0214285714287,4.89062020772527,1786.8177266782395,1761.6224999999995,1736.4272733217595,50.39,-3.0
302,1773.9,2020-04-22 15:15:00+05:30,1775.0,1770.0,1770.15,170717,62.572014038483864,1767.1285714285716,2.530635721108034,1786.3997517537964,1763.4599999999996,1740.5202482462028,45.88,-5.0
303,1773.0,2020-04-22 15:25:00+05:30,1773.95,1770.25,1773.95,60802,61.57733352570999,1768.0785714285716,-0.9946805127738756,1785.5145658396787,1765.1199999999994,1744.7254341603202,40.79,-5.0
304,1789.35,2020-04-23 09:15:00+05:30,1794.1,1768.45,1780.0,288258,70.6921410019757,1771.3714285714289,9.11480747626571,1787.0957508388942,1767.5899999999995,1748.0842491611047,39.01,-2.0
305,1807.45,2020-04-23 09:25:00+05:30,1812.0,1788.75,1789.8,285173,77.15351514580031,1776.907142857143,6.461374143824614,1794.9953914418682,1770.5624999999993,1746.1296085581305,48.87,10.0
306,1817.6,2020-04-23 09:35:00+05:30,1819.9,1798.6,1807.75,262209,79.83792144495484,1784.9857142857147,2.6844062991545314,1804.4785180474612,1773.8924999999992,1743.3064819525373,61.17,12.0
307,1817.6,2020-04-23 09:45:00+05:30,1827.9,1815.0,1817.6,247125,79.83792144495484,1792.7142857142862,0.0,1812.0562787581232,1776.9674999999993,1741.8787212418754,70.18,9.0
308,1812.2,2020-04-23 09:55:00+05:30,1824.45,1809.05,1817.0,121725,74.44109215926645,1798.728571428572,-5.396829285688398,1817.2841065098103,1778.869999999999,1740.4558934901877,76.83,7.0
309,1816.2,2020-04-23 10:05:00+05:30,1818.0,1810.0,1812.2,58544,75.74880822629069,1804.7714285714294,1.307716067024245,1822.6956929864089,1780.8424999999988,1738.9893070135888,83.71,7.0
310,1814.25,2020-04-23 10:15:00+05:30,1820.0,1812.25,1816.0,60559,73.76730675698397,1810.6642857142865,-1.9815014693067212,1826.9806961606673,1782.5474999999988,1738.1143038393302,88.87,5.0
311,1814.1,2020-04-23 10:25:00+05:30,1818.1,1811.0,1814.25,50355,73.60779828564687,1814.2000000000007,-0.1595084713371051,1830.9378677536479,1784.554999999999,1738.17213224635,92.77,4.0
312,1816.0,2020-04-23 10:35:00+05:30,1817.9,1812.75,1814.05,36229,74.3639652539067,1815.4214285714293,0.7561669682598335,1834.6739559232433,1786.962499999999,1739.2510440767546,95.42,3.0
313,1819.0,2020-04-23 10:45:00+05:30,1819.9,1815.95,1816.0,32504,75.5548954748098,1815.621428571429,1.1909302209030983,1838.3719558580026,1789.537499999999,1740.7030441419954,97.67,2.0
314,1816.0,2020-04-23 10:55:00+05:30,1819.0,1815.2,1818.7,31243,71.95506919596409,1815.3928571428576,-3.599826278845711,1840.8498475883794,1792.089999999999,1743.3301524116187,97.52,-0.0
315,1821.7,2020-04-23 11:05:00+05:30,1825.0,1815.2,1816.0,91415,74.44628455406539,1816.7500000000005,2.4912153581013,1843.0974295936685,1795.2174999999988,1747.3375704063292,95.76,-2.0
316,1825.6,2020-04-23 11:15:00+05:30,1826.0,1821.05,1823.0,73924,76.01610862171057,1818.0928571428576,1.569824067645186,1845.8710054412777,1798.179999999999,1750.4889945587202,95.38,-0.0
317,1828.7,2020-04-23 11:25:00+05:30,1834.0,1824.55,1825.3,165838,77.2143390125814,1820.1571428571435,1.1982303908708332,1848.3699367682646,1801.2999999999986,1754.2300632317326,94.14,-1.0
318,1827.25,2020-04-23 11:35:00+05:30,1830.0,1823.0,1828.8,61612,75.31887519208453,1822.035714285715,-1.8954638204968717,1850.0262298720695,1804.2274999999986,1758.4287701279277,91.6,-3.0
319,1838.65,2020-04-23 11:45:00+05:30,1839.8,1824.4,1828.0,207082,79.56597926641041,1825.271428571429,4.2471040743258754,1851.594367648692,1808.1074999999987,1764.6206323513054,86.97,-5.0
320,1843.3,2020-04-23 11:55:00+05:30,1845.0,1838.0,1838.6,212927,81.00202432655075,1828.7428571428575,1.4360450601403443,1852.9129830658037,1812.0974999999987,1771.2820169341937,81.63,-5.0
321,1844.8,2020-04-23 12:05:00+05:30,1846.2,1841.5,1843.25,143675,81.45478540969705,1832.8571428571431,0.45276108314629937,1854.0553957976517,1815.832499999999,1777.6096042023464,76.45,-5.0
322,1838.95,2020-04-23 12:15:00+05:30,1849.0,1835.05,1845.8,166655,74.04343089957396,1835.321428571429,-7.41135451012309,1853.1258748109535,1819.0849999999987,1785.0441251890438,68.08,-8.0
323,1840.55,2020-04-23 12:25:00+05:30,1846.95,1837.0,1839.0,100162,74.72090288622587,1837.457142857143,0.6774719866519092,1850.0419712937442,1822.462499999999,1794.8830287062538,55.16,-13.0
324,1848.05,2020-04-23 12:35:00+05:30,1849.9,1840.0,1840.85,134439,77.66382532137992,1840.2214285714285,2.9429224351540455,1850.5244508276498,1825.3974999999991,1800.2705491723484,50.25,-5.0
325,1848.05,2020-04-23 12:45:00+05:30,1850.0,1846.1,1848.0,159434,77.66382532137992,1843.1928571428568,0.0,1853.0053784972774,1827.4274999999993,1801.8496215027212,51.16,1.0
326,1848.25,2020-04-23 12:55:00+05:30,1850.0,1847.25,1848.4,107917,77.7439568285961,1844.5642857142855,0.0801315072161799,1855.7048293084347,1828.9599999999996,1802.2151706915645,53.49,2.0
327,1848.75,2020-04-23 13:05:00+05:30,1849.95,1847.0,1848.25,124239,77.95686511496685,1845.3428571428572,0.2129082863707481,1858.0920358313838,1830.5174999999995,1802.9429641686152,55.15,2.0
328,1842.2,2020-04-23 13:15:00+05:30,1849.0,1840.15,1848.75,135878,68.68696761528415,1844.9714285714288,-9.269897499682699,1858.644104720615,1832.0174999999995,1805.390895279384,53.25,-2.0
329,1843.3,2020-04-23 13:25:00+05:30,1845.9,1842.05,1842.2,68828,69.34620359569982,1845.5928571428572,0.6592359804156729,1859.3604217897066,1833.3725,1807.3845782102933,51.98,-1.0
330,1847.7,2020-04-23 13:35:00+05:30,1848.9,1838.05,1843.3,113639,71.8950478579901,1846.6142857142859,2.548844262290274,1860.1413595598733,1835.0449999999996,1809.948640440126,50.19,-2.0
331,1857.5,2020-04-23 13:45:00+05:30,1860.0,1845.85,1848.0,283500,76.56831524197156,1847.964285714286,4.673267383981468,1862.1909273575377,1837.2149999999997,1812.2390726424617,49.95,-0.0
332,1859.15,2020-04-23 13:55:00+05:30,1860.0,1853.1,1857.55,100875,77.25409329991223,1849.5500000000004,0.6857780579406665,1864.085621914025,1839.3725,1814.6593780859748,49.43,-1.0
333,1860.0,2020-04-23 14:05:00+05:30,1865.0,1856.05,1860.0,147717,77.61751267858222,1851.2285714285717,0.3634193786699882,1865.8201373964152,1841.4225,1817.0248626035846,48.8,-1.0
