,close,date,high,low,open,volume,RSI_14,sma_7,RSI_Trend,ub,mb,lb,band_diff,band_diff_trend
0,330.4,2020-04-09 09:15:00+05:30,334.9,328.0,332.4,3066804,0.0,0.0,,,,,,
1,334.0,2020-04-09 09:25:00+05:30,334.5,328.6,330.3,1838939,100.0,0.0,100.0,,,,,
2,332.4,2020-04-09 09:35:00+05:30,336.15,331.9,334.2,1283661,96.69421487603303,0.0,-3.30578512396697,,,,,
3,326.9,2020-04-09 09:45:00+05:30,333.85,326.2,332.4,1535242,86.15123194562452,0.0,-10.542982930408513,,,,,
4,332.4,2020-04-09 09:55:00+05:30,332.6,326.6,326.6,1222454,87.60649601310124,0.0,1.455264067476719,,,,,
5,331.05,2020-04-09 10:05:00+05:30,332.5,329.0,332.5,706745,85.23881161074002,0.0,-2.3676844023612205,,,,,
6,331.1,2020-04-09 10:15:00+05:30,332.4,330.45,331.15,1005844,85.25470665856264,331.17857142857144,0.01589504782262452,,,,,
7,333.3,2020-04-09 10:25:00+05:30,334.25,330.95,330.95,1038913,85.97055083397517,331.59285714285716,0.7158441754125278,,,,,
8,332.0,2020-04-09 10:35:00+05:30,333.4,331.35,333.2,517866,83.3941926465699,331.3071428571429,-2.576358187405262,,,,,
9,323.2,2020-04-09 10:45:00+05:30,332.2,323.2,332.0,2738481,68.44204678963175,329.99285714285713,-14.95214585693816,,,,,
10,326.65,2020-04-09 10:55:00+05:30,327.35,322.65,322.95,1310781,70.66283415792951,329.95714285714286,2.2207873682977635,,,,,
11,327.3,2020-04-09 11:05:00+05:30,328.15,326.2,326.6,722339,71.07582280105953,329.2285714285714,0.4129886431300207,,,,,
12,324.9,2020-04-09 11:15:00+05:30,327.5,324.8,327.2,696154,67.30817468333336,328.34999999999997,-3.767648117726168,,,,,
13,329.45,2020-04-09 11:25:00+05:30,329.85,324.55,324.8,932416,70.50077056322515,328.1142857142857,3.1925958798917833,,,,,
14,330.8,2020-04-09 11:35:00+05:30,333.0,329.4,329.7,1263230,71.39341369914094,327.7571428571428,0.8926431359157903,,,,,
15,331.8,2020-04-09 11:45:00+05:30,333.0,330.6,330.85,811312,72.06767039963506,327.7285714285714,0.6742567004941264,,,,,
16,330.85,2020-04-09 11:55:00+05:30,333.0,330.5,331.65,797469,70.37075674028222,328.82142857142856,-1.6969136593528447,,,,,
17,332.0,2020-04-09 12:05:00+05:30,332.55,329.3,330.8,1048919,71.25316234257403,329.5857142857143,0.8824056022918114,,,,,
18,331.4,2020-04-09 12:15:00+05:30,334.5,331.0,332.0,1113297,70.0804734338923,330.1714285714285,-1.1726889086817351,,,,,
19,333.35,2020-04-09 12:25:00+05:30,333.85,331.15,331.45,905187,71.71006464296133,331.3785714285714,1.6295912090690337,336.17349555244743,330.26250000000005,324.35150444755266,11.82,
20,332.0,2020-04-09 12:35:00+05:30,333.6,331.5,333.35,743588,68.91172194830024,331.74285714285713,-2.7983426946610876,336.3044208314101,330.3425000000001,324.3805791685901,11.92,0.0
21,337.05,2020-04-09 12:45:00+05:30,338.5,331.6,331.8,1939785,73.13500207659908,332.63571428571424,4.223280128298839,336.98360539715594,330.49500000000006,324.0063946028442,12.98,1.0
22,339.85,2020-04-09 12:55:00+05:30,340.0,335.7,337.1,1557831,75.15067110270698,333.7857142857142,2.0156690261079007,338.5602358079248,330.8675000000001,323.17476419207543,15.39,2.0
23,341.0,2020-04-09 13:05:00+05:30,344.9,339.85,339.9,3361268,75.94883667430439,335.2357142857142,0.7981655715974085,340.2549975184504,331.5725000000001,322.8900024815498,17.36,2.0
24,343.0,2020-04-09 13:15:00+05:30,344.35,341.0,341.0,1302172,77.31361009858263,336.8071428571428,1.3647734242782406,342.1797529151448,332.10250000000013,322.0252470848555,20.15,3.0
25,339.8,2020-04-09 13:25:00+05:30,343.25,338.9,342.95,1458056,70.42753689297044,338.0071428571428,-6.886073205612192,343.1694823362592,332.54000000000013,321.9105176637411,21.26,1.0
26,337.0,2020-04-09 13:35:00+05:30,341.6,337.0,340.0,1672885,64.97435022800886,338.5285714285714,-5.453186664961578,343.6225220314469,332.83500000000015,322.0474779685534,21.58,0.0
27,335.7,2020-04-09 13:45:00+05:30,337.9,335.5,337.0,1326572,62.55263282711868,339.0571428571428,-2.4217174008901807,343.8174364815539,332.9550000000001,322.0925635184463,21.72,0.0
28,336.5,2020-04-09 13:55:00+05:30,337.3,333.05,335.5,1838742,63.455319447274945,338.97857142857134,0.9026866201562669,344.14508333901676,333.1800000000001,322.2149166609835,21.93,0.0
29,337.55,2020-04-09 14:05:00+05:30,339.0,335.5,336.6,1333768,64.65944849803796,338.65,1.2041290507630151,343.95321191439314,333.89750000000015,323.84178808560716,20.11,-2.0
30,336.5,2020-04-09 14:15:00+05:30,338.4,335.65,337.55,906510,62.44369156134188,338.0071428571428,-2.2157569366960814,343.9012454217988,334.39000000000016,324.8787545782015,19.02,-1.0
31,339.2,2020-04-09 14:25:00+05:30,340.0,335.05,336.45,1376069,65.69875292212818,337.46428571428567,3.2550613607863,344.109755223826,334.9850000000001,325.8602447761742,18.25,-1.0
32,338.95,2020-04-09 14:35:00+05:30,340.6,337.85,339.3,1240945,65.13581942542015,337.34285714285704,-0.5629334967080268,343.62984984451293,335.6875000000001,327.7451501554873,15.88,-2.0
33,341.2,2020-04-09 14:45:00+05:30,341.75,338.7,339.0,1252467,67.80918942984468,337.942857142857,2.6733700044245268,344.0102576250775,336.27500000000015,328.5397423749228,15.47,-0.0
34,342.3,2020-04-09 14:55:00+05:30,344.0,341.15,341.45,1738829,69.05834906290077,338.8857142857142,1.2491596330560952,344.58134426930593,336.85000000000014,329.11865573069434,15.46,-0.0
35,343.0,2020-04-09 15:05:00+05:30,344.0,341.5,342.45,1888013,69.85988135663641,339.81428571428563,0.8015322937356331,345.22325459513667,337.41000000000014,329.5967454048636,15.63,0.0
36,341.35,2020-04-09 15:15:00+05:30,343.95,341.35,343.05,2177772,65.54948307303562,340.3571428571427,-4.31039828360079,345.2899195852345,337.9350000000001,330.58008041476575,14.71,-1.0
37,342.0,2020-04-09 15:25:00+05:30,342.0,341.3,341.4,620058,66.4282577492527,341.142857142857,0.8787746762170769,345.4425222740321,338.4350000000001,331.4274777259681,14.02,-1.0
38,335.3,2020-04-13 09:15:00+05:30,341.4,333.65,341.05,2279464,51.76937577183795,340.58571428571423,-14.658881977414744,345.0014329545825,338.63000000000017,332.2585670454178,12.74,-1.0
39,334.0,2020-04-13 09:25:00+05:30,337.4,333.5,335.2,1274671,49.48747620938728,339.8785714285714,-2.2818995624506684,344.9262532888166,338.66250000000014,332.39874671118366,12.53,-0.0
40,331.7,2020-04-13 09:35:00+05:30,336.1,331.4,334.0,1120887,45.65335806001005,338.52142857142854,-3.8341181493772325,344.9794968580638,338.64750000000015,332.3155031419365,12.66,0.0
41,331.0,2020-04-13 09:45:00+05:30,333.85,330.6,331.65,800224,44.52276275243105,336.9071428571428,-1.130595307579,345.5202425229508,338.34500000000014,331.1697574770495,14.35,2.0
42,331.3,2020-04-13 09:55:00+05:30,331.8,330.55,330.75,631935,45.149696122488805,335.2357142857142,0.6269333700577562,345.7076607982866,337.91750000000013,330.12733920171365,15.58,1.0
43,331.0,2020-04-13 10:05:00+05:30,333.4,330.3,331.2,865919,44.60683016588076,333.7571428571428,-0.5428659566080469,345.6459663148572,337.41750000000013,329.18903368514304,16.46,1.0
44,331.5,2020-04-13 10:15:00+05:30,332.45,330.7,331.05,416596,45.777015437234404,332.2571428571428,1.1701852713536454,345.03558276921206,336.8425000000001,328.6494172307881,16.39,-0.0
45,331.85,2020-04-13 10:25:00+05:30,332.25,330.85,331.4,450530,46.62698402775491,331.7642857142856,0.8499685905205041,344.8036639577086,336.4450000000001,328.08633604229163,16.72,0.0
46,333.8,2020-04-13 10:35:00+05:30,335.4,331.2,331.85,914303,51.2153099465244,331.7357142857142,4.588325918769492,344.7210816546672,336.28500000000014,327.84891834533306,16.87,0.0
47,334.15,2020-04-13 10:45:00+05:30,335.65,332.6,333.95,673251,52.01271107522317,332.0857142857143,0.7974011286987732,344.69453500392785,336.2075000000001,327.72046499607234,16.97,0.0
48,333.5,2020-04-13 10:55:00+05:30,334.25,332.45,334.15,346827,50.366207999640665,332.4428571428571,-1.6465030755825083,344.6283978219138,336.0575000000001,327.48660217808646,17.14,0.0
49,334.55,2020-04-13 11:05:00+05:30,334.85,333.4,333.5,315140,52.95686511265046,332.90714285714284,2.5906571130097973,344.47342238558065,335.90750000000014,327.34157761441963,17.13,-0.0
50,335.85,2020-04-13 11:15:00+05:30,336.65,334.35,334.5,655948,56.017760948660104,333.59999999999997,3.0608958360096423,344.43638822978227,335.8750000000001,327.31361177021796,17.12,-0.0
51,335.5,2020-04-13 11:25:00+05:30,335.95,333.5,335.6,545954,54.98054142376172,334.1714285714285,-1.0372195248983829,344.1075630927873,335.69000000000017,327.27243690721303,16.84,-0.0
52,340.75,2020-04-13 11:35:00+05:30,345.25,335.3,335.55,2385914,65.34573784485463,335.4428571428571,10.365196421092904,344.38082003434323,335.78000000000014,327.17917996565706,17.2,0.0
53,340.8,2020-04-13 11:45:00+05:30,344.5,340.6,341.0,1567439,65.42737821558133,336.4428571428571,0.08164037072670283,344.30945981673096,335.76000000000016,327.21054018326936,17.1,-0.0
54,339.2,2020-04-13 11:55:00+05:30,342.45,338.1,340.9,1121966,60.51443278525768,337.16428571428565,-4.912945430323646,343.758455838187,335.60500000000013,327.4515441618133,16.31,-1.0
55,340.85,2020-04-13 12:05:00+05:30,342.3,338.75,339.0,610525,63.55380095004087,338.21428571428567,3.039368164783191,343.28909297272605,335.4975000000002,327.7059070272743,15.58,-1.0
56,338.45,2020-04-13 12:15:00+05:30,341.5,338.3,340.85,646835,56.715352946250945,338.77142857142843,-6.838448003789928,342.78517855663875,335.35250000000013,327.9198214433615,14.87,-1.0
57,337.1,2020-04-13 12:25:00+05:30,338.5,336.25,338.3,923855,53.24478682928171,338.9499999999999,-3.4705661169692377,341.91425167910916,335.1075000000002,328.3007483208912,13.61,-1.0
58,338.6,2020-04-13 12:35:00+05:30,339.8,336.5,337.1,526940,56.43472535399602,339.392857142857,3.1899385247143144,342.2565777562442,335.27250000000015,328.2884222437561,13.97,0.0
59,339.45,2020-04-13 12:45:00+05:30,340.3,337.35,338.3,419939,58.17608819304703,339.2071428571427,1.741362839051007,342.7420681165101,335.5450000000002,328.3479318834903,14.39,0.0
60,338.9,2020-04-13 12:55:00+05:30,339.5,337.7,339.5,307113,56.59960034378537,338.93571428571414,-1.5764878492616603,343.0119943310132,335.90500000000014,328.79800566898706,14.21,-0.0
61,335.75,2020-04-13 13:05:00+05:30,340.1,335.0,338.9,791145,48.49429612533735,338.442857142857,-8.105304218448019,342.866477128237,336.14250000000015,329.4185228717633,13.45,-1.0
62,335.65,2020-04-13 13:15:00+05:30,336.95,334.55,335.2,857613,48.25803096639166,337.6999999999999,-0.23626515894569167,342.6945834407972,336.3600000000001,330.02541655920305,12.67,-1.0
63,334.8,2020-04-13 13:25:00+05:30,336.25,334.0,335.55,514489,46.19771818401685,337.1785714285714,-2.060312782374808,342.41847061579267,336.5500000000001,330.6815293842076,11.74,-1.0
64,334.8,2020-04-13 13:35:00+05:30,336.0,334.3,334.75,582964,46.19771818401685,336.84999999999997,0.0,342.15559787736225,336.71500000000015,331.27440212263804,10.88,-1.0
65,334.65,2020-04-13 13:45:00+05:30,336.2,334.1,334.75,702688,45.7975454799907,336.2857142857143,-0.40017270402614713,341.89806715360703,336.85500000000013,331.81193284639323,10.09,-1.0
66,334.2,2020-04-13 13:55:00+05:30,335.5,333.65,334.55,519537,44.55077045569393,335.5357142857143,-1.246775024296774,341.8699974974969,336.8750000000001,331.8800025025033,9.99,-0.0
67,332.15,2020-04-13 14:05:00+05:30,334.8,332.0,334.1,713521,39.301690873460714,334.57142857142856,-5.249079582233215,342.0707281692045,336.7750000000001,331.4792718307957,10.59,1.0
68,334.25,2020-04-13 14:15:00+05:30,334.7,331.2,332.05,775007,46.283753120931884,334.35714285714283,6.98206224747117,342.0204771808054,336.8125000000001,331.6045228191948,10.42,-0.0
69,335.45,2020-04-13 14:25:00+05:30,336.75,332.85,334.35,977467,49.83479923899909,334.32857142857137,3.5510461180672053,341.99828378214227,336.8575000000001,331.7167162178579,10.28,-0.0
70,335.5,2020-04-13 14:35:00+05:30,335.7,333.15,335.3,625501,49.98316725190313,334.4285714285714,0.14836801290404367,341.9975800118803,336.84000000000003,331.68241998811976,10.32,0.0
71,332.9,2020-04-13 14:45:00+05:30,336.5,332.5,335.5,760569,42.88100334158207,334.1571428571428,-7.10216391032106,342.1339818350884,336.71000000000004,331.2860181649117,10.85,1.0
72,332.1,2020-04-13 14:55:00+05:30,333.45,332.05,332.95,598068,40.952804195817734,333.79285714285703,-1.9281991457643386,341.72451511694345,336.27750000000003,330.8304848830566,10.89,0.0
73,330.25,2020-04-13 15:05:00+05:30,332.6,329.85,332.05,1144238,36.82861347146457,333.22857142857134,-4.124190724353163,341.3927876649383,335.75000000000006,330.10721233506183,11.29,0.0
74,329.9,2020-04-13 15:15:00+05:30,331.0,329.5,330.4,947703,36.08815488511786,332.9071428571428,-0.7404585863467119,341.2540517628321,335.285,329.31594823716796,11.94,1.0
75,331.1,2020-04-13 15:25:00+05:30,331.2,329.3,329.9,614746,40.50482569607675,332.45714285714274,4.416670810958891,340.436319865334,334.7975,329.15868013466604,11.28,-1.0
76,341.65,2020-04-15 09:15:00+05:30,344.25,340.0,342.7,2576403,64.03580219154453,333.3428571428571,23.530976495467783,341.18369889110363,334.95750000000004,328.73130110889645,12.45,1.0
77,339.65,2020-04-15 09:25:00+05:30,343.0,337.8,341.7,1520178,59.251488030080544,333.93571428571425,-4.784314161463989,341.59394930481346,335.085,328.5760506951865,13.02,1.0
78,340.75,2020-04-15 09:35:00+05:30,343.4,339.55,339.8,1602734,60.97832034646905,335.0571428571428,1.7268323163885029,342.00960503459,335.1925,328.37539496541,13.63,1.0
79,343.6,2020-04-15 09:45:00+05:30,344.65,340.6,340.75,1692819,65.1044708071675,336.69999999999993,4.1261504606984545,342.9734300092668,335.4,327.82656999073316,15.15,2.0
80,347.3,2020-04-15 09:55:00+05:30,347.5,342.1,343.65,1975038,69.59885856176402,339.13571428571424,4.4943877545965165,344.97684385985065,335.82000000000005,326.66315614014945,18.31,3.0
81,346.4,2020-04-15 10:05:00+05:30,348.0,345.4,347.4,1352894,67.3273329923812,341.49285714285713,-2.271525569382817,346.6587308695683,336.3525,326.04626913043177,20.61,2.0
82,346.0,2020-04-15 10:15:00+05:30,347.45,344.3,346.4,792825,66.29176818973417,343.62142857142857,-1.0355648026470305,348.0316071281966,336.87,325.7083928718034,22.32,2.0
83,349.2,2020-04-15 10:25:00+05:30,351.3,345.75,345.95,2485693,70.23591503324596,344.69999999999993,3.9441468435117883,349.97962214283007,337.59000000000003,325.20037785717,24.78,2.0
84,349.05,2020-04-15 10:35:00+05:30,349.55,347.35,349.4,1007351,69.82349037549947,346.0428571428571,-0.4124246577464845,351.6207294935214,338.3025,324.9842705064786,26.64,2.0
85,349.75,2020-04-15 10:45:00+05:30,351.8,348.6,349.1,1187874,70.68848828830535,347.32857142857137,0.864997912805876,353.19097184225404,339.0575,324.92402815774597,28.27,2.0
86,349.6,2020-04-15 10:55:00+05:30,350.5,348.05,349.7,1246412,70.22396307486133,348.18571428571425,-0.46452521344401987,354.51388735987206,339.82750000000004,325.14111264012803,29.37,1.0
87,350.05,2020-04-15 11:05:00+05:30,350.5,349.1,349.6,754592,70.84298997465145,348.57857142857137,0.6190268997901143,355.6190723715576,340.7225000000001,325.82592762844257,29.79,0.0
88,349.5,2020-04-15 11:15:00+05:30,350.5,349.4,350.1,851097,68.95608477463117,349.02142857142854,-1.88690520002028,356.5468758879218,341.48500000000007,326.42312411207837,30.12,0.0
89,348.5,2020-04-15 11:25:00+05:30,349.75,347.5,349.6,1014064,65.5381081122495,349.3785714285714,-3.417976662381662,357.22921522462093,342.1375000000001,327.0457847753793,30.18,0.0
90,347.5,2020-04-15 11:35:00+05:30,350.25,347.3,348.6,919551,62.216947480551326,349.13571428571424,-3.321160631698177,357.67145548124444,342.73750000000007,327.8035445187557,29.87,-0.0
91,346.95,2020-04-15 11:45:00+05:30,347.95,346.0,347.65,897322,60.40390342111839,348.83571428571423,-1.813044059432933,357.73359812532954,343.4400000000001,329.1464018746707,28.59,-1.0
92,346.7,2020-04-15 11:55:00+05:30,348.4,346.0,347.0,768927,59.55437997691717,348.3999999999999,-0.8495234442012247,357.4826927957377,344.1700000000001,330.85730720426244,26.63,-2.0
93,347.95,2020-04-15 12:05:00+05:30,348.15,346.6,346.8,478977,62.40168158433156,348.1642857142856,2.847301607414394,356.72312572330014,345.05500000000006,333.3868742767,23.34,-3.0
94,346.95,2020-04-15 12:15:00+05:30,348.8,346.8,348.0,523459,58.83338857607661,347.7214285714284,-3.5682930082549547,355.1535105194791,345.9075000000001,336.6614894805211,18.49,-5.0
95,344.0,2020-04-15 12:25:00+05:30,347.2,342.2,347.0,1863580,49.788557520317674,346.93571428571414,-9.044831055758934,352.7446406042789,346.55250000000007,340.3603593957212,12.38,-6.0
96,344.1,2020-04-15 12:35:00+05:30,345.85,342.8,344.2,856703,50.06878543446894,346.30714285714265,0.28022791415126846,352.54746025731004,346.67500000000007,340.8025397426901,11.74,-1.0
97,341.15,2020-04-15 12:45:00+05:30,344.05,340.2,344.05,1314001,42.52838681992408,345.3999999999998,-7.540398614544863,352.27258520698626,346.7500000000001,341.22741479301396,11.05,-1.0
98,343.25,2020-04-15 12:55:00+05:30,343.45,341.25,341.25,693168,48.47693398760097,344.87142857142845,5.948547167676892,351.9181297717528,346.8750000000001,341.83187022824745,10.09,-1.0
99,343.1,2020-04-15 13:05:00+05:30,344.3,341.85,343.2,1334160,48.094016485156324,344.3571428571427,-0.3829175024446485,351.96591942654976,346.8500000000001,341.7340805734504,10.23,0.0
100,338.2,2020-04-15 13:15:00+05:30,343.3,338.05,343.3,1655677,37.635741541389365,342.9642857142856,-10.458274943766959,352.79893793322776,346.3950000000001,339.99106206677243,12.81,3.0
101,340.9,2020-04-15 13:25:00+05:30,341.25,337.75,338.1,1521714,44.76342081571909,342.0999999999999,7.127679274329722,352.9792158520683,346.12000000000006,339.2607841479318,13.72,1.0
102,338.8,2020-04-15 13:35:00+05:30,341.9,338.2,340.95,1242755,40.85256396862016,341.3571428571428,-3.910856847098927,353.3613572195332,345.7600000000001,338.158642780467,15.2,1.0
103,336.75,2020-04-15 13:45:00+05:30,338.55,334.7,338.55,1574672,37.41599401557602,340.3071428571428,-3.436569953044142,353.54870023978066,345.1375000000001,336.72629976021955,16.82,2.0
104,334.0,2020-04-15 13:55:00+05:30,337.7,333.0,336.6,1177343,33.36168070180517,339.2857142857142,-4.054313313770848,353.9377951269168,344.3850000000001,334.8322048730834,19.11,2.0
105,329.85,2020-04-15 14:05:00+05:30,334.0,329.65,334.0,1875104,28.36635666237494,337.3714285714285,-4.99532403943023,354.592894362854,343.3900000000001,332.1871056371462,22.41,3.0
106,326.9,2020-04-15 14:15:00+05:30,330.1,325.0,330.0,1841267,25.44926792443779,335.0571428571428,-2.9170887379371493,355.26300967825114,342.25500000000005,329.24699032174897,26.02,4.0
107,329.0,2020-04-15 14:25:00+05:30,329.7,326.5,326.9,1343956,30.8971070309952,333.74285714285713,5.44783910655741,354.94078591928417,341.20250000000004,327.4642140807159,27.48,1.0
108,328.0,2020-04-15 14:35:00+05:30,330.25,327.4,328.95,1368422,29.781071383771945,331.9,-1.1160356472232564,354.48285751814234,340.12750000000005,325.77214248185777,28.71,1.0
109,326.5,2020-04-15 14:45:00+05:30,328.4,326.0,327.95,1098846,28.139168549479194,330.14285714285705,-1.6419028342927504,354.0381795315869,339.02750000000003,324.0168204684132,30.02,1.0
110,327.85,2020-04-15 14:55:00+05:30,328.75,326.0,326.65,1244022,31.784343609245354,328.8714285714285,3.64517505976616,353.29118675362196,338.0450000000001,322.7988132463782,30.49,0.0
111,327.15,2020-04-15 15:05:00+05:30,328.1,325.45,327.8,1585448,30.90884024919879,327.89285714285705,-0.8755033600465651,352.4372830418293,337.05500000000006,321.67271695817084,30.76,0.0
112,327.75,2020-04-15 15:15:00+05:30,328.05,326.95,327.2,1392096,32.62201045171456,327.5928571428571,1.7131702025157693,351.32190712648793,336.1075000000001,320.8930928735122,30.43,-0.0
113,328.5,2020-04-15 15:25:00+05:30,328.75,327.5,327.8,411129,34.79837258716283,327.8214285714285,2.1763621354482723,349.631718321926,335.1350000000001,320.63828167807424,28.99,-1.0
114,320.8,2020-04-16 09:15:00+05:30,325.6,319.45,325.3,2788235,25.641134667838372,326.65,-9.157237919324459,348.5526476625605,333.8275000000001,319.1023523374397,29.45,0.0
115,324.5,2020-04-16 09:25:00+05:30,325.1,320.95,320.95,1855663,34.55340412418708,326.15,8.91226945634871,347.32172232660906,332.8525000000001,318.3832776733911,28.94,-1.0
116,328.25,2020-04-16 09:35:00+05:30,331.55,324.2,324.45,2659814,42.12458928754892,326.4,7.571185163361839,345.64457329395907,332.06000000000006,318.47542670604105,27.17,-2.0
117,326.65,2020-04-16 09:45:00+05:30,330.2,326.0,328.1,1721795,39.998442315194644,326.2285714285714,-2.1261469723542774,344.41528246918557,331.3350000000001,318.2547175308146,26.16,-1.0
118,325.65,2020-04-16 09:55:00+05:30,328.0,325.0,326.7,1184249,38.68425713659555,326.0142857142857,-1.3141851785990966,342.4861831679619,330.45500000000004,318.4238168320382,24.06,-2.0
119,327.9,2020-04-16 10:05:00+05:30,329.0,325.35,325.6,955410,43.20578092501316,326.0357142857143,4.5215237884176105,340.18448847280206,329.69500000000005,319.20551152719804,20.98,-3.0
120,328.95,2020-04-16 10:15:00+05:30,329.45,326.8,327.9,1114555,45.235353468719005,326.09999999999997,2.0295725437058465,338.92874316830705,329.2325,319.536256831693,19.39,-2.0
121,328.55,2020-04-16 10:25:00+05:30,329.8,326.9,328.85,1189730,44.58175209705778,327.20714285714286,-0.6536013716612246,336.60565902031504,328.61500000000007,320.6243409796851,15.98,-3.0
122,328.7,2020-04-16 10:35:00+05:30,329.8,327.4,328.4,804230,44.90324908381754,327.8071428571428,0.3214969867597617,334.5084044063627,328.11,321.71159559363736,12.8,-3.0
123,329.4,2020-04-16 10:45:00+05:30,330.15,328.15,328.7,1121651,46.46409743161284,327.97142857142853,1.5608483477953001,332.74305523232886,327.7425,322.74194476767116,10.0,-3.0
124,329.85,2020-04-16 10:55:00+05:30,330.45,328.7,329.4,1131468,47.49387597178531,328.4285714285714,1.0297785401724653,331.7201994859068,327.535,323.34980051409326,8.37,-2.0
125,333.1,2020-04-16 11:05:00+05:30,334.45,329.5,329.75,1817354,54.326924371252815,329.4928571428571,6.833048399467508,332.47204599660296,327.69750000000005,322.92295400339714,9.55,1.0
126,335.95,2020-04-16 11:15:00+05:30,336.55,332.6,333.15,1978918,59.325773423204794,330.642857142857,4.998849051951979,334.16148024506737,328.15000000000003,322.1385197549327,12.02,2.0
127,336.4,2020-04-16 11:25:00+05:30,338.15,334.55,335.9,1910148,60.06891777716645,331.70714285714274,0.7431443539616538,335.5725396694714,328.52000000000004,321.4674603305287,14.11,2.0
128,337.3,2020-04-16 11:35:00+05:30,337.9,335.25,336.35,1197423,61.58079636559251,332.95714285714274,1.5118785884260646,337.0472642764394,328.985,320.9227357235606,16.12,2.0
129,336.1,2020-04-16 11:45:00+05:30,337.5,335.6,337.3,944157,58.40550876735792,334.0142857142856,-3.17528759823459,338.03164891799616,329.46500000000003,320.8983510820039,17.13,1.0
130,338.9,2020-04-16 11:55:00+05:30,339.5,335.75,336.1,1305388,63.17665251192016,335.3714285714285,4.771143744562238,339.5198141225812,330.01750000000004,320.5151858774189,19.0,2.0
131,340.0,2020-04-16 12:05:00+05:30,340.9,337.65,338.75,1358642,64.88096263989794,336.8214285714285,1.7043101279777844,341.04286037051827,330.66,320.2771396294818,20.77,2.0
132,341.4,2020-04-16 12:15:00+05:30,341.6,339.25,340.0,1291693,66.97592422865077,338.0071428571428,2.094961588752824,342.67137670373444,331.34250000000003,320.0136232962656,22.66,2.0
133,339.95,2020-04-16 12:25:00+05:30,341.65,339.65,341.5,1020297,62.79760883688839,338.57857142857137,-4.178315391762382,343.78344999412957,331.915,320.0465500058705,23.74,1.0
134,338.75,2020-04-16 12:35:00+05:30,340.5,337.6,339.95,1366326,59.489926003500074,338.91428571428565,-3.307682833388313,343.8258830071942,332.8125,321.7991169928058,22.03,-2.0
135,337.2,2020-04-16 12:45:00+05:30,339.0,335.0,338.75,2109264,55.428757311320325,338.8999999999999,-4.0611686921797485,343.89271925395315,333.4475,323.00228074604684,20.89,-1.0
136,338.25,2020-04-16 12:55:00+05:30,339.45,336.35,337.2,1322005,57.54320568032861,339.20714285714274,2.1144483690082865,344.3021315596857,333.9475,323.5928684403143,20.71,-0.0
137,337.9,2020-04-16 13:05:00+05:30,339.2,337.4,338.3,580973,56.579673535267055,339.06428571428563,-0.9635321450615564,344.4076658598723,334.51,324.6123341401277,19.8,-1.0
138,337.65,2020-04-16 13:15:00+05:30,338.55,336.05,338.0,716682,55.860173068103435,338.72857142857134,-0.7195004671636198,344.16524564460894,335.11,326.0547543553911,18.11,-2.0
139,337.6,2020-04-16 13:25:00+05:30,338.5,337.0,337.6,527432,55.707592330229026,338.1857142857142,-0.15258073787440907,344.0429770234934,335.595,327.14702297650666,16.9,-1.0
140,340.0,2020-04-16 13:35:00+05:30,340.9,337.45,337.5,1491880,61.187740280535074,338.19285714285706,5.480147950306048,344.2018205143183,336.14750000000004,328.0931794856818,16.11,-1.0
141,340.25,2020-04-16 13:45:00+05:30,340.9,339.4,339.95,930934,61.71906374562004,338.4071428571428,0.5313234650849665,344.1367146603702,336.7325,329.3282853396298,14.81,-1.0
142,339.85,2020-04-16 13:55:00+05:30,340.3,338.4,340.3,1033719,60.29677165905395,338.7857142857142,-1.4222920865660882,343.76892128773244,337.2900000000001,330.8110787122677,12.96,-2.0
143,340.6,2020-04-16 14:05:00+05:30,340.65,339.2,339.8,875272,62.062112482298446,339.1214285714285,1.7653408232444932,343.31414147925034,337.8500000000001,332.3858585207498,10.93,-2.0
144,344.1,2020-04-16 14:15:00+05:30,344.85,340.65,340.65,3046396,68.99124069260776,340.00714285714275,6.929128210309315,343.302683762816,338.5625000000001,333.8223162371842,9.48,-1.0
145,342.5,2020-04-16 14:25:00+05:30,347.65,342.5,344.25,2649520,63.299533093301356,340.6999999999999,-5.691707599306405,343.3361428877481,339.0325000000001,334.72885711225206,8.61,-1.0
146,343.55,2020-04-16 14:35:00+05:30,344.4,341.55,342.8,1347394,65.32145110909184,341.5499999999999,2.021918015790483,343.9079801862832,339.4125000000001,334.91701981371693,8.99,0.0
147,343.85,2020-04-16 14:45:00+05:30,345.4,343.2,343.6,939845,65.89950623813462,342.0999999999999,0.5780551290427809,344.46047914797623,339.78500000000014,335.10952085202405,9.35,0.0
148,341.8,2020-04-16 14:55:00+05:30,344.25,340.0,343.85,2306006,58.699098886267706,342.3214285714285,-7.2004073518669145,344.6145286632324,340.0100000000001,335.4054713367678,9.21,-0.0
149,341.9,2020-04-16 15:05:00+05:30,345.0,340.0,341.9,2553395,58.93480973289582,342.6142857142857,0.23571084662811614,344.58731298502704,340.30000000000007,336.0126870149731,8.57,-1.0
150,342.95,2020-04-16 15:15:00+05:30,344.8,341.55,341.9,2505182,61.42428603077699,342.94999999999993,2.4894762978811684,344.8927373751916,340.5025000000001,336.11226262480864,8.78,0.0
151,342.85,2020-04-16 15:25:00+05:30,343.7,341.65,342.95,763286,61.04472841789201,342.77142857142854,-0.37955761288498024,345.1500731637266,340.6450000000001,336.1399268362736,9.01,0.0
152,361.0,2020-04-17 09:15:00+05:30,362.15,356.35,362.0,3327439,82.35570190237362,345.41428571428565,21.310973484481615,351.7915343678481,341.6250000000001,331.4584656321521,20.33,11.0
153,361.45,2020-04-17 09:25:00+05:30,363.55,358.75,360.75,2220092,82.60971973219986,347.9714285714285,0.254017829826239,356.14043389023965,342.70000000000016,329.25956610976067,26.88,7.0
154,360.65,2020-04-17 09:35:00+05:30,361.7,359.0,361.45,1206121,80.3938471529848,350.3714285714285,-2.215872579215059,359.29158366425213,343.79500000000013,328.29841633574813,30.99,4.0
155,363.65,2020-04-17 09:45:00+05:30,365.0,360.3,360.5,2015147,82.31010856085214,353.4928571428571,1.9162614078673386,362.62798633188,345.1175000000001,327.60701366812026,35.02,4.0
156,363.5,2020-04-17 09:55:00+05:30,364.3,360.55,363.75,1575440,81.87919454630224,356.5785714285713,-0.43091401454989864,365.3830856220221,346.3800000000001,327.3769143779781,38.01,3.0
157,360.5,2020-04-17 10:05:00+05:30,364.5,358.25,363.65,2050312,73.58212982830963,359.08571428571423,-8.297064717992612,367.0695339520414,347.5100000000001,327.9504660479588,39.12,1.0
158,361.5,2020-04-17 10:15:00+05:30,364.0,359.5,360.5,1477206,74.50937551071542,361.74999999999994,0.9272456824057826,368.6355055567726,348.70250000000016,328.7694944432277,39.87,1.0
159,355.75,2020-04-17 10:25:00+05:30,361.9,353.9,361.35,2736971,61.20646061892875,360.99999999999994,-13.302914891786664,369.0615484433018,349.6100000000001,330.1584515566985,38.9,-1.0
160,354.55,2020-04-17 10:35:00+05:30,357.95,351.3,355.45,3002446,58.84519428599412,360.0142857142857,-2.3612663329346333,369.35931227184403,350.33750000000015,331.31568772815626,38.04,-1.0
161,351.55,2020-04-17 10:45:00+05:30,355.15,349.2,354.7,2620033,53.30828842677633,358.7142857142857,-5.536905859217789,369.32455414570757,350.90250000000015,332.4804458542927,36.84,-1.0
162,353.4,2020-04-17 10:55:00+05:30,355.75,351.8,351.9,1546684,56.05433165308841,357.25,2.746043226312082,369.272799605906,351.5800000000001,333.8872003940942,35.39,-1.0
163,355.05,2020-04-17 11:05:00+05:30,356.85,352.1,353.4,1235606,58.40404853514489,356.04285714285714,2.3497168820564767,369.2727983567114,352.3025000000001,335.33220164328884,33.94,-1.0
164,356.2,2020-04-17 11:15:00+05:30,359.6,354.9,355.2,1797883,60.00899432756728,355.42857142857144,1.6049457924223915,369.5051940376798,352.9075000000001,336.30980596232035,33.2,-1.0
165,354.7,2020-04-17 11:25:00+05:30,356.95,353.5,356.25,1187696,56.92380830383376,354.45714285714286,-3.0851860237335202,369.38538464660314,353.51750000000004,337.64961535339694,31.74,-1.0
166,353.75,2020-04-17 11:35:00+05:30,355.3,353.25,354.6,852766,54.99535963795766,354.1714285714285,-1.9284486658760969,369.1863249440456,354.02750000000003,338.86867505595444,30.32,-1.0
167,353.2,2020-04-17 11:45:00+05:30,353.65,351.2,353.65,1271573,53.85776835149136,353.97857142857134,-1.1375912864663036,368.8896956604822,354.495,340.10030433951783,28.79,-2.0
168,351.25,2020-04-17 11:55:00+05:30,354.9,350.0,353.4,1550030,49.915449034607775,353.9357142857142,-3.9423193168835837,368.1794274262236,354.96750000000003,341.7555725737765,26.42,-2.0
169,353.1,2020-04-17 12:05:00+05:30,353.4,350.0,351.2,897338,53.400480346161764,353.892857142857,3.485031311553989,367.2756678302802,355.52750000000003,343.77933216971985,23.5,-3.0
170,352.95,2020-04-17 12:15:00+05:30,354.9,352.05,353.2,860585,53.07798641009481,353.592857142857,-0.3224939360669552,366.2774537868026,356.02750000000003,345.77754621319747,20.5,-3.0
171,351.4,2020-04-17 12:25:00+05:30,354.3,350.6,352.85,925056,49.73551189962657,352.90714285714273,-3.342474510468236,364.9545913214454,356.45500000000004,347.9554086785547,17.0,-4.0
172,352.65,2020-04-17 12:35:00+05:30,353.0,351.0,351.45,633311,52.341981390720676,352.6142857142856,2.606469491094103,364.41653869627623,356.0375,347.6584613037238,16.76,-0.0
173,355.0,2020-04-17 12:45:00+05:30,355.6,352.65,352.9,1119652,56.87004877799565,352.79285714285703,4.528067387274973,363.7043415840968,355.71500000000003,347.72565841590324,15.98,-1.0
174,353.8,2020-04-17 12:55:00+05:30,356.4,353.25,355.0,1234781,54.04620806809323,352.8785714285714,-2.82384070990242,363.0523763010878,355.37250000000006,347.6926236989123,15.36,-1.0
175,352.9,2020-04-17 13:05:00+05:30,355.0,352.2,353.95,738827,51.96224302050845,353.1142857142857,-2.083965047584776,361.51530097021396,354.83500000000004,348.1546990297861,13.36,-2.0
176,353.9,2020-04-17 13:15:00+05:30,354.0,351.0,353.0,1177898,54.08090044345249,353.2285714285714,2.1186574229440396,359.6496745837094,354.355,349.06032541629065,10.59,-3.0
177,355.45,2020-04-17 13:25:00+05:30,355.9,353.55,354.0,1021316,57.22964381851619,353.5857142857143,3.1487433750636953,358.5822174487977,354.1025,349.62278255120236,8.96,-2.0
178,356.15,2020-04-17 13:35:00+05:30,357.9,354.1,355.55,1522513,58.60999751070958,354.2642857142857,1.3803536921933954,356.85634511696344,353.835,350.8136548830365,6.04,-3.0
179,357.85,2020-04-17 13:45:00+05:30,358.4,355.35,356.25,1076076,61.83170317026554,355.0071428571428,3.2217056595559583,357.36108016183397,353.94,350.518919838166,6.84,1.0
180,361.75,2020-04-17 13:55:00+05:30,361.9,357.15,357.85,2453248,67.98781017425148,355.97142857142853,6.156107003985937,359.1909153163379,354.3,349.4090846836621,9.78,3.0
181,362.75,2020-04-17 14:05:00+05:30,364.0,361.0,361.75,2780284,69.35275439525032,357.24999999999994,1.3649442209988365,360.8633850100553,354.86,348.8566149899447,12.01,2.0
182,364.65,2020-04-17 14:15:00+05:30,366.0,361.55,362.8,2413501,71.81200085355431,358.9285714285714,2.459246458303994,362.8006665815616,355.4225,348.04433341843844,14.76,3.0
183,363.55,2020-04-17 14:25:00+05:30,365.9,362.25,364.65,1623659,68.3903987119341,360.3071428571428,-3.4216021416202125,364.06663524712513,355.84749999999997,347.6283647528748,16.44,2.0
184,364.75,2020-04-17 14:35:00+05:30,365.5,362.2,363.65,1550596,70.06599925007006,361.63571428571424,1.675600538135967,365.4097514586077,356.275,347.1402485413923,18.27,2.0
185,366.85,2020-04-17 14:45:00+05:30,369.0,364.8,364.95,2489988,72.78484755180479,363.16428571428565,2.718848301734724,367.1250980976256,356.88250000000005,346.6399019023745,20.49,2.0
186,374.15,2020-04-17 14:55:00+05:30,375.0,366.7,366.8,4314662,79.6905352998583,365.49285714285713,6.905687748053509,370.6003852362782,357.90250000000003,345.20461476372185,25.4,5.0
187,376.2,2020-04-17 15:05:00+05:30,376.2,372.15,374.15,3731694,81.13797402793068,367.5571428571428,1.4474387280723846,373.9352514080459,359.0525,344.16974859195415,29.77,4.0
188,376.8,2020-04-17 15:15:00+05:30,381.9,376.2,376.2,3336203,81.5523782483715,369.5642857142857,0.41440422044081515,376.70431878856283,360.33000000000004,343.95568121143725,32.75,3.0
189,375.4,2020-04-17 15:25:00+05:30,377.0,374.0,376.8,1243201,77.28563900784555,371.09999999999997,-4.2667392405259505,378.7565689945377,361.445,344.1334310054623,34.62,2.0
190,375.0,2020-04-20 09:15:00+05:30,376.5,369.4,376.0,4154752,76.06119409935488,372.7357142857142,-1.2244449084906677,380.38178026671073,362.5475,344.7132197332893,35.67,1.0
191,375.1,2020-04-20 09:25:00+05:30,378.9,374.15,374.9,3525500,76.16287025096723,374.21428571428567,0.10167615161235233,381.59752831909634,363.7325,345.8674716809037,35.73,0.0
192,372.35,2020-04-20 09:35:00+05:30,375.25,371.05,374.95,2053154,67.65303280884575,374.99999999999994,-8.50983744212148,382.17747754263974,364.7175000000001,347.25752245736044,34.92,-1.0
193,373.0,2020-04-20 09:45:00+05:30,374.9,370.8,371.65,1288271,68.54756821941874,374.83571428571423,0.8945354105729848,382.8222201295706,365.61750000000006,348.4127798704295,34.41,-1.0
194,373.2,2020-04-20 09:55:00+05:30,374.0,371.1,373.0,1018312,68.83316805336,374.4071428571428,0.2855998339412622,383.162905845631,366.58750000000003,350.0120941543691,33.15,-1.0
195,372.7,2020-04-20 10:05:00+05:30,373.75,371.3,373.35,819032,67.1905499335327,373.82142857142844,-1.6426181198273042,383.03846868348126,367.57750000000004,352.11653131651883,30.92,-2.0
196,372.3,2020-04-20 10:15:00+05:30,372.9,371.25,372.75,739566,65.83697168291243,373.3785714285713,-1.3535782506202594,382.66750074285954,368.49750000000006,354.3274992571406,28.34,-3.0
197,375.7,2020-04-20 10:25:00+05:30,376.45,372.1,372.2,1441483,71.15602032342866,373.4785714285713,5.319048640516229,382.6078744760165,369.5100000000001,356.4121255239837,26.2,-2.0
198,375.1,2020-04-20 10:35:00+05:30,376.2,374.15,375.7,865836,69.11107241466385,373.4785714285713,-2.0449479087648115,382.15263056564044,370.4575000000001,358.76236943435975,23.39,-3.0
199,375.9,2020-04-20 10:45:00+05:30,376.0,374.7,375.25,597753,70.33522371062088,373.98571428571415,1.2241512959570287,381.6614357711621,371.36000000000007,361.05856422883807,20.6,-3.0
200,376.85,2020-04-20 10:55:00+05:30,378.0,375.9,375.95,1050827,71.76616068763997,374.53571428571416,1.430936977019087,381.6345698708674,372.1150000000001,362.59543012913286,19.04,-2.0
201,375.0,2020-04-20 11:05:00+05:30,377.45,374.45,376.9,863518,65.17318904515662,374.79285714285703,-6.592971642483349,381.23226491831485,372.7275000000001,364.2227350816853,17.01,-2.0
202,372.15,2020-04-20 11:15:00+05:30,375.05,372.15,375.05,1161051,56.553720472921235,374.71428571428567,-8.619468572235384,380.7230729167141,373.1025000000001,365.48192708328605,15.24,-2.0
203,370.1,2020-04-20 11:25:00+05:30,373.5,370.1,372.2,1108563,51.29829223891624,374.3999999999999,-5.255428234004995,379.7789244841369,373.4300000000001,367.08107551586335,12.7,-3.0
204,370.0,2020-04-20 11:35:00+05:30,372.4,368.55,370.25,1939223,51.04908211051266,373.58571428571423,-0.2492101284035826,378.85331133972363,373.6925000000001,368.5316886602766,10.32,-2.0
205,372.65,2020-04-20 11:45:00+05:30,372.8,369.4,370.0,880481,57.00936892925934,373.2357142857142,5.960286818746681,378.0631700946122,373.9825000000001,369.90182990538796,8.16,-2.0
206,371.15,2020-04-20 11:55:00+05:30,372.65,370.35,372.6,724426,53.07034770431277,372.5571428571428,-3.939021224946565,378.1033651902974,373.8325000000001,369.5616348097028,8.54,0.0
207,371.9,2020-04-20 12:05:00+05:30,372.45,370.95,371.1,664058,54.75371805077093,371.84999999999997,1.6833703464581546,377.8189126696936,373.61750000000006,369.41608733030654,8.4,-0.0
208,372.0,2020-04-20 12:15:00+05:30,372.25,371.0,371.9,536448,54.98556827905381,371.4214285714285,0.23185022828288027,377.35592536954783,373.37750000000005,369.3990746304523,7.96,-0.0
209,371.6,2020-04-20 12:25:00+05:30,373.2,371.5,372.0,816083,53.79806194246741,371.3428571428571,-1.1875063365863952,377.12194639321245,373.1875000000001,369.2530536067878,7.87,-0.0
210,368.5,2020-04-20 12:35:00+05:30,371.9,367.7,371.65,1409988,45.58194749402084,371.1142857142857,-8.216114448446575,377.217880822072,372.86250000000007,368.50711917792813,8.71,1.0
211,369.2,2020-04-20 12:45:00+05:30,369.5,366.1,368.5,1586043,47.53056788551542,370.99999999999994,1.948620391494579,377.08113723095255,372.56750000000005,368.05386276904756,9.03,0.0
212,369.15,2020-04-20 12:55:00+05:30,370.2,367.85,369.1,911325,47.40000513697963,370.49999999999994,-0.13056274853578742,377.1734179267188,372.4075,367.64158207328126,9.53,0.0
213,370.4,2020-04-20 13:05:00+05:30,371.4,368.45,369.4,1035655,51.022187854062345,370.39285714285705,3.6221827170827154,377.1166468365067,372.27750000000003,367.4383531634934,9.68,0.0
214,373.0,2020-04-20 13:15:00+05:30,373.75,369.85,370.4,1165730,57.567512112364454,370.5499999999999,6.545324258302109,377.0994414208728,372.26750000000004,367.4355585791273,9.66,-0.0
215,372.55,2020-04-20 13:25:00+05:30,373.0,371.2,372.75,702165,56.16841517863634,370.6285714285714,-1.3990969337281172,377.0895799098133,372.26000000000005,367.4304200901868,9.66,0.0
216,371.4,2020-04-20 13:35:00+05:30,372.7,370.1,372.35,866772,52.64702469584521,370.59999999999997,-3.5213904827911264,377.0597584264373,372.21500000000003,367.37024157356274,9.69,0.0
217,370.8,2020-04-20 13:45:00+05:30,373.0,370.8,371.5,839589,50.85559866539472,370.92857142857144,-1.7914260304504879,376.5616858502491,371.97,367.37831414975096,9.18,-1.0
218,371.05,2020-04-20 13:55:00+05:30,371.3,369.6,370.65,878730,51.59467891192781,371.1928571428572,0.739080246533085,376.12944970892227,371.76750000000004,367.4055502910778,8.72,-0.0
219,371.6,2020-04-20 14:05:00+05:30,372.5,370.7,371.15,620564,53.26005789776009,371.54285714285714,1.6653789858322838,375.4566779241176,371.55250000000007,367.6483220758825,7.81,-1.0
220,373.8,2020-04-20 14:15:00+05:30,375.8,371.55,371.6,1710152,59.29305552531866,372.02857142857147,6.032997627558565,374.60936130717766,371.40000000000003,368.1906386928224,6.42,-1.0
221,375.7,2020-04-20 14:25:00+05:30,377.5,373.65,373.8,1764957,63.65612221579252,372.4142857142857,4.363066690473865,374.8201222476579,371.43500000000006,368.04987775234224,6.77,0.0
222,374.25,2020-04-20 14:35:00+05:30,376.35,373.4,375.75,1069557,58.5026714727355,372.65714285714284,-5.1534507430570216,375.1418416342066,371.5400000000001,367.9381583657935,7.2,0.0
223,363.1,2020-04-20 14:45:00+05:30,374.35,363.0,374.35,4691661,35.02264956887805,371.47142857142853,-23.48002190385745,376.3878335568023,371.19000000000005,365.9921664431978,10.4,3.0
224,362.6,2020-04-20 14:55:00+05:30,365.8,360.8,363.25,3805526,34.356741034025234,370.2999999999999,-0.665908534852818,377.27579299218183,370.82000000000005,364.36420700781827,12.91,3.0
225,360.4,2020-04-20 15:05:00+05:30,362.95,357.0,362.6,3351360,31.517185478933072,368.77857142857135,-2.8395555550921614,378.0974186174183,370.2075000000001,362.31758138258186,15.78,3.0
226,362.1,2020-04-20 15:15:00+05:30,363.4,360.5,360.5,2190226,35.924189443378125,367.42142857142846,4.407003964445053,378.41755705533035,369.7550000000001,361.09244294466987,17.33,2.0
227,361.15,2020-04-20 15:25:00+05:30,363.6,361.15,362.1,802859,34.58480117394335,365.6142857142856,-1.339388269434778,378.62193764232785,369.2175000000001,359.8130623576723,18.81,1.0
228,340.1,2020-04-21 09:15:00+05:30,344.3,339.15,341.0,4843638,18.30195788793293,360.52857142857135,-16.28284328601042,383.578441806969,367.6225000000001,351.6665581930312,31.91,13.0
229,339.85,2020-04-21 09:25:00+05:30,341.25,337.45,339.85,3036859,18.192409052757824,355.6142857142856,-0.10954883517510439,386.1106490358479,366.03500000000014,345.95935096415235,40.15,8.0
230,341.0,2020-04-21 09:35:00+05:30,342.1,339.35,339.85,1705841,20.548303888971773,352.45714285714274,2.355894836213949,387.58901173071763,364.66000000000014,341.73098826928265,45.86,6.0
231,340.55,2020-04-21 09:45:00+05:30,341.3,339.35,341.15,854202,20.301927589634246,349.3071428571428,-0.24637629933752692,388.4294313169702,363.22750000000013,338.0255686830301,50.4,5.0
232,339.95,2020-04-21 09:55:00+05:30,342.55,339.8,340.5,1604727,19.958314087666864,346.3857142857142,-0.3436135019673827,388.8386980369897,361.76750000000015,334.6963019630106,54.14,4.0
233,338.45,2020-04-21 10:05:00+05:30,340.4,338.0,339.75,1558695,19.088494247122668,343.00714285714275,-0.8698198405441957,388.82101082078356,360.1700000000002,331.5189891792168,57.3,3.0
234,338.6,2020-04-21 10:15:00+05:30,339.3,337.3,338.65,1127962,19.46647254261194,339.78571428571416,0.377978295489271,387.974904741591,358.45000000000016,328.9250952584093,59.05,2.0
235,337.05,2020-04-21 10:25:00+05:30,338.7,336.0,338.6,1268945,18.50450762250965,339.3499999999999,-0.9619649201022895,386.8910901716814,356.6750000000002,326.45890982831895,60.43,1.0
236,337.6,2020-04-21 10:35:00+05:30,338.0,336.25,337.2,801473,20.01492374009942,339.02857142857135,1.5104161175897701,385.5126940705188,354.98500000000024,324.45730592948166,61.06,1.0
237,337.55,2020-04-21 10:45:00+05:30,338.5,337.0,337.7,989897,19.97867260151797,338.5357142857142,-0.03625113858144857,383.8453210567632,353.3225000000002,322.7996789432372,61.05,-0.0
238,337.2,2020-04-21 10:55:00+05:30,337.75,336.0,337.65,900884,19.709564077577966,338.05714285714276,-0.2691085239400053,381.76542066982637,351.6300000000002,321.4945793301741,60.27,-1.0
239,336.25,2020-04-21 11:05:00+05:30,337.3,336.1,337.3,325261,18.96293214628254,337.52857142857135,-0.7466319312954255,379.20241129395026,349.8625000000002,320.5225887060501,58.68,-2.0
240,335.4,2020-04-21 11:15:00+05:30,336.3,334.0,336.25,1408048,18.295134103953274,337.0928571428571,-0.6677980423292667,375.66813463276367,347.94250000000017,320.21686536723666,55.45,-3.0
241,332.1,2020-04-21 11:25:00+05:30,335.5,331.6,335.3,1557242,15.947115716094444,336.16428571428565,-2.348018387858829,371.04754602787204,345.76250000000016,320.4774539721283,50.57,-5.0
242,334.0,2020-04-21 11:35:00+05:30,334.7,330.7,332.05,1978043,22.14279660058878,335.72857142857134,6.195680884494337,365.6716307499436,343.75000000000017,321.82836925005677,43.84,-7.0
243,334.25,2020-04-21 11:45:00+05:30,335.45,333.2,333.95,1139955,22.947607114767422,335.24999999999994,0.8048105141786408,362.6045642160265,342.3075000000002,322.01043578397383,40.59,-3.0
244,336.6,2020-04-21 11:55:00+05:30,337.5,334.1,334.25,1379567,30.246749399685328,335.1142857142856,7.299142284917906,359.03584829110235,341.00750000000016,322.979151708898,36.06,-5.0
245,335.55,2020-04-21 12:05:00+05:30,336.7,334.95,336.7,870885,28.928151142940578,334.8785714285714,-1.3185982567447496,355.4372382776555,339.7650000000002,324.0927617223449,31.34,-5.0
246,336.45,2020-04-21 12:15:00+05:30,337.0,335.25,335.55,748345,31.677533973382722,334.9071428571428,2.749382830442144,350.14378434742963,338.4825000000002,326.82121565257074,23.32,-8.0
247,335.05,2020-04-21 12:25:00+05:30,336.55,334.0,336.55,1486041,29.74961339542726,334.8571428571428,-1.9279205779554616,341.9862064679354,337.1775000000002,332.36879353206496,9.62,-14.0
248,334.0,2020-04-21 12:35:00+05:30,336.0,333.7,335.0,784806,28.35573578772285,335.1285714285714,-1.393877607704411,341.67452534025466,336.8725000000002,332.0704746597457,9.6,-0.0
249,333.45,2020-04-21 12:45:00+05:30,334.9,333.0,333.95,936430,27.62558448548384,335.0499999999999,-0.7301513022390083,341.372029896274,336.5525000000001,331.73297010372625,9.64,0.0
250,333.25,2020-04-21 12:55:00+05:30,334.5,333.0,333.45,773460,27.349794809230843,334.9071428571428,-0.2757896762529981,340.7177435337648,336.16500000000013,331.61225646623546,9.11,-1.0
251,333.3,2020-04-21 13:05:00+05:30,333.5,332.25,333.25,762725,27.544538031443537,334.43571428571425,0.19474322221269347,340.0279211873555,335.8025000000001,331.57707881264474,8.45,-1.0
252,330.25,2020-04-21 13:15:00+05:30,333.4,330.2,333.1,1215280,23.42039079094924,333.6785714285714,-4.124147240494295,339.7596752613622,335.31750000000017,330.87532473863814,8.88,0.0
253,333.05,2020-04-21 13:25:00+05:30,333.5,330.0,330.6,1465994,33.29460421331818,333.1928571428571,9.874213422368939,339.34198544801177,335.0475000000002,330.7530145519886,8.59,-0.0
254,332.15,2020-04-21 13:35:00+05:30,334.0,332.1,333.25,916115,31.872050949030154,332.7785714285714,-1.4225532642880268,338.8620597237557,334.72500000000014,330.5879402762446,8.27,-0.0
255,332.0,2020-04-21 13:45:00+05:30,333.25,331.3,332.15,885990,31.629490321981805,332.49285714285713,-0.24256062704834846,338.6284690744031,334.47250000000014,330.3165309255972,8.31,0.0
256,332.1,2020-04-21 13:55:00+05:30,333.2,331.6,332.0,625063,32.001030726598344,332.3,0.3715404046165389,338.207418623669,334.1975000000001,330.1875813763312,8.02,-0.0
257,332.4,2020-04-21 14:05:00+05:30,333.0,332.05,332.1,408406,33.17427076931827,332.17857142857144,1.1732400427199252,337.69690241948075,333.9400000000001,330.1830975805195,7.51,-1.0
258,335.5,2020-04-21 14:15:00+05:30,335.85,332.3,332.45,1272056,43.938322131782506,332.49285714285713,10.764051362464237,337.37051448657087,333.85500000000013,330.3394855134294,7.03,-0.0
259,337.05,2020-04-21 14:25:00+05:30,338.15,335.1,335.6,1587198,48.412670444639794,333.4642857142857,4.474348312857288,337.54103605953026,333.8950000000001,330.24896394046993,7.29,0.0
260,333.75,2020-04-21 14:35:00+05:30,337.35,333.65,337.05,1160176,40.923941987593565,333.5642857142857,-7.4887284570462285,337.38916045355535,333.8125000000001,330.2358395464449,7.15,-0.0
261,333.9,2020-04-21 14:45:00+05:30,336.0,332.5,333.75,1324322,41.36790466481465,333.8142857142857,0.4439626772210872,337.38712412078894,333.9025000000001,330.41787587921124,6.97,-0.0
262,334.45,2020-04-21 14:55:00+05:30,335.55,332.8,333.9,1331186,43.05766963934961,334.16428571428565,1.6897649745349597,337.41807585766395,333.92500000000007,330.4319241423362,6.99,0.0
263,331.55,2020-04-21 15:05:00+05:30,335.0,331.5,334.5,1737135,37.00231268159759,334.0857142857143,-6.055356957752025,337.4355596639178,333.7900000000001,330.14444033608237,7.29,0.0
264,329.35,2020-04-21 15:15:00+05:30,332.95,329.1,331.6,2275535,33.18907604717721,333.65,-3.8132366344203774,337.329385509128,333.4275000000001,329.5256144908723,7.8,1.0
265,329.45,2020-04-21 15:25:00+05:30,330.0,328.05,329.35,894388,33.52441888332656,332.7857142857142,0.33534283614935134,337.27162482845864,333.12250000000006,328.9733751715415,8.3,1.0
266,327.55,2020-04-22 09:15:00+05:30,328.8,323.6,326.0,2913141,30.402059791275917,331.4285714285714,-3.122359092050644,337.2148856372453,332.6775000000001,328.14011436275496,9.07,1.0
267,329.4,2020-04-22 09:25:00+05:30,329.5,326.0,327.6,1574409,36.59436374181573,330.8071428571428,6.192303950539809,337.0132589565226,332.3950000000001,327.7767410434776,9.24,0.0
268,326.7,2020-04-22 09:35:00+05:30,331.5,326.7,329.75,1717957,32.10481428434527,329.77857142857135,-4.48954945747046,337.2312549093086,332.0300000000001,326.8287450906916,10.4,1.0
269,325.4,2020-04-22 09:45:00+05:30,327.0,324.0,326.9,1700564,30.1846475551705,328.4857142857142,-1.9201667291747668,337.5605009270206,331.62750000000005,325.6944990729795,11.87,1.0
270,325.15,2020-04-22 09:55:00+05:30,326.65,323.05,325.35,1355369,29.8153385788642,327.5714285714285,-0.3693089763063,337.763824105459,331.2225,324.68117589454107,13.08,1.0
271,325.15,2020-04-22 10:05:00+05:30,325.8,323.6,324.95,677067,29.8153385788642,326.97142857142853,0.0,337.8110214257463,330.815,323.8189785742537,13.99,1.0
272,325.35,2020-04-22 10:15:00+05:30,325.95,324.4,325.05,532677,30.60311519201487,326.38571428571424,0.7877766131506689,337.9802631532239,330.57000000000005,323.1597368467762,14.82,1.0
273,327.95,2020-04-22 10:25:00+05:30,328.0,325.0,325.3,998672,40.027275951129205,326.44285714285706,9.424160759114336,337.716927202818,330.315,322.913072797182,14.8,-0.0
274,333.5,2020-04-22 10:35:00+05:30,335.15,327.9,327.9,3501578,54.29540161739398,327.02857142857135,14.268125666264773,337.8789044012711,330.38250000000005,322.886095598729,14.99,0.0
275,331.0,2020-04-22 10:45:00+05:30,334.55,331.0,333.55,1542713,48.67751165410284,327.64285714285705,-5.617889963291141,337.7967498829968,330.33250000000004,322.8682501170033,14.93,-0.0
276,332.3,2020-04-22 10:55:00+05:30,333.35,330.6,331.0,887433,51.48840128085363,328.6285714285714,2.810889626750793,337.81724871959455,330.34250000000003,322.8677512804055,14.95,0.0
277,334.0,2020-04-22 11:05:00+05:30,334.0,331.85,332.3,800652,54.962191517972435,329.89285714285705,3.4737902371188056,338.0231561351135,330.4225,322.82184386488655,15.2,0.0
278,333.4,2020-04-22 11:15:00+05:30,336.4,333.2,334.0,1749504,53.505905324323514,331.0714285714285,-1.4562861936489213,337.6770104957374,330.3175,322.95798950426257,14.72,-0.0
279,330.7,2020-04-22 11:25:00+05:30,333.55,330.5,333.4,1177895,47.41731383814866,331.83571428571423,-6.088591486174856,336.6502868952776,330.0,323.3497131047224,13.3,-1.0
280,331.75,2020-04-22 11:35:00+05:30,333.0,329.15,330.7,1112973,49.80924704734444,332.3785714285714,2.391933209195784,336.37058119898506,329.9,323.4294188010149,12.94,-0.0
281,331.15,2020-04-22 11:45:00+05:30,332.9,330.6,331.7,603978,48.4528943359128,332.0428571428571,-1.35635271143164,335.98739695539535,329.7625,323.5376030446046,12.45,-0.0
282,332.2,2020-04-22 11:55:00+05:30,332.4,330.75,331.25,580674,50.96915028684999,332.21428571428567,2.516255950937186,335.59315174226657,329.65,323.7068482577334,11.89,-1.0
283,331.55,2020-04-22 12:05:00+05:30,333.5,331.55,332.4,661005,49.36273264644226,332.1071428571428,-1.6064176404077273,335.59315174226657,329.65,323.7068482577334,11.89,0.0
284,331.2,2020-04-22 12:15:00+05:30,332.6,331.1,331.7,407151,48.47675255916037,331.70714285714274,-0.8859800872818937,335.72345882121584,329.74249999999995,323.76154117878406,11.96,0.0
285,332.65,2020-04-22 12:25:00+05:30,332.9,331.0,331.2,477656,52.296703622653126,331.5999999999999,3.819951063492759,336.02015994134376,329.9025,323.7848400586562,12.24,0.0
286,331.7,2020-04-22 12:35:00+05:30,332.95,331.5,332.65,609260,49.696993224240444,331.7428571428571,-2.5997103984126824,336.1729678332806,330.10999999999996,324.0470321667193,12.13,-0.0
287,332.3,2020-04-22 12:45:00+05:30,332.45,331.25,331.75,409765,51.342181546763456,331.8214285714285,1.645188322523012,336.38481497102276,330.255,324.1251850289772,12.26,0.0
288,333.3,2020-04-22 12:55:00+05:30,334.0,331.8,332.25,779558,54.04013146673436,332.1285714285714,2.6979499199709025,336.61886059536,330.585,324.55113940463997,12.07,-0.0
289,330.85,2020-04-22 13:05:00+05:30,333.7,330.5,333.5,839527,47.14326697228418,331.93571428571425,-6.896864494450178,336.3756304042151,330.8575,325.33936959578494,11.04,-1.0
290,330.0,2020-04-22 13:15:00+05:30,331.45,328.4,330.95,1209862,44.99760068065738,331.71428571428567,-2.145666291626803,335.9475712855459,331.1,326.25242871445414,9.7,-1.0
291,327.35,2020-04-22 13:25:00+05:30,330.0,326.15,330.0,1511607,39.03294409423593,331.16428571428565,-5.964656586421448,335.5637763402685,331.2100000000001,326.8562236597317,8.71,-1.0
292,325.45,2020-04-22 13:35:00+05:30,327.85,324.7,327.25,1489001,35.40884353160148,330.1357142857142,-3.624100562634453,335.5405787565337,331.21500000000003,326.88942124346636,8.65,-0.0
293,326.0,2020-04-22 13:45:00+05:30,327.3,324.1,325.6,1671017,37.225797425462424,329.3214285714285,1.8169538938609477,335.8240771449198,331.11750000000006,326.41092285508034,9.41,1.0
294,328.0,2020-04-22 13:55:00+05:30,328.35,325.95,326.05,1381622,43.454800907755974,328.70714285714274,6.22900348229355,335.60532479207757,330.8425000000001,326.0796752079226,9.53,0.0
295,329.7,2020-04-22 14:05:00+05:30,330.85,327.7,328.1,1638732,48.163258585622934,328.192857142857,4.70845767786696,335.56668463558384,330.77750000000003,325.9883153644162,9.58,0.0
296,332.3,2020-04-22 14:15:00+05:30,333.5,329.55,329.6,1925303,54.415164522810755,328.3999999999999,6.251905937187821,335.56668463558384,330.77750000000003,325.9883153644162,9.58,0.0
297,332.95,2020-04-22 14:25:00+05:30,333.4,330.6,332.35,1085133,55.848810252500805,328.82142857142844,1.433645729690049,335.3867706146041,330.725,326.06322938539597,9.32,-0.0
298,336.45,2020-04-22 14:35:00+05:30,337.05,333.0,333.05,2052280,62.65883497321035,330.12142857142845,6.810024720709542,336.0763333711594,330.87750000000005,325.6786666288407,10.4,1.0
299,335.2,2020-04-22 14:45:00+05:30,338.0,335.2,336.85,1815811,59.149811340172285,331.51428571428556,-3.509023633038062,336.6470065273303,331.1025000000001,325.55799347266986,11.09,1.0
300,335.05,2020-04-22 14:55:00+05:30,336.85,334.85,335.15,1481866,58.72480880722567,332.80714285714276,-0.42500253294661405,337.08293092488714,331.26750000000004,325.45206907511295,11.63,1.0
301,336.5,2020-04-22 15:05:00+05:30,337.5,334.35,335.05,1817012,61.597316215416505,334.02142857142843,2.8725074081908346,337.80230026659075,331.5350000000001,325.2676997334094,12.53,1.0
302,336.0,2020-04-22 15:15:00+05:30,337.0,335.2,336.35,1693816,60.045503729976986,334.92142857142846,-1.5518124854395197,338.30003251943356,331.7250000000001,325.1499674805666,13.15,1.0
303,336.1,2020-04-22 15:25:00+05:30,336.8,335.9,336.0,655078,60.26113294983065,335.4642857142856,0.21562921985366756,338.8108007715989,331.9525000000001,325.0941992284013,13.72,1.0
304,342.45,2020-04-23 09:15:00+05:30,343.0,338.05,340.25,3319885,70.97367274081704,336.82142857142844,10.712539790986384,340.80863103770025,332.5150000000001,324.22136896229995,16.59,3.0
305,342.5,2020-04-23 09:25:00+05:30,345.0,341.8,342.7,2111033,71.03987280252336,337.6857142857142,0.06620006170632564,342.4281534023043,333.0075000000001,323.5868465976959,18.84,2.0
306,341.7,2020-04-23 09:35:00+05:30,343.75,340.7,342.65,1302142,68.35370563420051,338.6142857142856,-2.6861671683228536,343.66837827741546,333.5075000000001,323.34662172258476,20.32,1.0
307,342.8,2020-04-23 09:45:00+05:30,343.6,341.6,341.75,1033137,70.03166287153847,339.7214285714285,1.6779572373379636,344.98489819929057,334.03250000000014,323.0801018007097,21.9,2.0
308,343.15,2020-04-23 09:55:00+05:30,343.8,342.25,342.85,673904,70.56642553120281,340.67142857142846,0.534762659664338,346.2006832325736,334.5250000000001,322.84931676742656,23.35,1.0
309,342.4,2020-04-23 10:05:00+05:30,343.1,341.55,343.1,651456,67.77549498226841,341.58571428571423,-2.790930548934398,347.14949023342524,335.1025000000001,323.0555097665749,24.09,1.0
310,342.7,2020-04-23 10:15:00+05:30,343.0,341.75,342.4,741640,68.31531010351995,342.52857142857135,0.5398151212515359,347.98915402367464,335.73750000000007,323.4858459763255,24.5,0.0
311,343.2,2020-04-23 10:25:00+05:30,343.5,341.2,342.75,735702,69.24017042691585,342.6357142857142,0.9248603233959045,348.545490002494,336.53000000000003,324.5145099975061,24.03,-0.0
312,344.85,2020-04-23 10:35:00+05:30,345.0,342.9,342.95,1313261,72.1311459943223,342.9714285714285,2.890975567406443,348.8638855475087,337.50000000000006,326.1361144524914,22.73,-1.0
313,344.2,2020-04-23 10:45:00+05:30,346.0,343.35,344.9,1092634,69.36536818372159,343.3285714285713,-2.76577781060071,348.7666200542166,338.41,328.05337994578343,20.71,-2.0
314,344.25,2020-04-23 10:55:00+05:30,344.5,343.15,344.25,551896,69.46236805175826,343.53571428571416,0.09699986803667571,348.64830305108956,339.2225,329.7966969489105,18.85,-2.0
315,342.4,2020-04-23 11:05:00+05:30,344.35,341.65,344.3,871145,61.680358253418326,343.4285714285713,-7.782009798339935,348.23505616922114,339.8575,331.4799438307789,16.76,-2.0
316,343.95,2020-04-23 11:15:00+05:30,344.5,341.6,342.45,762991,65.19829011882715,343.6499999999998,3.517931865408819,348.20250095347274,340.44,332.67749904652726,15.53,-1.0
317,344.8,2020-04-23 11:25:00+05:30,345.15,343.3,344.1,753267,66.98810591893854,343.9499999999999,1.7898158001113984,348.1718111122803,341.0325,333.89318888771976,14.28,-1.0
318,345.75,2020-04-23 11:35:00+05:30,346.8,344.25,344.55,1241961,68.91245369989673,344.31428571428563,1.9243477809581861,348.5914169641864,341.49750000000006,334.4035830358137,14.19,-0.0
319,346.25,2020-04-23 11:45:00+05:30,346.6,345.25,345.7,833494,69.90674439850747,344.5142857142856,0.9942906986107403,348.791232122272,342.05000000000007,335.30876787772814,13.48,-1.0
320,347.4,2020-04-23 11:55:00+05:30,348.3,345.8,346.25,1259275,72.11575754873621,344.97142857142853,2.209013150228742,348.9562765524267,342.6675,336.37872344757335,12.58,-1.0
321,347.95,2020-04-23 12:05:00+05:30,348.4,346.35,347.45,880998,73.13158671889174,345.49999999999994,1.015829170155527,349.2429466448644,343.24,337.23705335513563,12.01,-1.0
322,348.25,2020-04-23 12:15:00+05:30,349.0,347.45,347.95,851291,73.69451287260273,346.33571428571423,0.5629261537109898,349.2101777176639,343.8525,338.49482228233614,10.72,-1.0
323,348.8,2020-04-23 12:25:00+05:30,349.8,347.7,348.05,1026507,74.73942266010363,347.0285714285714,1.0449097875008988,348.9041997681688,344.4875,340.07080023183124,8.83,-2.0
324,351.15,2020-04-23 12:35:00+05:30,351.4,348.5,348.8,1454902,78.64299820793276,347.93571428571425,3.903575547829135,350.13609306348474,344.9225,339.7089069365153,10.43,2.0
325,349.15,2020-04-23 12:45:00+05:30,351.2,349.0,351.1,1057349,68.88637634518443,348.4214285714285,-9.756621862748332,350.6626845906188,345.255,339.84731540938117,10.82,0.0
326,349.05,2020-04-23 12:55:00+05:30,350.6,348.1,349.0,1078294,68.42925038949704,348.82142857142856,-0.45712595568738834,351.011912134726,345.6225,340.233087865274,10.78,-0.0
327,348.7,2020-04-23 13:05:00+05:30,349.15,347.0,349.0,1666799,66.75943701735105,349.0071428571428,-1.6698133721459953,351.3023007342339,345.91749999999996,340.53269926576604,10.77,-0.0
328,347.2,2020-04-23 13:15:00+05:30,348.75,346.55,348.7,1284330,60.00175148560403,348.9,-6.757685531747015,351.36950122944387,346.12,340.87049877055614,10.5,-0.0
329,347.05,2020-04-23 13:25:00+05:30,348.95,346.9,347.0,987659,59.354720233240585,348.7285714285714,-0.6470312523634476,351.3121768782735,346.3525,341.39282312172656,9.92,-1.0
330,347.0,2020-04-23 13:35:00+05:30,347.2,345.6,347.05,1321686,59.12584325733309,348.47142857142853,-0.22887697590749667,351.2240488689006,346.5675,341.9109511310994,9.31,-1.0
331,349.45,2020-04-23 13:45:00+05:30,349.5,346.9,347.1,1143746,66.03677402655924,348.22857142857134,6.910930769226155,351.4224778770178,346.88,342.3375221229822,9.08,-0.0
332,351.35,2020-04-23 13:55:00+05:30,351.35,348.6,349.45,1179286,70.23923786506896,348.54285714285703,4.202463838509715,352.05559952887404,347.20500000000004,342.35440047112604,9.7,1.0
333,350.65,2020-04-23 14:05:00+05:30,352.4,349.75,351.5,1545387,66.95231313538935,348.77142857142843,-3.286924729679612,352.39451843237646,347.52750000000003,342.6604815676236,9.73,0.0
