,close,date,high,low,open,volume,RSI_14,sma_7,RSI_Trend,ub,mb,lb,band_diff,band_diff_trend
0,914.85,2020-04-09 09:15:00+05:30,921.25,899.9,913.0,1664289,0.0,0.0,,,,,,
1,922.0,2020-04-09 09:25:00+05:30,925.0,910.9,914.7,861856,100.0,0.0,100.0,,,,,
2,918.7,2020-04-09 09:35:00+05:30,925.0,915.2,922.2,489624,96.57142857142861,0.0,-3.428571428571388,,,,,
3,916.0,2020-04-09 09:45:00+05:30,922.65,913.0,919.5,542311,93.7395756564912,0.0,-2.8318529149374143,,,,,
4,920.55,2020-04-09 09:55:00+05:30,921.0,915.9,915.9,461970,94.05590542481491,0.0,0.31632976832371185,,,,,
5,922.75,2020-04-09 10:05:00+05:30,923.75,919.0,920.9,415545,94.20828933625472,0.0,0.1523839114398129,,,,,
6,920.8,2020-04-09 10:15:00+05:30,925.0,919.95,923.35,399995,91.95799405617711,919.3785714285715,-2.2502952800776086,,,,,
7,923.35,2020-04-09 10:25:00+05:30,924.0,920.8,920.8,301766,92.21971364275677,920.5928571428573,0.2617195865796589,,,,,
8,920.15,2020-04-09 10:35:00+05:30,923.8,919.0,923.2,647761,88.33465623657844,920.3285714285714,-3.8850574061783334,,,,,
9,905.05,2020-04-09 10:45:00+05:30,920.35,905.05,920.35,1282941,72.75824104935273,918.3785714285715,-15.576415187225706,,,,,
10,904.8,2020-04-09 10:55:00+05:30,910.5,900.4,904.9,629254,72.53020524456343,916.7785714285716,-0.2280358047893003,,,,,
11,899.0,2020-04-09 11:05:00+05:30,906.4,895.25,904.2,784841,67.26311796936761,913.7,-5.26708727519582,,,,,
12,891.5,2020-04-09 11:15:00+05:30,899.85,890.05,899.0,732531,61.08567249416723,909.2357142857144,-6.177445475200386,,,,,
13,900.0,2020-04-09 11:25:00+05:30,900.35,891.25,891.55,731463,65.0079933701252,906.2642857142857,3.922320875957979,,,,,
14,908.05,2020-04-09 11:35:00+05:30,912.8,899.95,900.0,808785,68.26986692178698,904.0785714285714,3.261873551661779,,,,,
15,913.0,2020-04-09 11:45:00+05:30,917.95,908.0,908.05,467531,70.11467126618516,903.0571428571429,1.8448043443981703,,,,,
16,908.7,2020-04-09 11:55:00+05:30,914.75,907.7,913.0,471097,66.49779537777391,903.5785714285714,-3.6168758884112435,,,,,
17,911.7,2020-04-09 12:05:00+05:30,913.8,903.0,908.7,617750,67.74782746507047,904.5642857142857,1.2500320872965602,,,,,
18,908.15,2020-04-09 12:15:00+05:30,915.0,908.0,912.25,383095,64.6727173957932,905.8714285714285,-3.0751100692772724,,,,,
19,913.7,2020-04-09 12:25:00+05:30,917.0,908.0,908.15,405749,67.18080408007538,909.0428571428571,2.5080866842821763,929.9616781063489,912.1400000000001,894.3183218936513,35.64,
20,910.6,2020-04-09 12:35:00+05:30,915.5,910.4,913.6,228171,64.42930634459866,910.5571428571428,-2.7514977354767183,929.71444006405,911.9275000000001,894.1405599359503,35.57,-0.0
21,914.8,2020-04-09 12:45:00+05:30,916.9,910.45,910.9,422172,66.43507971965806,911.5214285714285,2.0057733750594053,928.7781844109913,911.5675000000001,894.3568155890089,34.42,-1.0
22,916.25,2020-04-09 12:55:00+05:30,916.55,911.0,915.0,340406,67.12431536328809,911.9857142857143,0.6892356436300275,928.4758667146634,911.445,894.4141332853367,34.06,-0.0
23,917.0,2020-04-09 13:05:00+05:30,920.0,915.4,917.0,468786,67.49610345922417,913.1714285714286,0.37178809593608264,928.587931749395,911.4950000000001,894.4020682506052,34.19,0.0
24,921.55,2020-04-09 13:15:00+05:30,923.9,916.85,917.0,448103,69.73241958772176,914.5785714285714,2.2363161284975916,928.7549084067413,911.5450000000001,894.3350915932589,34.42,0.0
25,915.35,2020-04-09 13:25:00+05:30,921.65,914.6,921.55,451758,63.337652806358506,915.607142857143,-6.394766781363259,927.67410683388,911.175,894.6758931661199,33.0,-1.0
26,909.5,2020-04-09 13:35:00+05:30,917.0,909.1,915.35,554742,57.93872216568139,915.007142857143,-5.398930640677115,926.4833673010386,910.61,894.7366326989614,31.75,-1.0
27,908.65,2020-04-09 13:45:00+05:30,912.15,908.0,909.3,494883,57.176102372559846,914.7285714285715,-0.7626197931215444,924.5830894319026,909.8750000000002,895.1669105680978,29.42,-2.0
28,910.35,2020-04-09 13:55:00+05:30,913.5,906.3,908.5,840276,58.356692256514144,914.0928571428573,1.1805898839542976,923.2824098306122,909.385,895.4875901693878,27.79,-2.0
29,908.5,2020-04-09 14:05:00+05:30,910.4,908.0,909.5,453156,56.53026908423202,912.9857142857144,-1.8264231722821265,923.3132748638621,909.5575000000001,895.8017251361381,27.51,-0.0
30,907.15,2020-04-09 14:15:00+05:30,909.0,907.0,908.8,423341,55.173249767736046,911.5785714285714,-1.3570193164959719,923.2991851518773,909.6750000000002,896.0508148481231,27.25,-0.0
31,909.0,2020-04-09 14:25:00+05:30,911.0,906.0,907.3,451531,56.70696814435149,909.7857142857143,1.5337183766154467,922.8506085704624,910.1750000000002,897.4993914295379,25.35,-2.0
32,907.95,2020-04-09 14:35:00+05:30,909.5,906.25,909.0,235013,55.54536325533208,908.7285714285714,-1.161604889019415,920.2410169315126,910.9975000000002,901.7539830684877,18.49,-7.0
33,910.55,2020-04-09 14:45:00+05:30,913.0,907.55,907.95,293095,57.84791700007021,908.8785714285714,2.302553744738134,919.1964439730458,911.5250000000002,903.8535560269546,15.34,-3.0
34,921.2,2020-04-09 14:55:00+05:30,922.95,910.25,910.65,751735,65.68769179891854,910.6714285714286,7.839774798848325,920.7961534824541,912.1825000000002,903.5688465175464,17.23,2.0
35,927.6,2020-04-09 15:05:00+05:30,930.85,921.0,921.0,1125485,69.37398660657965,913.1357142857142,3.6862948076611133,923.9511819865419,912.9125000000001,901.8738180134584,22.08,5.0
36,924.9,2020-04-09 15:15:00+05:30,927.8,924.0,927.2,834528,66.14542969780592,915.4785714285714,-3.228556908773726,925.78926492642,913.7225000000002,901.6557350735804,24.13,2.0
37,924.0,2020-04-09 15:25:00+05:30,925.0,922.0,924.9,261320,65.05855461368671,917.8857142857142,-1.0868750841192139,927.1979196952062,914.3375000000002,901.4770803047942,25.72,2.0
38,922.55,2020-04-13 09:15:00+05:30,945.55,922.55,934.0,1835941,63.255179551145986,919.8214285714286,-1.8033750625407237,928.0708241434755,915.0575000000001,902.0441758565247,26.03,0.0
39,914.6,2020-04-13 09:25:00+05:30,928.2,912.95,923.0,845150,54.35841241520943,920.7714285714286,-8.896767135936557,928.1022763138651,915.1025,902.1027236861348,26.0,-0.0
40,907.7,2020-04-13 09:35:00+05:30,915.3,907.5,914.6,588779,48.04259927662574,920.3642857142858,-6.315813138583692,928.2305544218057,914.9575000000001,901.6844455781945,26.55,1.0
41,902.3,2020-04-13 09:45:00+05:30,910.7,902.3,907.65,542391,43.757648513272,917.6642857142858,-4.284950763353734,928.7634708977822,914.3325000000001,899.901529102218,28.86,2.0
42,911.0,2020-04-13 09:55:00+05:30,911.5,901.0,902.3,400774,51.29476397280249,915.2928571428572,7.53711545953049,928.5450384055487,914.07,899.5949615944514,28.95,0.0
43,906.8,2020-04-13 10:05:00+05:30,915.0,905.65,911.0,445662,47.953744951218496,912.7071428571429,-3.341019021583996,928.316393797088,913.5600000000001,898.8036062029121,29.51,1.0
44,905.0,2020-04-13 10:15:00+05:30,909.7,904.65,906.8,359668,46.554244340970726,909.9928571428572,-1.3995006102477703,927.4584625724165,912.7325000000001,898.0065374275837,29.45,-0.0
45,905.45,2020-04-13 10:25:00+05:30,906.0,900.0,905.05,443787,46.97091163886897,907.5500000000001,0.4166672978982433,927.2556600597061,912.2375000000002,897.2193399402943,30.04,1.0
46,910.15,2020-04-13 10:35:00+05:30,912.0,905.45,905.45,349002,51.24610298641935,906.9142857142857,4.275191347550383,927.2660135053499,912.2700000000002,897.2739864946506,29.99,-0.0
47,912.05,2020-04-13 10:45:00+05:30,913.0,909.6,910.15,329168,52.8992432647601,907.5357142857143,1.65314027834075,927.3400035323205,912.4400000000002,897.5399964676799,29.8,-0.0
48,909.2,2020-04-13 10:55:00+05:30,912.3,906.75,912.3,272102,50.152195180778115,908.5214285714285,-2.747048083981987,927.3252776957019,912.3825000000003,897.4397223042987,29.89,0.0
49,909.85,2020-04-13 11:05:00+05:30,911.0,908.0,908.7,164719,50.7799813676117,908.3571428571429,0.6277861868335819,927.3310016640789,912.4500000000002,897.5689983359214,29.76,-0.0
50,911.2,2020-04-13 11:15:00+05:30,913.0,908.5,909.85,256720,52.12847251079995,908.9857142857143,1.3484911431882551,927.3387798485347,912.6525000000001,897.9662201514656,29.37,-0.0
51,907.5,2020-04-13 11:25:00+05:30,911.25,906.3,911.2,308336,48.2284902595173,909.342857142857,-3.899982251282651,927.3573395760826,912.5775000000001,897.7976604239176,29.56,0.0
52,916.0,2020-04-13 11:35:00+05:30,920.0,907.4,907.8,635551,56.314383222178044,910.85,8.085892962660743,927.6673880734818,912.9800000000001,898.2926119265185,29.37,-0.0
53,915.7,2020-04-13 11:45:00+05:30,921.6,913.0,916.0,421271,55.98205060096415,911.6428571428571,-0.33233262121389373,927.926087585713,913.2375000000002,898.5489124142873,29.38,0.0
54,911.7,2020-04-13 11:55:00+05:30,918.0,911.1,915.75,244413,51.60883288441308,911.592857142857,-4.373217716551068,926.9735733325517,912.7625000000002,898.5514266674486,28.42,-1.0
55,913.8,2020-04-13 12:05:00+05:30,916.9,911.0,911.5,218875,53.65571336591298,912.25,2.0468804814998975,924.4752787633512,912.0725000000002,899.6697212366493,24.81,-4.0
56,912.6,2020-04-13 12:15:00+05:30,915.0,912.0,913.95,152563,52.29449134631389,912.6428571428571,-1.36122201959909,922.3043416455763,911.4575000000001,900.6106583544239,21.69,-3.0
57,908.25,2020-04-13 12:25:00+05:30,913.85,907.0,912.6,358618,47.582021585385476,912.2214285714286,-4.712469760928414,919.8400542384894,910.6700000000001,901.4999457615107,18.34,-3.0
58,908.45,2020-04-13 12:35:00+05:30,911.9,908.0,908.7,199982,47.81486548422498,912.3571428571429,0.23284389883950496,917.2672058671549,909.9650000000001,902.6627941328454,14.6,-4.0
59,908.5,2020-04-13 12:45:00+05:30,911.9,907.0,908.8,277995,47.87720120918596,911.2857142857143,0.062335724960981054,916.6499627286105,909.6600000000002,902.6700372713899,13.98,-1.0
60,908.5,2020-04-13 12:55:00+05:30,910.5,907.5,908.6,239918,47.877201209185955,910.2571428571429,-7.105427357601002e-15,916.6517888648209,909.7000000000002,902.7482111351794,13.9,-0.0
61,903.4,2020-04-13 13:05:00+05:30,910.5,901.2,908.05,421067,41.94949724752366,909.0714285714286,-5.927703961662296,916.4737796510972,909.7550000000003,903.0362203489035,13.44,-0.0
62,903.0,2020-04-13 13:15:00+05:30,905.7,902.0,902.75,253226,41.51534613980551,907.5285714285714,-0.4341511077181508,916.6863242862029,909.3550000000002,902.0236757137976,14.66,1.0
63,901.95,2020-04-13 13:25:00+05:30,905.7,900.3,902.8,305010,40.33526186010207,906.0071428571428,-1.1800842797034363,917.091873079186,909.1125000000004,901.1331269208148,15.96,1.0
64,900.85,2020-04-13 13:35:00+05:30,902.0,900.0,901.8,358241,39.081923417570636,904.9499999999999,-1.2533384425314367,917.5247997290202,908.9050000000003,900.2852002709805,17.24,1.0
65,897.15,2020-04-13 13:45:00+05:30,904.8,895.4,901.25,784786,35.127980582291514,903.3357142857142,-3.953942835279122,918.497660223943,908.4900000000004,898.4823397760578,20.02,3.0
66,893.4,2020-04-13 13:55:00+05:30,898.95,893.4,897.3,470337,31.634707719857758,901.1785714285713,-3.4932728624337557,919.6757439356788,907.6525000000004,895.6292560643219,24.05,4.0
67,889.8,2020-04-13 14:05:00+05:30,896.35,886.65,893.5,656245,28.685547385652697,898.5071428571428,-2.949160334205061,920.7657956950706,906.5400000000003,892.3142043049301,28.45,4.0
68,891.0,2020-04-13 14:15:00+05:30,892.8,888.15,889.6,474297,30.99484302052761,896.7357142857143,2.309295634874914,921.385547059937,905.6300000000003,889.8744529400636,31.51,3.0
69,896.6,2020-04-13 14:25:00+05:30,897.7,889.1,890.95,611640,40.652960909095135,895.8214285714286,9.658117888567524,921.0860174648028,904.9675000000003,888.8489825351978,32.24,1.0
70,898.1,2020-04-13 14:35:00+05:30,898.5,892.45,896.6,410287,42.95603838716234,895.2714285714286,2.303077478067202,920.4293063638058,904.3125000000002,888.1956936361946,32.23,-0.0
71,894.8,2020-04-13 14:45:00+05:30,900.0,893.2,897.9,383505,39.33909873865327,894.407142857143,-3.6169396485090672,920.2595598999733,903.6775000000001,887.095440100027,33.16,1.0
72,894.9,2020-04-13 14:55:00+05:30,897.0,894.0,894.8,305903,39.50532702101321,894.0857142857143,0.16622828235993836,918.5765285293645,902.6225000000002,886.6684714706358,31.91,-1.0
73,894.85,2020-04-13 15:05:00+05:30,896.7,893.25,894.9,935022,39.44712124797606,894.2928571428573,-0.05820577303715169,916.6355253015379,901.5800000000002,886.5244746984624,30.11,-2.0
74,896.6,2020-04-13 15:15:00+05:30,897.0,894.0,894.9,537207,42.6329723657929,895.2642857142858,3.1858511178168456,915.2447415846609,900.825,886.4052584153392,28.84,-1.0
75,897.8,2020-04-13 15:25:00+05:30,898.4,896.5,896.7,195655,44.77846504282071,896.2357142857145,2.1454926770278107,913.1291375547042,900.025,886.9208624452957,26.21,-3.0
76,899.8,2020-04-15 09:15:00+05:30,930.5,897.1,930.5,4152021,48.25215002914158,896.6928571428573,3.473684986320869,911.0774672107157,899.385,887.6925327892843,23.38,-3.0
77,898.7,2020-04-15 09:25:00+05:30,902.0,895.0,899.85,844448,46.51890942381598,896.7785714285716,-1.733240605325605,909.8303044885329,898.9075,887.9846955114672,21.85,-2.0
78,896.75,2020-04-15 09:35:00+05:30,898.95,895.55,898.6,504843,43.53357410427745,897.0571428571429,-2.985335319538528,908.3063013538763,898.3225,888.3386986461237,19.97,-2.0
79,898.0,2020-04-15 09:45:00+05:30,898.75,896.5,897.1,1199476,45.92902820885262,897.5000000000001,2.3954541045751725,906.5571247816769,897.7975,889.0378752183232,17.52,-2.0
80,900.0,2020-04-15 09:55:00+05:30,900.0,895.4,897.95,1306555,49.61224459077947,898.2357142857144,3.6832163819268473,904.644180830815,897.3725000000001,890.1008191691851,14.54,-3.0
81,899.9,2020-04-15 10:05:00+05:30,900.75,897.8,900.0,651300,49.430936749529074,898.7071428571428,-0.18130784125039412,904.012535621792,897.1975,890.3824643782079,13.63,-1.0
82,896.25,2020-04-15 10:15:00+05:30,900.0,895.35,899.9,732039,43.22208898057882,898.4857142857143,-6.208847768950257,903.1102715730455,896.86,890.6097284269546,12.5,-1.0
83,895.7,2020-04-15 10:25:00+05:30,897.95,895.5,896.25,503826,42.35869454269816,897.8999999999999,-0.8633944378806575,902.3340065363063,896.5475,890.7609934636937,11.57,-1.0
84,898.75,2020-04-15 10:35:00+05:30,898.75,895.7,896.0,326591,48.502171621451645,897.9071428571427,6.1434770787534845,901.9707313722603,896.4425000000001,890.91426862774,11.06,-1.0
85,898.35,2020-04-15 10:45:00+05:30,900.9,898.1,898.7,771785,47.78289209017496,898.1357142857142,-0.7192795312766833,902.0888060952163,896.5024999999999,890.9161939047835,11.17,0.0
86,897.0,2020-04-15 10:55:00+05:30,899.65,895.85,898.35,733912,45.339080680709706,897.9928571428571,-2.4438114094652548,902.0765781369337,896.6824999999999,891.2884218630661,10.79,-0.0
87,898.1,2020-04-15 11:05:00+05:30,899.0,896.0,897.0,343121,47.68682053337592,897.7214285714286,2.3477398526662157,901.435881337729,897.0974999999999,892.7591186622707,8.68,-2.0
88,898.4,2020-04-15 11:15:00+05:30,902.1,897.6,898.5,983455,48.33852855294543,897.5071428571429,0.6517080195695044,900.75003352089,897.4675,894.1849664791099,6.57,-2.0
89,898.5,2020-04-15 11:25:00+05:30,899.6,896.5,898.7,326095,48.56853197541118,897.8285714285714,0.23000342246575656,900.8492957520612,897.5625,894.2757042479388,6.57,0.0
90,896.65,2020-04-15 11:35:00+05:30,900.0,896.25,898.35,270605,44.6114899173956,897.9642857142857,-3.957042058015581,900.790813296906,897.4900000000001,894.1891867030943,6.6,0.0
91,894.15,2020-04-15 11:45:00+05:30,896.95,891.0,896.65,671652,39.88266900093008,897.3071428571428,-4.728820916465523,900.8803758299634,897.4575000000002,894.034624170037,6.85,0.0
92,892.65,2020-04-15 11:55:00+05:30,895.8,892.0,894.15,301051,37.326115592876846,896.492857142857,-2.556553408053233,901.2374893942297,897.3450000000003,893.4525106057708,7.78,1.0
93,896.3,2020-04-15 12:05:00+05:30,896.9,892.6,892.65,293764,46.33992231528845,896.392857142857,9.013806722411601,901.16566095256,897.4175000000002,893.6693390474405,7.5,-0.0
94,895.45,2020-04-15 12:15:00+05:30,897.55,894.25,896.4,297246,44.72668203950005,896.0142857142855,-1.6132402757883995,901.1952382757215,897.3600000000004,893.5247617242792,7.67,0.0
95,894.8,2020-04-15 12:25:00+05:30,895.5,893.55,895.45,175856,43.480120822217785,895.4999999999999,-1.246561217282263,901.2041536222179,897.2100000000004,893.2158463777829,7.99,0.0
96,895.65,2020-04-15 12:35:00+05:30,896.0,893.6,894.95,248430,45.614730463801926,895.0928571428569,2.1346096415841416,900.8589334491018,897.0025000000005,893.1460665508993,7.71,-0.0
97,886.0,2020-04-15 12:45:00+05:30,895.6,886.0,895.6,707593,31.205484771635668,893.5714285714284,-14.409245692166259,902.5362049737054,896.3675000000005,890.1987950262957,12.34,5.0
98,889.25,2020-04-15 12:55:00+05:30,890.75,885.05,886.0,477585,38.27716669251384,892.8714285714285,7.07168192087817,902.927557773067,895.9925000000005,889.0574422269341,13.87,2.0
99,891.05,2020-04-15 13:05:00+05:30,892.85,886.6,889.2,975967,41.84287381767741,892.6428571428571,3.56570712516357,902.8478430059531,895.6450000000004,888.4421569940478,14.41,1.0
100,880.85,2020-04-15 13:15:00+05:30,891.05,880.0,891.05,724957,30.936444958620882,890.4357142857143,-10.906428859056525,904.1801495109021,894.6875000000003,885.1948504890986,18.99,5.0
101,881.2,2020-04-15 13:25:00+05:30,882.45,878.15,880.6,509868,31.59531456223918,888.4,0.6588696036182995,904.6615245113604,893.7525000000003,882.8434754886401,21.82,3.0
102,874.65,2020-04-15 13:35:00+05:30,882.3,874.15,881.0,732687,26.5001637932276,885.5214285714285,-5.095150769011582,906.4422026302789,892.6725000000004,878.9027973697218,27.54,6.0
103,869.9,2020-04-15 13:45:00+05:30,874.75,868.1,874.0,877450,23.535989050491324,881.842857142857,-2.964174742736276,908.407320116524,891.3825000000004,874.3576798834767,34.05,7.0
104,863.5,2020-04-15 13:55:00+05:30,871.85,862.05,869.5,798070,20.2494452685377,878.6285714285714,-3.2865437819536254,910.3325032160212,889.6200000000005,868.9074967839797,41.43,7.0
105,853.0,2020-04-15 14:05:00+05:30,863.75,851.5,863.5,1130230,16.2422006928373,873.4499999999999,-4.007244575700398,913.3069839448239,887.3525000000005,861.3980160551772,51.91,10.0
106,846.55,2020-04-15 14:15:00+05:30,853.7,843.0,852.65,1217728,14.362005618237077,867.092857142857,-1.8801950746002234,916.0988747209715,884.8300000000005,853.5611252790295,62.54,11.0
107,854.0,2020-04-15 14:25:00+05:30,854.7,846.25,846.6,854954,25.141109681654697,863.2571428571428,10.77910406341762,916.0959064554188,882.6250000000006,849.1540935445823,66.94,4.0
108,859.45,2020-04-15 14:35:00+05:30,859.45,852.0,853.9,861525,31.89452015583457,860.1499999999999,6.753410474179873,914.8097732754118,880.6775000000005,846.5452267245892,68.26,1.0
109,855.1,2020-04-15 14:45:00+05:30,859.45,854.0,859.45,606801,29.59922990466032,857.3571428571429,-2.295290251174251,913.3792843263759,878.5075000000004,843.6357156736249,69.74,1.0
110,862.15,2020-04-15 14:55:00+05:30,863.0,855.0,855.05,699384,37.455159331040385,856.25,7.855929426380065,911.2868136128624,876.7825000000005,842.2781863871386,69.01,-1.0
111,864.2,2020-04-15 15:05:00+05:30,864.65,859.5,862.05,896044,39.566918227790254,856.35,2.111758896749869,909.2104306104621,875.2850000000004,841.3595693895387,67.85,-1.0
112,867.1,2020-04-15 15:15:00+05:30,867.95,862.8,864.4,920990,42.52338398350259,858.3642857142858,2.956465755712337,907.0935166837897,874.0075000000003,840.9214833162108,66.17,-2.0
113,865.0,2020-04-15 15:25:00+05:30,867.35,865.0,867.0,232336,40.96069895803161,861.0,-1.5626850254709836,904.0151276351761,872.4425000000003,840.8698723648246,63.15,-3.0
114,857.4,2020-04-16 09:15:00+05:30,876.1,856.25,865.0,2352486,35.82904000956022,861.4857142857143,-5.13165894847139,900.8349987187396,870.5400000000003,840.245001281261,60.59,-3.0
115,858.6,2020-04-16 09:25:00+05:30,864.7,856.55,857.5,1006570,37.167565513873775,861.3642857142858,1.3385255043135587,897.1922815966012,868.7300000000002,840.2677184033993,56.92,-4.0
116,865.35,2020-04-16 09:35:00+05:30,870.0,858.6,858.75,1068282,44.21617736629807,862.8285714285714,7.048611852424294,892.715528374299,867.2150000000001,841.7144716257013,51.0,-6.0
117,863.25,2020-04-16 09:45:00+05:30,869.0,861.3,865.9,639513,42.61449192183339,862.9857142857144,-1.6016854444646782,890.0326439372138,866.0775000000001,842.1223560627864,47.91,-3.0
118,860.85,2020-04-16 09:55:00+05:30,865.65,859.0,863.2,500192,40.79568380933015,862.507142857143,-1.8188081125032411,886.0599906322409,864.6575,843.2550093677592,42.8,-5.0
119,862.05,2020-04-16 10:05:00+05:30,863.7,859.0,860.75,463989,42.125739154510796,861.7857142857144,1.3300553451806465,880.643104075388,863.2075000000001,845.7718959246122,34.87,-8.0
120,863.0,2020-04-16 10:15:00+05:30,864.0,860.0,862.0,540181,43.213389576362154,861.5000000000001,1.0876504218513574,877.6488668862169,862.3150000000002,846.9811331137835,30.67,-4.0
121,862.75,2020-04-16 10:25:00+05:30,866.7,861.05,862.95,551332,42.984452379883464,862.2642857142858,-0.2289371964786895,873.9025496443967,861.3925000000002,848.8824503556036,25.02,-6.0
122,860.9,2020-04-16 10:35:00+05:30,863.7,860.3,862.75,380337,41.24318052796352,862.5928571428573,-1.7412718519199473,871.5475040805549,860.7050000000002,849.8624959194455,21.69,-3.0
123,861.5,2020-04-16 10:45:00+05:30,862.5,858.0,860.9,502669,42.06292026470664,862.0428571428572,0.8197397367431236,870.24244101559,860.2850000000001,850.3275589844102,19.91,-2.0
124,862.95,2020-04-16 10:55:00+05:30,865.0,861.4,861.5,461740,44.09287477178246,862.0,2.0299545070758214,870.1805340754813,860.2575,850.3344659245188,19.85,-0.0
125,866.45,2020-04-16 11:05:00+05:30,869.9,862.0,862.8,541485,48.75974487356508,862.8,4.666870101782621,870.6019562055517,860.9300000000001,851.2580437944484,19.34,-1.0
126,869.85,2020-04-16 11:15:00+05:30,870.0,865.55,866.4,729968,52.87507587373834,863.9142857142857,4.115331000173256,869.9084095260043,862.095,854.2815904739957,15.63,-4.0
127,870.0,2020-04-16 11:25:00+05:30,875.3,868.2,869.7,958674,53.05421363061724,864.9142857142857,0.17913775687890165,870.4920146491204,862.8950000000001,855.2979853508798,15.19,-0.0
128,869.1,2020-04-16 11:35:00+05:30,871.0,867.35,869.8,856842,51.78231110083594,865.8214285714286,-1.2719025297813005,871.2731666996258,863.3774999999999,855.4818333003741,15.79,1.0
129,864.8,2020-04-16 11:45:00+05:30,869.5,863.45,869.2,483262,46.096265699798636,866.3785714285715,-5.686045401037305,870.7438152812526,863.8625,856.9811847187473,13.76,-2.0
130,869.3,2020-04-16 11:55:00+05:30,869.9,864.0,864.45,365931,52.03242319204347,867.4928571428572,5.936157492244831,871.4602675146856,864.2199999999999,856.9797324853142,14.48,1.0
131,871.6,2020-04-16 12:05:00+05:30,872.0,866.0,869.15,748337,54.77384720767195,868.7285714285716,2.741424015628482,872.5468308951954,864.5899999999998,856.6331691048042,15.91,1.0
132,874.1,2020-04-16 12:15:00+05:30,874.65,870.1,871.55,612408,57.60974955326932,869.8214285714288,2.8359023455973684,873.9126836917156,864.9399999999998,855.967316308284,17.95,2.0
133,871.65,2020-04-16 12:25:00+05:30,875.0,870.25,874.1,585728,54.03390415839923,870.0785714285715,-3.575845394870086,874.7340829876177,865.2724999999998,855.8109170123819,18.92,1.0
134,870.8,2020-04-16 12:35:00+05:30,872.8,869.65,871.8,550960,52.80920367414056,870.1928571428573,-1.224700484258669,874.9433932305282,865.9424999999998,856.9416067694714,18.0,-1.0
135,869.95,2020-04-16 12:45:00+05:30,870.55,865.05,870.55,1166670,51.55090279463708,870.3142857142858,-1.25830087950348,874.9770631209847,866.5099999999999,858.0429368790151,16.93,-1.0
136,875.55,2020-04-16 12:55:00+05:30,880.0,869.65,869.95,1260554,58.55705096626239,871.8500000000001,7.006148171625306,876.3750661760298,867.0199999999999,857.6649338239699,18.71,2.0
137,880.15,2020-04-16 13:05:00+05:30,881.9,875.0,875.7,896968,63.25728383279085,873.4,4.700232866528459,878.7191575832541,867.865,857.010842416746,21.71,3.0
138,878.1,2020-04-16 13:15:00+05:30,881.6,876.1,880.0,518518,59.99184427692629,874.3285714285714,-3.2654395558645604,879.9691272937031,868.7275,857.4858727062968,22.48,1.0
139,877.6,2020-04-16 13:25:00+05:30,880.05,876.25,878.1,428626,59.18928880977524,874.8285714285714,-0.8025554671510449,880.951162307907,869.5049999999999,858.0588376920928,22.89,0.0
140,876.75,2020-04-16 13:35:00+05:30,881.9,876.0,877.65,608367,57.774305928111865,875.5571428571429,-1.4149828816633772,881.6452990143529,870.1924999999999,858.7397009856469,22.91,0.0
141,874.0,2020-04-16 13:45:00+05:30,878.0,871.5,876.65,651360,53.33213292435865,876.0142857142857,-4.4421730037532114,881.7652296930964,870.7549999999999,859.7447703069033,22.02,-1.0
142,875.0,2020-04-16 13:55:00+05:30,875.55,872.25,874.0,461300,54.69623544919082,876.7357142857144,1.3641025248321696,881.5832197915175,871.4599999999998,861.3367802084821,20.25,-2.0
143,875.8,2020-04-16 14:05:00+05:30,875.8,873.0,875.0,469859,55.8090856750789,876.7714285714286,1.1128502258880744,881.3077922749204,872.1749999999998,863.0422077250793,18.27,-2.0
144,876.15,2020-04-16 14:15:00+05:30,879.2,874.85,876.0,617272,56.31467827171978,876.2,0.5055925966408807,881.0193946501546,872.8349999999998,864.650605349845,16.37,-2.0
145,875.75,2020-04-16 14:25:00+05:30,880.8,875.2,876.15,665973,55.53270274757776,875.8642857142858,-0.7819755241420197,880.9993506219685,873.2999999999998,865.6006493780312,15.4,-1.0
146,875.0,2020-04-16 14:35:00+05:30,876.5,873.5,876.15,538042,54.01810653999876,875.4928571428571,-1.5145962075789967,881.114182299027,873.5574999999999,866.0008177009728,15.11,-0.0
147,877.4,2020-04-16 14:45:00+05:30,879.35,874.25,875.05,560992,57.96864344213921,875.5857142857142,3.950536902140449,881.4754153622572,873.9275,866.3795846377428,15.1,-0.0
148,876.05,2020-04-16 14:55:00+05:30,877.9,874.2,877.4,676867,55.10093213924622,875.8785714285714,-2.8677113028929924,881.5210152388822,874.275,867.0289847611177,14.49,-1.0
149,880.0,2020-04-16 15:05:00+05:30,881.0,875.6,876.05,1009845,61.15594248778592,876.592857142857,6.055010348539703,881.2053109194039,875.0350000000001,868.8646890805962,12.34,-2.0
150,880.55,2020-04-16 15:15:00+05:30,883.75,879.2,880.0,922509,61.9258838873608,877.2714285714285,0.7699413995748756,881.6157594966012,875.5975000000001,869.579240503399,12.04,-0.0
151,884.25,2020-04-16 15:25:00+05:30,887.65,880.0,880.6,458785,66.70681172312482,878.4285714285714,4.780927835764018,883.080693395563,876.2300000000001,869.3793066044373,13.7,2.0
152,916.6,2020-04-17 09:15:00+05:30,919.95,912.85,915.0,2988942,84.74421779788865,884.2642857142857,18.037406074763837,897.592105045363,878.3550000000001,859.1178949546372,38.47,25.0
153,913.7,2020-04-17 09:25:00+05:30,917.7,913.2,916.6,736048,80.53214048024512,889.7928571428572,-4.2120773176435335,905.0541038520087,880.4575000000001,855.8608961479915,49.19,11.0
154,914.4,2020-04-17 09:35:00+05:30,916.0,913.0,913.9,501918,80.78046175782055,895.0785714285714,0.2483212775754282,911.060968342755,882.6375000000002,854.2140316572453,56.85,8.0
155,911.55,2020-04-17 09:45:00+05:30,915.45,911.2,914.4,452657,76.50188460599362,900.15,-4.278577151826923,915.2424729514086,884.7175000000001,854.1925270485916,61.05,4.0
156,912.0,2020-04-17 09:55:00+05:30,913.25,905.0,911.55,786302,76.71162618683076,904.7214285714286,0.20974158083713235,919.0484215809416,886.5400000000002,854.0315784190587,65.02,4.0
157,912.25,2020-04-17 10:05:00+05:30,914.0,908.05,912.0,780322,76.83533190220525,909.25,0.12370571537449848,922.445343714712,888.1450000000001,853.8446562852882,68.6,4.0
158,911.75,2020-04-17 10:15:00+05:30,913.05,909.0,912.35,782435,75.96620001626867,913.1785714285714,-0.8691318859365822,925.3332219258207,889.8275000000001,854.3217780741795,71.01,2.0
159,904.7,2020-04-17 10:25:00+05:30,912.45,903.85,911.75,848090,64.83071103712987,911.4785714285714,-11.135488979138799,926.7917133997283,891.1825000000002,855.5732866002721,71.22,0.0
160,906.65,2020-04-17 10:35:00+05:30,910.0,900.0,904.7,1126534,66.30208185576589,910.4714285714284,1.471370818636018,928.2460324409095,892.6775000000004,857.1089675590912,71.14,-0.0
161,902.4,2020-04-17 10:45:00+05:30,906.8,898.0,906.8,800328,60.37358594682607,908.7571428571428,-5.928495908939823,928.7830722318757,894.0975000000004,859.4119277681251,69.37,-2.0
162,902.6,2020-04-17 10:55:00+05:30,905.0,901.5,902.75,569934,60.55234346501386,907.4785714285714,0.17875751818779406,929.1451085937372,895.4775000000003,861.8098914062634,67.34,-2.0
163,909.4,2020-04-17 11:05:00+05:30,913.5,902.4,902.5,914841,66.1444232642709,907.1071428571428,5.592079799257036,930.0347721848366,897.1575000000005,864.2802278151644,65.75,-2.0
164,911.15,2020-04-17 11:15:00+05:30,916.0,909.4,909.4,809835,67.42427613322184,906.9499999999998,1.2798528689509396,930.7874437858587,898.9075000000005,867.0275562141422,63.76,-2.0
165,909.9,2020-04-17 11:25:00+05:30,913.2,908.0,910.8,420467,65.51901785983682,906.6857142857141,-1.9052582733850159,930.8903173741465,900.6150000000005,870.3396826258544,60.55,-3.0
166,906.6,2020-04-17 11:35:00+05:30,911.15,906.05,910.0,447339,60.64672351906291,906.9571428571427,-4.872294340773912,930.0426664429144,902.1950000000004,874.3473335570864,55.7,-5.0
167,906.8,2020-04-17 11:45:00+05:30,909.3,904.45,906.6,717678,60.83680725852967,906.9785714285714,0.1900837394667576,928.99143927432,903.6650000000003,878.3385607256806,50.65,-5.0
168,903.55,2020-04-17 11:55:00+05:30,909.0,901.5,907.0,1184767,56.09517744179177,907.1428571428571,-4.741629816737898,926.7868594223826,905.0400000000003,883.293140577618,43.49,-7.0
169,905.9,2020-04-17 12:05:00+05:30,906.5,902.1,903.55,384517,58.6073727949567,907.6142857142856,2.512195353164934,924.6112169297473,906.3350000000004,888.0587830702534,36.55,-7.0
170,905.1,2020-04-17 12:15:00+05:30,907.35,904.0,905.85,288999,57.40321281346278,907.0,-1.2041599814939232,921.2747256245648,907.5625000000003,893.8502743754359,27.42,-9.0
171,903.85,2020-04-17 12:25:00+05:30,906.35,903.0,905.05,364910,55.48493404574258,905.9571428571429,-1.918278767720203,917.0552937772952,908.5425000000002,900.0297062227053,17.03,-10.0
172,903.25,2020-04-17 12:35:00+05:30,905.0,903.0,904.15,251332,54.5427441877341,905.007142857143,-0.9421898580084758,915.8009400903494,907.8750000000003,899.9490599096513,15.85,-1.0
173,905.8,2020-04-17 12:45:00+05:30,906.5,901.35,903.45,585601,57.82093278618884,904.8928571428572,3.27818859845474,914.9584180708304,907.4800000000002,900.0015819291701,14.96,-1.0
174,904.55,2020-04-17 12:55:00+05:30,906.75,903.3,905.5,285089,55.7004067763582,904.5714285714287,-2.120526009830641,913.8162222354139,906.9875000000002,900.1587777645865,13.66,-1.0
175,900.75,2020-04-17 13:05:00+05:30,904.65,899.15,904.4,449677,49.729615635938465,904.1714285714287,-5.970791140419735,913.4626321404079,906.4475000000002,899.4323678595925,14.03,0.0
176,898.3,2020-04-17 13:15:00+05:30,900.7,896.1,900.6,410751,46.28470334851856,903.0857142857145,-3.4449122874199034,913.1598590593297,905.7625000000002,898.3651409406706,14.79,1.0
177,899.0,2020-04-17 13:25:00+05:30,901.55,897.65,898.5,390786,47.40573555752598,902.2142857142859,1.1210322090074172,912.4239333694412,905.1000000000001,897.7760666305591,14.65,-0.0
178,890.5,2020-04-17 13:35:00+05:30,899.0,890.0,899.0,843966,37.241902188132464,900.3071428571429,-10.163833369393515,913.2273041328428,904.0375000000001,894.8476958671574,18.38,4.0
179,893.25,2020-04-17 13:45:00+05:30,895.0,890.0,890.6,585973,41.60411961716372,898.8785714285715,4.362217429031254,913.8322104556431,903.4650000000001,893.0977895443572,20.73,2.0
180,891.35,2020-04-17 13:55:00+05:30,894.0,887.3,893.25,611123,39.55823994240624,896.8142857142858,-2.0458796747574794,914.2662849423847,902.7,891.1337150576154,23.13,2.0
181,892.1,2020-04-17 14:05:00+05:30,895.7,890.05,891.25,617668,40.795862330728546,895.0357142857144,1.2376223883223076,914.6869198525669,902.1849999999998,889.6830801474327,25.0,2.0
182,898.2,2020-04-17 14:15:00+05:30,898.6,890.75,892.05,713112,49.79940055455063,894.6714285714287,9.003538223822083,914.5904171374552,901.9649999999999,889.3395828625446,25.25,0.0
183,899.2,2020-04-17 14:25:00+05:30,903.0,896.45,898.15,722607,51.111958957062775,894.8000000000001,1.3125584025121455,913.6319367853206,901.4549999999999,889.2780632146793,24.35,-1.0
184,898.15,2020-04-17 14:35:00+05:30,901.0,895.0,899.1,610696,49.64420822914391,894.6785714285714,-1.4677507279188617,912.1632754435981,900.805,889.4467245564018,22.72,-2.0
185,903.05,2020-04-17 14:45:00+05:30,904.5,898.1,898.15,720023,55.99494114459798,896.4714285714286,6.350732915454067,911.053204712898,900.4624999999999,889.8717952871017,21.18,-2.0
186,902.85,2020-04-17 14:55:00+05:30,905.0,901.1,903.05,745766,55.68623811003256,897.8428571428573,-0.3087030345654185,910.5358350947726,900.2749999999999,890.0141649052272,20.52,-1.0
187,909.3,2020-04-17 15:05:00+05:30,911.0,902.85,902.95,1573549,62.80756774602539,900.407142857143,7.121329635992829,911.0490918812238,900.3999999999999,889.7509081187759,21.3,1.0
188,916.75,2020-04-17 15:15:00+05:30,916.85,909.05,909.5,1050240,69.00361542926647,903.9285714285714,6.196047683241083,913.9347243199923,901.0599999999998,888.1852756800074,25.75,4.0
189,915.1,2020-04-17 15:25:00+05:30,917.55,914.05,916.75,719892,66.3665449657775,906.3428571428573,-2.6370704634889677,915.7127854170611,901.5199999999998,887.3272145829384,28.39,3.0
190,953.4,2020-04-20 09:15:00+05:30,957.15,937.45,951.0,4561151,82.79901247719114,914.0857142857143,16.432467511413634,931.1529913408683,903.9349999999998,876.7170086591314,54.44,26.0
191,948.7,2020-04-20 09:25:00+05:30,960.0,945.4,953.2,2466118,77.77712527405683,921.3071428571429,-5.0218872031343125,939.9638640354634,906.1775,872.3911359645366,67.57,13.0
192,943.7,2020-04-20 09:35:00+05:30,951.0,942.0,948.1,1374182,72.72382245259075,927.1142857142858,-5.053302821466076,945.8682750782199,908.2,870.5317249217802,75.34,8.0
193,943.3,2020-04-20 09:45:00+05:30,945.9,940.3,942.7,952691,72.31901304371749,932.8928571428571,-0.40480940887326256,950.8457519004289,910.075,869.3042480995712,81.54,6.0
194,945.0,2020-04-20 09:55:00+05:30,946.1,940.45,943.3,698839,73.00671962322212,937.9928571428571,0.6877065795046349,955.6336371373498,912.0975000000001,868.5613628626504,87.07,6.0
195,943.65,2020-04-20 10:05:00+05:30,947.0,942.5,944.95,640617,71.48784014216281,941.8357142857142,-1.5188794810593151,959.6132565798896,914.2425000000001,868.8717434201105,90.74,4.0
196,943.2,2020-04-20 10:15:00+05:30,944.9,942.0,943.65,387941,70.95790261007056,945.8499999999998,-0.5299375320922479,962.9666393502168,916.4875000000002,870.0083606497835,92.96,2.0
197,944.3,2020-04-20 10:25:00+05:30,945.85,943.1,943.25,744304,71.51379653722122,944.55,0.5558939271506631,966.0513090981717,918.7525000000002,871.4536909018286,94.6,2.0
198,943.7,2020-04-20 10:35:00+05:30,945.0,942.35,944.05,403501,70.71866088068722,943.8357142857142,-0.7951356565340006,967.9997229490585,921.4125000000001,874.8252770509417,93.17,-1.0
199,944.25,2020-04-20 10:45:00+05:30,944.8,942.15,943.55,339966,71.03656603436343,943.9142857142857,0.3179051536762074,969.6332423907949,923.9625000000002,878.2917576092055,91.34,-2.0
200,944.95,2020-04-20 10:55:00+05:30,945.5,943.5,944.25,502314,71.46124590594394,944.1499999999999,0.42467987158050846,970.5104390779576,926.6425000000003,882.774560922043,87.74,-4.0
201,944.25,2020-04-20 11:05:00+05:30,945.05,943.05,944.95,422751,70.35037718208798,944.0428571428571,-1.1108687238559583,970.6002116076816,929.2500000000003,887.8997883923191,82.7,-5.0
202,940.0,2020-04-20 11:15:00+05:30,944.25,937.0,944.25,1136040,63.85963768331811,943.5214285714285,-6.490739498769869,970.2348325616662,931.3400000000004,892.4451674383346,77.79,-5.0
203,938.3,2020-04-20 11:25:00+05:30,941.95,938.0,939.9,698406,61.418611607807264,942.8214285714286,-2.441026075510848,969.2038304635948,933.2950000000003,897.3861695364058,71.82,-6.0
204,940.1,2020-04-20 11:35:00+05:30,941.0,936.65,938.6,976279,63.030012285050724,942.2214285714286,1.6114006772434593,967.3398460721335,935.3925000000002,903.4451539278668,63.89,-8.0
205,944.05,2020-04-20 11:45:00+05:30,945.8,939.95,940.1,882192,66.35127741076644,942.2714285714286,3.321265125715719,965.7002287983682,937.4425000000001,909.184771201632,56.52,-7.0
206,944.2,2020-04-20 11:55:00+05:30,945.05,942.4,944.35,952517,66.47444856629173,942.2642857142857,0.12317115552528435,962.7089246574748,939.5100000000002,916.3110753425257,46.4,-10.0
207,945.95,2020-04-20 12:05:00+05:30,947.6,943.55,944.15,1941653,67.94852475460988,942.407142857143,1.4740761883181506,959.7991141332367,941.3425000000003,922.8858858667639,36.91,-9.0
208,944.55,2020-04-20 12:15:00+05:30,945.9,942.6,945.75,373397,65.46852725683638,942.45,-2.479997497773496,957.1322542011197,942.7325000000003,928.3327457988809,28.8,-8.0
209,945.0,2020-04-20 12:25:00+05:30,948.7,943.9,944.6,837727,65.89935431782291,943.1642857142858,0.43082706098653034,950.4142834513352,944.2275000000003,938.0407165486654,12.37,-16.0
210,943.8,2020-04-20 12:35:00+05:30,945.55,942.55,945.0,488209,63.619882883619105,943.95,-2.2794714342038063,948.1783101908565,943.7475000000002,939.3166898091439,8.86,-4.0
211,944.75,2020-04-20 12:45:00+05:30,945.0,942.0,943.8,415707,64.66201276051889,944.6142857142858,1.0421298768997858,947.3599592483008,943.5500000000002,939.7400407516996,7.62,-1.0
212,945.0,2020-04-20 12:55:00+05:30,946.6,943.0,944.75,416919,64.94658281850866,944.75,0.2845700579897681,947.4796985311755,943.6150000000001,939.7503014688248,7.73,0.0
213,945.0,2020-04-20 13:05:00+05:30,946.85,944.5,945.0,461015,64.94658281850866,944.8642857142858,0.0,947.6100410551119,943.7000000000002,939.7899589448884,7.82,0.0
214,944.75,2020-04-20 13:15:00+05:30,945.8,943.9,945.0,566300,64.34563625076363,944.6928571428572,-0.6009465677450265,947.5816082351929,943.6875000000002,939.7933917648076,7.79,-0.0
215,945.0,2020-04-20 13:25:00+05:30,945.0,944.05,944.85,485365,64.6974159174325,944.7571428571429,0.35177966666886107,947.6929262509502,943.7550000000001,939.81707374905,7.88,0.0
216,947.0,2020-04-20 13:35:00+05:30,947.0,944.1,945.0,621955,67.4631370642621,945.0428571428572,2.7657211468296055,948.1291681560285,943.945,939.7608318439716,8.37,0.0
217,945.4,2020-04-20 13:45:00+05:30,949.9,945.0,947.0,923489,63.19756843765504,945.2714285714285,-4.265568626607056,948.2324560494535,944.0000000000002,939.767543950547,8.46,0.0
218,945.65,2020-04-20 13:55:00+05:30,946.35,943.7,945.4,539648,63.5850003769933,945.3999999999999,0.38743193933825637,948.39026931841,944.0975000000002,939.8047306815904,8.59,0.0
219,947.2,2020-04-20 14:05:00+05:30,947.9,945.65,945.65,432952,65.97652032445157,945.7142857142856,2.3915199474582707,948.7569607127849,944.2450000000002,939.7330392872155,9.02,0.0
220,948.7,2020-04-20 14:15:00+05:30,953.0,947.1,947.15,1164087,68.15605981159172,946.242857142857,2.179539487140147,949.3603237964088,944.4325000000002,939.5046762035917,9.86,1.0
221,948.45,2020-04-20 14:25:00+05:30,952.0,946.0,948.65,734466,67.38131455484162,946.7714285714284,-0.7747452567500943,949.8854677212767,944.6425000000003,939.3995322787239,10.49,1.0
222,946.0,2020-04-20 14:35:00+05:30,948.5,945.0,948.1,469313,60.163610057317555,946.9142857142855,-7.217704497524068,949.734189626188,944.9425000000003,940.1508103738126,9.58,-1.0
223,940.4,2020-04-20 14:45:00+05:30,946.0,938.3,945.7,938327,47.61009627480279,945.9714285714283,-12.553513782514763,949.2864764156769,945.0475000000004,940.8085235843238,8.48,-1.0
224,944.1,2020-04-20 14:55:00+05:30,945.65,940.0,941.0,731249,54.382750347810415,945.7857142857141,6.772654073007622,948.8302767825694,945.2475000000004,941.6647232174314,7.17,-1.0
225,944.9,2020-04-20 15:05:00+05:30,944.95,942.5,944.0,756736,55.71576042104444,945.6785714285713,1.3330100732340284,948.8329098953192,945.2900000000005,941.7470901046819,7.09,-0.0
226,945.0,2020-04-20 15:15:00+05:30,947.85,943.1,944.95,1077573,55.889277887460814,945.3642857142856,0.17351746641637078,948.8389959577654,945.3300000000005,941.8210040422356,7.02,-0.0
227,944.0,2020-04-20 15:25:00+05:30,946.8,943.5,944.95,313500,53.62641892712083,944.6928571428571,-2.262858960339983,948.7771438467121,945.2325000000004,941.6878561532887,7.09,0.0
228,925.5,2020-04-21 09:15:00+05:30,932.0,922.05,925.0,1863671,29.682785553944782,941.4142857142857,-23.94363337317605,953.7994205927193,944.2800000000004,934.7605794072815,19.04,12.0
229,925.6,2020-04-21 09:25:00+05:30,927.0,922.4,925.5,866465,29.865073754130123,938.5,0.1822882001853401,955.9595100799672,943.3100000000004,930.6604899200336,25.3,6.0
230,928.3,2020-04-21 09:35:00+05:30,928.8,923.75,924.8,660109,34.781148662925816,936.7714285714286,4.916074908795693,956.8480084373045,942.5350000000004,928.2219915626963,28.63,3.0
231,927.65,2020-04-21 09:45:00+05:30,928.3,925.15,928.3,264865,34.16036409256445,934.4214285714286,-0.6207845703613657,957.4088337306474,941.6800000000005,925.9511662693536,31.46,3.0
232,928.5,2020-04-21 09:55:00+05:30,930.0,926.55,927.5,404801,35.774698116198735,932.0785714285714,1.6143340236342851,957.551734631911,940.8550000000005,924.1582653680899,33.39,2.0
233,928.1,2020-04-21 10:05:00+05:30,929.95,926.8,928.5,191913,35.33561735163282,929.6642857142858,-0.43908076456591516,957.5145137036146,940.0100000000004,922.5054862963863,35.01,2.0
234,926.45,2020-04-21 10:15:00+05:30,928.5,926.0,927.9,210305,33.508637173837315,927.157142857143,-1.8269801777955053,957.448829372412,939.0950000000005,920.741170627589,36.71,2.0
235,927.8,2020-04-21 10:25:00+05:30,927.8,924.5,926.65,381373,36.40580168464097,927.4857142857144,2.8971645108036554,957.0303829716944,938.2350000000004,919.4396170283063,37.59,1.0
236,927.0,2020-04-21 10:35:00+05:30,928.05,925.65,927.85,214018,35.42086572065766,927.6857142857143,-0.9849359639833111,956.1943221064696,937.2350000000004,918.2756778935311,37.92,0.0
237,928.75,2020-04-21 10:45:00+05:30,929.5,926.5,927.15,208028,39.29013879880106,927.75,3.869273078143401,955.3143864042814,936.4025000000004,917.4906135957193,37.82,-0.0
238,928.55,2020-04-21 10:55:00+05:30,928.8,926.65,928.55,175594,39.00252710447333,927.8785714285715,-0.2876116943277296,954.2440089620612,935.5475000000002,916.8509910379393,37.39,-0.0
239,927.2,2020-04-21 11:05:00+05:30,928.75,927.2,928.6,274542,37.03197333913856,927.6928571428572,-1.9705537653347704,952.7528050394372,934.5475000000002,916.3421949605632,36.41,-1.0
240,928.9,2020-04-21 11:15:00+05:30,928.95,926.1,927.2,178120,41.06967489108248,927.8071428571428,4.037701551943918,950.6412341844288,933.5575000000002,916.4737658155717,34.17,-2.0
241,928.65,2020-04-21 11:25:00+05:30,929.5,927.3,928.9,170516,40.65679564879393,928.1214285714285,-0.4128792422885468,948.255251675482,932.5675000000003,916.8797483245187,31.38,-3.0
242,929.2,2020-04-21 11:35:00+05:30,930.0,927.5,928.65,309271,42.037362022093184,928.3214285714284,1.3805663732992528,946.1336198618395,931.7275000000003,917.3213801381611,28.81,-3.0
243,931.7,2020-04-21 11:45:00+05:30,934.0,928.7,929.2,557576,47.963311586136335,928.992857142857,5.925949564043151,945.1093575526992,931.2925000000002,917.4756424473013,27.63,-1.0
244,929.5,2020-04-21 11:55:00+05:30,932.9,928.5,931.6,279015,43.72665360247073,929.0999999999998,-4.2366579836656015,943.0045710325471,930.5625000000003,918.1204289674536,24.88,-3.0
245,926.15,2020-04-21 12:05:00+05:30,929.95,926.0,929.5,335481,38.194192301635674,928.7571428571426,-5.53246130083506,940.2045482940085,929.6250000000003,919.0454517059921,21.16,-4.0
246,927.2,2020-04-21 12:15:00+05:30,927.85,926.15,926.2,238354,40.725635710093556,928.7571428571426,2.531443408457882,936.4850492358362,928.7350000000004,920.9849507641645,15.5,-6.0
247,920.7,2020-04-21 12:25:00+05:30,927.3,916.45,927.05,1035828,31.99051502496026,927.5857142857141,-8.735120685133296,931.9155240129762,927.5700000000004,923.2244759870246,8.69,-7.0
248,919.95,2020-04-21 12:35:00+05:30,921.6,918.3,920.8,660308,31.160030579519912,926.3428571428569,-0.8304844454403479,932.7588829087659,927.2925000000005,921.826117091235,10.93,2.0
249,916.0,2020-04-21 12:45:00+05:30,920.5,914.3,920.0,406935,27.16082488713633,924.4571428571427,-3.9992056923835833,934.2391146569715,926.8125000000006,919.3858853430296,14.85,4.0
250,915.55,2020-04-21 12:55:00+05:30,917.9,913.0,916.2,337018,26.739774845804277,922.1499999999999,-0.4210500413320517,935.1014538842339,926.1750000000005,917.2485461157671,17.85,3.0
251,916.5,2020-04-21 13:05:00+05:30,916.65,914.1,916.15,303392,29.233864236377514,920.2928571428571,2.4940893905732366,935.4978513148698,925.6175000000005,915.7371486851313,19.76,2.0
252,911.05,2020-04-21 13:15:00+05:30,916.5,910.0,916.5,421471,24.153629820811517,918.1357142857142,-5.080234415565997,936.4643452304965,924.7450000000005,913.0256547695044,23.44,4.0
253,911.3,2020-04-21 13:25:00+05:30,912.75,908.0,911.05,584827,24.79920695086821,915.8642857142858,0.6455771300566937,936.9456611069088,923.9050000000004,910.864338893092,26.08,3.0
254,911.3,2020-04-21 13:35:00+05:30,916.0,910.45,911.95,443432,24.79920695086821,914.5214285714286,0.0,937.2800482858758,923.1475000000004,909.014951714125,28.27,2.0
255,913.2,2020-04-21 13:45:00+05:30,916.0,908.95,911.05,425409,30.04729156763659,913.5571428571429,5.248084616768381,937.0380434055531,922.4175000000005,907.7969565944478,29.24,1.0
256,912.2,2020-04-21 13:55:00+05:30,915.0,911.3,913.5,324130,28.90397356503601,913.0142857142857,-1.14331800260058,936.8106450448129,921.6775000000005,906.544354955188,30.27,1.0
257,914.15,2020-04-21 14:05:00+05:30,915.0,911.65,912.05,329687,34.164633885943246,912.8142857142857,5.260660320907235,936.0526916833071,920.9475000000006,905.842308316694,30.21,-0.0
258,917.3,2020-04-21 14:15:00+05:30,917.55,913.5,913.8,452410,41.67268993019812,912.9285714285714,7.508056044254872,935.1317784171385,920.3850000000006,905.6382215828626,29.49,-1.0
259,919.85,2020-04-21 14:25:00+05:30,921.75,916.3,917.55,477820,46.94729660253328,914.1857142857143,5.27460667233516,934.4112952641141,920.0175000000005,905.6237047358869,28.79,-1.0
260,913.45,2020-04-21 14:35:00+05:30,920.25,912.25,920.0,352526,37.72614711587099,914.4928571428571,-9.221149486662291,933.2856140216597,919.2450000000005,905.2043859783412,28.08,-1.0
261,916.45,2020-04-21 14:45:00+05:30,917.4,912.0,913.05,398536,43.34371738210715,915.2285714285714,5.617570266236164,931.9989381211238,918.6350000000004,905.271061878877,26.73,-1.0
262,919.6,2020-04-21 14:55:00+05:30,919.7,914.0,916.45,428832,48.58794707791211,916.1428571428571,5.244229695804961,930.5776406210579,918.1550000000003,905.7323593789428,24.85,-2.0
263,922.35,2020-04-21 15:05:00+05:30,923.6,919.4,919.7,572498,52.703859763413995,917.5928571428573,4.115912685501883,928.5724425209397,917.6875000000002,906.8025574790607,21.77,-3.0
264,922.05,2020-04-21 15:15:00+05:30,926.0,921.9,922.2,631341,52.21278086170124,918.7214285714288,-0.49107890171275415,926.9341749290538,917.3150000000002,907.6958250709465,19.24,-3.0
265,919.0,2020-04-21 15:25:00+05:30,922.25,916.5,922.05,146609,47.37929233826425,918.9642857142859,-4.833488523436991,925.6841847265003,916.9575000000001,908.2308152734998,17.45,-2.0
266,914.6,2020-04-22 09:15:00+05:30,923.2,913.5,919.15,1511350,41.42195755032484,918.2142857142859,-5.957334787939409,923.6465073384984,916.3275,909.0084926615016,14.64,-3.0
267,916.0,2020-04-22 09:25:00+05:30,917.45,912.3,914.3,504066,43.841530621244345,918.5785714285715,2.4195730709195047,923.1162398195386,916.0925,909.0687601804614,14.05,-1.0
268,909.2,2020-04-22 09:35:00+05:30,916.1,907.85,916.0,596883,36.05218404293552,917.5428571428573,-7.789346578308823,922.9701977650413,915.555,908.1398022349586,14.83,1.0
269,911.55,2020-04-22 09:45:00+05:30,913.0,907.45,909.25,382469,40.018405494419824,916.3928571428572,3.9662214514843015,922.9556140894642,915.3324999999999,907.7093859105355,15.25,0.0
270,911.1,2020-04-22 09:55:00+05:30,913.0,909.75,911.55,411461,39.51302226437417,914.7857142857144,-0.505383230045652,922.9626964862523,915.1099999999999,907.2573035137475,15.71,0.0
271,910.6,2020-04-22 10:05:00+05:30,911.25,908.35,911.1,338041,38.9248158090393,913.1500000000002,-0.5882064553348698,922.8880285193115,914.8149999999998,906.7419714806881,16.15,0.0
272,910.35,2020-04-22 10:15:00+05:30,910.75,909.0,910.65,233190,38.615285292315086,911.9142857142859,-0.30953051672421594,922.9274826593337,914.7799999999997,906.6325173406658,16.29,0.0
273,911.3,2020-04-22 10:25:00+05:30,911.75,908.3,910.3,470495,40.54991419762428,911.4428571428573,1.9346289053091965,922.9274826593337,914.7799999999997,906.6325173406658,16.29,0.0
274,918.25,2020-04-22 10:35:00+05:30,919.0,911.2,911.2,624532,52.375305403007424,911.7642857142858,11.825391205383141,923.2428185234331,915.1274999999998,907.0121814765665,16.23,-0.0
275,917.25,2020-04-22 10:45:00+05:30,919.7,916.3,918.2,483848,50.80925499534949,912.9142857142859,-1.566050407657933,923.4449245221341,915.3299999999997,907.2150754778653,16.23,0.0
276,919.95,2020-04-22 10:55:00+05:30,920.0,916.5,917.0,520750,54.74389321779995,914.1142857142859,3.9346382224504595,923.9425115981321,915.7174999999997,907.4924884018674,16.45,0.0
277,922.55,2020-04-22 11:05:00+05:30,923.6,919.3,920.0,448229,58.2103398096682,915.7500000000001,3.466446591868248,924.8678388129789,916.1374999999996,907.4071611870203,17.46,1.0
278,916.7,2020-04-22 11:15:00+05:30,924.8,916.5,922.4,971199,49.097851000967054,916.6214285714286,-9.112488808701144,924.825133370295,916.1074999999997,907.3898666297044,17.44,-0.0
279,917.1,2020-04-22 11:25:00+05:30,918.45,914.5,916.7,385138,49.677926087286416,917.5857142857143,0.5800750863193613,924.5243094710356,915.9699999999997,907.4156905289638,17.11,-0.0
280,919.2,2020-04-22 11:35:00+05:30,920.25,915.15,917.1,325095,52.72394971732356,918.7142857142857,3.0460236300371477,924.8416515535707,916.2574999999997,907.6733484464287,17.17,0.0
281,920.0,2020-04-22 11:45:00+05:30,922.0,917.55,919.1,586763,53.86951059774692,918.9642857142857,1.1455608804233535,925.1811931568412,916.4349999999997,907.6888068431582,17.49,0.0
282,920.0,2020-04-22 11:55:00+05:30,920.9,918.2,919.95,486155,53.86951059774692,919.3571428571429,0.0,925.2334364990786,916.4549999999997,907.6765635009208,17.56,0.0
283,916.95,2020-04-22 12:05:00+05:30,920.8,916.7,920.0,372974,48.656408216439765,918.9285714285714,-5.213102381307152,924.5210409636293,916.1849999999998,907.8489590363704,16.67,-1.0
284,917.5,2020-04-22 12:15:00+05:30,919.0,915.8,916.95,224259,49.603519403801556,918.2071428571428,0.9471111873617915,923.8564856110862,915.9574999999999,908.0585143889135,15.8,-1.0
285,919.7,2020-04-22 12:25:00+05:30,919.9,916.6,917.4,349698,53.31333439502574,918.6357142857142,3.709814991224185,923.954202740385,915.9925,908.0307972596149,15.92,0.0
286,918.45,2020-04-22 12:35:00+05:30,920.0,918.2,919.85,404088,51.01546212806605,918.8285714285713,-2.2978722669596934,924.1909911776607,916.1850000000001,908.1790088223394,16.01,0.0
287,920.0,2020-04-22 12:45:00+05:30,920.0,918.0,918.4,155862,53.68141048601664,918.9428571428571,2.6659483579505903,924.5693946501506,916.385,908.2006053498494,16.37,0.0
288,919.95,2020-04-22 12:55:00+05:30,922.0,919.0,920.0,501741,53.58010818901377,918.9357142857142,-0.10130229700286719,924.5103347927486,916.9225,909.3346652072514,15.18,-1.0
289,919.2,2020-04-22 13:05:00+05:30,920.55,917.45,919.95,206140,51.99509212192708,918.8214285714284,-1.5850160670866913,924.5143433528227,917.3050000000001,910.0956566471774,14.42,-1.0
290,919.9,2020-04-22 13:15:00+05:30,920.1,917.55,919.2,416940,53.38124835621938,919.242857142857,1.3861562342923008,924.4136935515253,917.7450000000002,911.0763064484752,13.34,-1.0
291,914.7,2020-04-22 13:25:00+05:30,920.0,913.1,919.4,323518,43.364048278566756,918.8428571428569,-10.017200077652625,923.9080993083672,917.9500000000004,911.9919006916335,11.92,-1.0
292,916.5,2020-04-22 13:35:00+05:30,918.75,914.0,915.0,417286,47.06691972138006,918.3857142857141,3.7028714428133043,923.0931434285798,918.2575000000004,913.421856571421,9.67,-2.0
293,918.8,2020-04-22 13:45:00+05:30,920.5,915.55,916.9,455271,51.43610034387101,918.4357142857142,4.369180622490951,922.1909258790632,918.6325000000004,915.0740741209376,7.12,-3.0
294,919.25,2020-04-22 13:55:00+05:30,921.95,918.15,919.0,269601,52.26627133366509,918.3285714285713,0.8301709897940768,922.246394233168,918.6825000000005,915.118605766833,7.13,0.0
295,928.0,2020-04-22 14:05:00+05:30,928.75,919.0,919.4,757971,64.84893760507562,919.4785714285714,12.582666271410531,924.6357081473053,919.2200000000005,913.8042918526957,10.83,4.0
296,927.6,2020-04-22 14:15:00+05:30,930.0,925.05,927.9,692135,64.01815556932883,920.6785714285714,-0.8307820357467932,926.1892870132441,919.6025000000003,913.0157129867565,13.17,2.0
297,929.75,2020-04-22 14:25:00+05:30,931.95,925.5,927.9,667379,66.50222294575923,922.0857142857143,2.484067376430403,927.8801601408,919.9625000000003,912.0448398592007,15.84,3.0
298,929.75,2020-04-22 14:35:00+05:30,930.95,927.0,929.9,688602,66.50222294575923,924.2357142857144,0.0,929.4932466263245,920.6150000000004,911.7367533736762,17.76,2.0
299,930.2,2020-04-22 14:45:00+05:30,932.75,929.7,929.75,397563,67.05432802220713,926.1928571428572,0.5521050764479014,930.9528334261128,921.2700000000004,911.5871665738881,19.37,2.0
300,927.9,2020-04-22 14:55:00+05:30,932.9,926.5,930.3,695834,61.47709140278247,927.4928571428571,-5.57723661942466,931.770412376835,921.7050000000005,911.639587623166,20.13,1.0
301,927.6,2020-04-22 15:05:00+05:30,930.0,926.5,927.7,345207,60.76712298038295,928.6857142857143,-0.7099684223995197,932.4488084850957,922.0850000000004,911.7211915149051,20.73,1.0
302,929.95,2020-04-22 15:15:00+05:30,929.95,925.5,927.7,1294164,64.24996286308121,928.9642857142857,3.482839882698258,933.467075034615,922.5825000000004,911.6979249653858,21.77,1.0
303,929.75,2020-04-22 15:25:00+05:30,931.6,929.0,929.95,186965,63.731421062724515,929.2714285714285,-0.5185418003566937,934.2173061900994,923.2225000000004,912.2276938099014,21.99,0.0
304,926.0,2020-04-23 09:15:00+05:30,935.0,913.25,935.0,1599523,54.800763185077294,928.7357142857143,-8.93065787764722,934.3645535522622,923.6475000000004,912.9304464477385,21.43,-1.0
305,922.25,2020-04-23 09:25:00+05:30,926.7,920.05,925.9,715854,47.61520957939296,927.6642857142857,-7.185553605684333,934.3541005487708,923.7750000000003,913.1958994512298,21.16,-0.0
306,925.15,2020-04-23 09:35:00+05:30,927.8,922.5,922.9,476749,52.77248296449867,926.9428571428571,5.157273385105711,934.3994734149929,924.1100000000004,913.8205265850078,20.58,-1.0
307,926.5,2020-04-23 09:45:00+05:30,927.0,924.5,925.15,287117,54.99378633057172,926.7428571428571,2.2213033660730517,934.5875781014093,924.4350000000004,914.2824218985915,20.31,-0.0
308,929.75,2020-04-23 09:55:00+05:30,930.5,926.3,926.55,385956,59.88537342940534,927.05,4.891587098833618,935.1120661031244,924.9250000000004,914.7379338968764,20.37,0.0
309,927.7,2020-04-23 10:05:00+05:30,930.0,926.35,929.75,344973,55.76802375964311,926.7285714285714,-4.117349669762234,935.2361945209072,925.3500000000004,915.4638054790935,19.77,-1.0
310,933.65,2020-04-23 10:15:00+05:30,934.0,927.0,927.5,573008,63.59220874604542,927.2857142857141,7.824184986402315,936.2353777461915,926.0375000000004,915.8396222538092,20.4,1.0
311,931.3,2020-04-23 10:25:00+05:30,934.6,930.6,933.65,535779,59.142438639525736,928.0428571428571,-4.449770106519686,935.8042529131967,926.8675000000003,917.9307470868039,17.87,-3.0
312,931.0,2020-04-23 10:35:00+05:30,932.85,929.6,931.3,571212,58.57891381174579,929.2928571428571,-0.5635248277799434,935.2488200587525,927.5925000000003,919.9361799412482,15.31,-3.0
313,931.2,2020-04-23 10:45:00+05:30,932.65,930.3,931.0,374860,58.860342214632254,930.1571428571427,0.281428402886462,934.805309081029,928.2125000000003,921.6196909189716,13.19,-2.0
314,933.7,2020-04-23 10:55:00+05:30,933.7,930.5,930.8,468820,62.30775395716715,931.1857142857142,3.4474117425348965,934.475387598065,928.9350000000004,923.3946124019358,11.08,-2.0
315,934.85,2020-04-23 11:05:00+05:30,935.0,931.95,933.8,650716,63.810074766040955,931.9142857142857,1.5023208088738045,935.3917176846011,929.2775000000004,923.1632823153997,12.23,1.0
316,938.25,2020-04-23 11:15:00+05:30,940.75,932.75,935.0,889143,67.88553880535065,933.4214285714286,4.0754640393096935,937.0588547189743,929.8100000000004,922.5611452810265,14.5,2.0
317,945.0,2020-04-23 11:25:00+05:30,945.0,938.0,938.25,735059,74.11727334011655,935.0428571428572,6.231734534765906,940.5059350342117,930.5725000000004,920.6390649657892,19.87,5.0
318,943.9,2020-04-23 11:35:00+05:30,945.55,940.0,944.75,654619,71.67633020628755,936.842857142857,-2.440943133829009,942.8479411806014,931.2800000000004,919.7120588193994,23.14,3.0
319,947.05,2020-04-23 11:45:00+05:30,947.5,943.2,943.9,643073,74.28777276487493,939.1357142857142,2.6114425585873846,945.6480109836332,932.1225000000004,918.5969890163676,27.05,4.0
320,947.5,2020-04-23 11:55:00+05:30,948.25,945.0,947.35,904942,74.6473898173503,941.4642857142857,0.3596170524753717,948.099990140896,933.1025000000003,918.1050098591046,29.99,3.0
321,946.15,2020-04-23 12:05:00+05:30,947.8,943.0,947.4,543694,71.42017817976286,943.2428571428571,-3.2272116375874447,949.8656493227669,934.0300000000004,918.194350677234,31.67,2.0
322,947.3,2020-04-23 12:15:00+05:30,949.1,945.0,946.05,413643,72.51043652407931,945.0214285714285,1.090258344316453,951.6655295738478,934.8975000000004,918.1294704261529,33.54,2.0
323,944.45,2020-04-23 12:25:00+05:30,947.3,944.1,947.3,326964,65.81013443969309,945.9071428571427,-6.700302084386223,952.7358476255371,935.6325000000004,918.5291523744637,34.21,1.0
324,945.7,2020-04-23 12:35:00+05:30,947.3,944.1,944.3,488445,67.23997598448162,946.0071428571428,1.4298415447885304,953.6540327273008,936.6175000000005,919.5809672727003,34.07,-0.0
325,942.2,2020-04-23 12:45:00+05:30,945.75,940.05,945.65,323031,59.71020456985187,945.7642857142856,-7.529771414629749,953.3997061223321,937.6150000000005,921.8302938776689,31.57,-2.0
326,941.75,2020-04-23 12:55:00+05:30,944.55,940.3,942.35,380960,58.7985092802405,945.0071428571428,-0.9116952896113659,953.1808460189668,938.4450000000004,923.709153981034,29.47,-2.0
327,939.55,2020-04-23 13:05:00+05:30,941.8,937.05,941.6,507704,54.42346744210349,943.8714285714285,-4.375041838137015,952.7199456804111,939.0975000000004,925.4750543195897,27.24,-2.0
328,938.7,2020-04-23 13:15:00+05:30,939.7,934.55,939.3,483081,52.789131469335096,942.8071428571428,-1.6343359727683904,952.4433026219065,939.5450000000004,926.6466973780944,25.8,-1.0
329,939.1,2020-04-23 13:25:00+05:30,942.0,937.65,938.65,265972,53.4968543104156,941.6357142857142,0.7077228410805034,951.7555416766694,940.1150000000004,928.4744583233313,23.28,-3.0
330,939.65,2020-04-23 13:35:00+05:30,940.0,935.2,939.05,406020,54.50670233953772,940.9499999999999,1.009848029122118,951.656422461029,940.4150000000003,929.1735775389716,22.48,-1.0
331,943.85,2020-04-23 13:45:00+05:30,944.95,939.3,939.6,438596,61.40007066824167,940.6857142857143,6.89336832870395,951.5164915982378,941.0425000000002,930.5685084017626,20.95,-2.0
332,943.05,2020-04-23 13:55:00+05:30,943.85,941.5,943.55,189377,59.54916154182744,940.8071428571429,-1.8509091264142299,951.0147666094596,941.6450000000002,932.2752333905408,18.74,-2.0
333,945.95,2020-04-23 14:05:00+05:30,946.0,942.25,943.05,308262,63.80826617356216,941.407142857143,4.259104631734722,950.5333330216808,942.3825000000003,934.2316669783197,16.3,-2.0
