,close,date,high,low,open,volume,RSI_14,sma_7,RSI_Trend,ub,mb,lb,band_diff,band_diff_trend
0,2405.0,2020-04-09 09:15:00+05:30,2499.95,2401.0,2499.95,401821,0.0,0.0,,,,,,
1,2397.35,2020-04-09 09:25:00+05:30,2432.65,2395.0,2404.1,254684,0.0,0.0,0.0,,,,,
2,2422.0,2020-04-09 09:35:00+05:30,2426.6,2385.15,2396.9,278666,19.863013698630013,0.0,19.863013698630013,,,,,
3,2410.4,2020-04-09 09:45:00+05:30,2439.0,2402.9,2421.45,193669,18.04640423494952,0.0,-1.8166094636804928,,,,,
4,2402.2,2020-04-09 09:55:00+05:30,2414.95,2395.95,2409.3,155519,16.871732148570445,0.0,-1.1746720863790756,,,,,
5,2406.45,2020-04-09 10:05:00+05:30,2410.0,2400.0,2402.2,75574,19.786041679380148,0.0,2.914309530809703,,,,,
6,2403.7,2020-04-09 10:15:00+05:30,2417.6,2398.3,2406.0,118559,19.314204437450513,2406.7285714285717,-0.4718372419296344,,,,,
7,2405.65,2020-04-09 10:25:00+05:30,2410.0,2402.1,2404.45,55226,20.757248018862015,2406.821428571429,1.4430435814115015,,,,,
8,2382.75,2020-04-09 10:35:00+05:30,2407.85,2380.0,2406.2,200051,16.928287110163367,2404.735714285715,-3.8289609086986474,,,,,
9,2365.05,2020-04-09 10:45:00+05:30,2382.6,2360.0,2382.6,213324,14.675021576059706,2396.600000000001,-2.2532655341036616,,,,,
10,2350.0,2020-04-09 10:55:00+05:30,2368.4,2345.55,2364.5,225304,13.080692354522824,2387.971428571429,-1.5943292215368814,,,,,
11,2366.8,2020-04-09 11:05:00+05:30,2381.3,2349.0,2349.1,160505,23.121356380261503,2382.914285714286,10.040664025738678,,,,,
12,2369.0,2020-04-09 11:15:00+05:30,2375.0,2355.85,2365.95,82548,24.353700360759817,2377.5642857142857,1.2323439804983138,,,,,
13,2380.95,2020-04-09 11:25:00+05:30,2383.4,2367.6,2368.65,109371,30.838827446552045,2374.3142857142857,6.485127085792229,,,,,
14,2376.3,2020-04-09 11:35:00+05:30,2395.0,2373.2,2379.5,159358,29.769354147849157,2370.121428571428,-1.0694732987028885,,,,,
15,2379.95,2020-04-09 11:45:00+05:30,2388.7,2374.1,2375.95,78336,31.76956072684763,2369.7214285714285,2.0002065789984727,,,,,
16,2365.6,2020-04-09 11:55:00+05:30,2380.0,2365.0,2379.45,82104,28.35088063729482,2369.7999999999997,-3.418680089552808,,,,,
17,2370.0,2020-04-09 12:05:00+05:30,2370.6,2358.0,2366.1,101202,30.809433757903008,2372.657142857143,2.4585531206081868,,,,,
18,2366.1,2020-04-09 12:15:00+05:30,2375.85,2363.0,2369.5,60712,29.83230419686207,2372.5571428571425,-0.9771295610409396,,,,,
19,2371.55,2020-04-09 12:25:00+05:30,2379.0,2365.85,2366.1,73086,33.02879266904742,2372.9214285714284,3.196488472185351,2424.7625513370967,2384.84,2344.9174486629036,79.85,
20,2380.0,2020-04-09 12:35:00+05:30,2383.95,2365.55,2370.95,84555,37.76281962278651,2372.7857142857138,4.7340269537390895,2422.404940151279,2383.59,2344.7750598487214,77.63,-2.0
21,2376.15,2020-04-09 12:45:00+05:30,2392.0,2376.15,2380.0,105920,36.496953109078426,2372.7642857142855,-1.2658665137080831,2420.918298655765,2382.53,2344.1417013442356,76.78,-1.0
22,2378.0,2020-04-09 12:55:00+05:30,2379.0,2370.0,2376.85,73618,37.57974432236137,2372.485714285714,1.0827912132829454,2413.9399358742867,2380.3300000000004,2346.720064125714,67.22,-10.0
23,2374.7,2020-04-09 13:05:00+05:30,2383.0,2374.2,2376.6,64669,36.38786142902581,2373.785714285714,-1.1918828933355599,2409.082292128253,2378.545,2348.0077078717472,61.07,-6.0
24,2375.3,2020-04-09 13:15:00+05:30,2379.3,2374.0,2374.05,54471,36.780463931862414,2374.542857142857,0.3926025028366027,2405.648624053305,2377.2000000000003,2348.7513759466956,56.9,-4.0
25,2375.95,2020-04-09 13:25:00+05:30,2376.85,2370.0,2375.1,65621,37.232418987642895,2375.9500000000003,0.45195505578048056,2400.569630577273,2375.675,2350.7803694227273,49.79,-7.0
26,2363.65,2020-04-09 13:35:00+05:30,2375.9,2361.05,2375.4,89145,32.49790173161634,2374.821428571429,-4.734517256026557,2395.304724378896,2373.6725000000006,2352.040275621105,43.26,-7.0
27,2361.1,2020-04-09 13:45:00+05:30,2367.8,2361.0,2363.6,62912,31.60073856350833,2372.121428571429,-0.8971631681080083,2387.7257571270975,2371.4450000000006,2355.1642428729037,32.56,-11.0
28,2372.0,2020-04-09 13:55:00+05:30,2373.0,2355.1,2361.05,101731,39.3130164104324,2371.5285714285715,7.712277846924067,2386.3024846583726,2370.9075000000003,2355.512515341628,30.79,-2.0
29,2361.45,2020-04-09 14:05:00+05:30,2372.9,2358.0,2372.0,84282,35.178546875869685,2369.164285714286,-4.134469534562712,2386.4906307002643,2370.7275,2354.9643692997356,31.53,1.0
30,2355.15,2020-04-09 14:15:00+05:30,2365.3,2355.05,2361.4,73276,32.95004879838149,2366.371428571429,-2.2284980774881973,2385.436119060654,2370.985,2356.533880939346,28.9,-3.0
31,2367.0,2020-04-09 14:25:00+05:30,2368.5,2350.05,2355.15,111794,40.575450857807276,2365.1857142857148,7.625402059425788,2385.4341973825613,2370.995,2356.5558026174385,28.88,-0.0
32,2364.8,2020-04-09 14:35:00+05:30,2368.55,2361.0,2366.95,73069,39.673355944720576,2363.592857142857,-0.9020949130866995,2385.4664992780904,2370.7850000000003,2356.10350072191,29.36,0.0
33,2368.45,2020-04-09 14:45:00+05:30,2372.95,2364.0,2364.65,93435,41.978166300316694,2364.2785714285715,2.3048103555961177,2384.0631083234134,2370.1600000000003,2356.256891676587,27.81,-2.0
34,2374.0,2020-04-09 14:55:00+05:30,2377.25,2367.55,2368.4,123924,45.3944032808888,2366.121428571429,3.4162369805721085,2383.771190869626,2370.045,2356.318809130374,27.45,-0.0
35,2371.75,2020-04-09 15:05:00+05:30,2377.0,2370.0,2373.7,141031,44.25674909934636,2366.0857142857144,-1.1376541815424446,2382.5832817392866,2369.635,2356.686718260714,25.9,-2.0
36,2374.75,2020-04-09 15:15:00+05:30,2374.95,2363.0,2371.45,200764,46.19303667394947,2367.9857142857145,1.9362875746031136,2383.0870038989137,2370.0925,2357.0979961010867,25.99,0.0
37,2378.65,2020-04-09 15:25:00+05:30,2379.0,2372.7,2374.9,79614,48.688330799424996,2371.342857142857,2.4952941254755245,2384.0706537989886,2370.5250000000005,2356.9793462010125,27.09,1.0
38,2353.85,2020-04-13 09:15:00+05:30,2421.4,2333.0,2381.0,274910,36.95280753591291,2369.464285714286,-11.735523263512086,2385.285233037836,2369.9125000000004,2354.539766962165,30.75,4.0
39,2348.85,2020-04-13 09:25:00+05:30,2356.9,2331.0,2352.4,113258,35.11510766759881,2367.1857142857143,-1.837699868314104,2386.7699392015365,2368.7775,2350.7850607984637,35.98,5.0
40,2348.0,2020-04-13 09:35:00+05:30,2350.15,2337.0,2348.85,72921,34.79828330598855,2364.2642857142855,-0.3168243616102586,2386.602212285343,2367.1775000000002,2347.7527877146576,38.85,3.0
41,2335.4,2020-04-13 09:45:00+05:30,2351.7,2331.8,2348.0,99153,30.41721244270734,2358.75,-4.381070863281209,2388.7086812707466,2365.1400000000003,2341.571318729254,47.14,8.0
42,2335.0,2020-04-13 09:55:00+05:30,2343.95,2326.0,2335.35,97091,30.286850536500893,2353.5,-0.1303619062064456,2389.304426701555,2362.9900000000002,2336.6755732984457,52.63,5.0
43,2359.95,2020-04-13 10:05:00+05:30,2363.8,2334.0,2335.0,155451,45.87025978118579,2351.3857142857146,15.583409244684894,2388.005874331796,2362.2525,2336.499125668204,51.51,-1.0
44,2369.1,2020-04-13 10:15:00+05:30,2373.2,2353.45,2360.0,137649,50.26139304762574,2350.0214285714283,4.391133266439951,2387.178653577127,2361.9425,2336.706346422873,50.47,-1.0
45,2362.75,2020-04-13 10:25:00+05:30,2400.0,2362.7,2369.5,201573,47.38830357134865,2351.292857142857,-2.8730894762770873,2385.651727251639,2361.2825000000003,2336.9132727483616,48.74,-2.0
46,2381.55,2020-04-13 10:35:00+05:30,2383.9,2361.05,2364.0,88067,55.4989219807444,2355.964285714286,8.110618409395748,2388.1733594881234,2362.1775000000002,2336.181640511877,51.99,3.0
47,2368.9,2020-04-13 10:45:00+05:30,2388.3,2366.0,2380.2,121469,49.922156742313426,2358.9500000000003,-5.576765238430973,2388.72880680383,2362.5675,2336.40619319617,52.32,0.0
48,2357.35,2020-04-13 10:55:00+05:30,2370.0,2352.6,2367.25,96536,45.43318246977613,2362.085714285714,-4.488974272537298,2387.7030274103995,2361.835,2335.9669725896006,51.74,-1.0
49,2354.65,2020-04-13 11:05:00+05:30,2363.9,2351.0,2357.35,71640,44.42747455731412,2364.8928571428573,-1.0057079124620074,2387.562319729782,2361.4950000000003,2335.427680270219,52.13,0.0
50,2355.0,2020-04-13 11:15:00+05:30,2361.95,2352.6,2354.0,47840,44.59867615531491,2364.1857142857143,0.17120159800079193,2387.5625914617144,2361.4875,2335.412408538286,52.15,0.0
51,2355.0,2020-04-13 11:25:00+05:30,2357.0,2345.3,2355.0,87846,44.598676155314905,2362.171428571429,-7.105427357601002e-15,2386.9807512952643,2360.8875000000003,2334.794248704736,52.19,0.0
52,2356.5,2020-04-13 11:35:00+05:30,2362.0,2350.0,2355.7,81376,45.4342036769159,2361.2785714285715,0.8355275216009943,2386.5677602068477,2360.4725000000003,2334.377239793153,52.19,0.0
53,2349.9,2020-04-13 11:45:00+05:30,2362.0,2346.0,2356.5,64478,42.40391546022308,2356.757142857143,-3.030288216692817,2385.7647374429816,2359.5450000000005,2333.3252625570194,52.44,0.0
54,2349.95,2020-04-13 11:55:00+05:30,2353.65,2346.95,2349.95,41711,42.43523882988304,2354.05,0.03132336965995819,2383.9702044785918,2358.3425,2332.7147955214086,51.26,-1.0
55,2346.45,2020-04-13 12:05:00+05:30,2352.95,2341.3,2349.95,65907,40.76401288621428,2352.4928571428577,-1.6712259436687589,2382.414667934623,2357.0775000000003,2331.7403320653775,50.67,-1.0
56,2347.6,2020-04-13 12:15:00+05:30,2351.9,2346.05,2346.45,39145,41.57815138590098,2351.4857142857145,0.8141384996866989,2379.9557587048544,2355.7200000000003,2331.484241295146,48.47,-2.0
57,2345.6,2020-04-13 12:25:00+05:30,2349.5,2340.5,2347.0,41774,40.53473690493917,2350.1428571428573,-1.0434144809618076,2376.1297629702467,2354.0675,2332.0052370297535,44.12,-4.0
58,2348.95,2020-04-13 12:35:00+05:30,2359.65,2345.55,2345.85,60739,43.11003124619145,2349.2785714285715,2.575294341252274,2376.0034419144094,2353.8224999999998,2331.64155808559,44.36,0.0
59,2348.0,2020-04-13 12:45:00+05:30,2352.55,2346.15,2348.95,32934,42.54730257612454,2348.0642857142857,-0.5627286700669103,2376.0042731217322,2353.7799999999997,2331.5557268782673,44.45,0.0
60,2339.0,2020-04-13 12:55:00+05:30,2350.0,2338.0,2348.0,45343,37.54696697967542,2346.5071428571428,-5.000335596449119,2376.3955906857836,2353.33,2330.264409314216,46.13,2.0
61,2328.25,2020-04-13 13:05:00+05:30,2341.45,2328.1,2339.2,65691,32.61623311966768,2343.407142857143,-4.930733860007734,2377.39021304865,2352.9725,2328.55478695135,48.84,3.0
62,2320.1,2020-04-13 13:15:00+05:30,2334.9,2320.0,2327.5,77478,29.457805562559898,2339.6428571428564,-3.1584275571077853,2379.6752776878184,2352.2275,2324.7797223121815,54.9,6.0
63,2321.85,2020-04-13 13:25:00+05:30,2333.35,2315.0,2320.1,69605,31.002823618442406,2335.964285714285,1.5450180558825082,2380.6509906005085,2350.3224999999998,2319.994009399491,60.66,6.0
64,2328.2,2020-04-13 13:35:00+05:30,2333.0,2315.35,2322.35,67216,36.442484958453576,2333.4785714285704,5.43966134001117,2378.7899732907,2348.2774999999997,2317.7650267092995,61.02,0.0
65,2329.15,2020-04-13 13:45:00+05:30,2336.0,2323.1,2329.5,49405,37.239672148155755,2330.6499999999987,0.7971871897021785,2377.452892346266,2346.5975,2315.742107653734,61.71,1.0
66,2330.55,2020-04-13 13:55:00+05:30,2337.45,2325.0,2329.15,37640,38.464591799213345,2328.1571428571415,1.22491965105759,2370.9119056229347,2344.0474999999997,2317.1830943770647,53.73,-8.0
67,2333.05,2020-04-13 14:05:00+05:30,2337.5,2327.15,2330.55,43990,40.69067818071383,2327.3071428571416,2.2260863815004868,2366.823248657671,2342.255,2317.6867513423294,49.14,-5.0
68,2335.1,2020-04-13 14:15:00+05:30,2338.95,2330.0,2333.05,41232,42.52671539865871,2328.285714285713,1.8360372179448774,2364.832055215657,2341.1425,2317.452944784343,47.38,-2.0
69,2346.85,2020-04-13 14:25:00+05:30,2355.0,2334.55,2335.15,81939,51.74712841490019,2332.107142857141,9.22041301624148,2363.7525337528327,2340.7524999999996,2317.7524662471665,46.0,-1.0
70,2339.0,2020-04-13 14:35:00+05:30,2349.95,2334.8,2347.05,52759,46.392287003328484,2334.5571428571407,-5.354841411571705,2361.9574629569493,2339.9525,2317.9475370430505,44.01,-2.0
71,2339.35,2020-04-13 14:45:00+05:30,2347.85,2337.0,2338.65,55243,46.65733112128109,2336.149999999998,0.2650441179526055,2360.003813608496,2339.1699999999996,2318.3361863915034,41.67,-2.0
72,2337.0,2020-04-13 14:55:00+05:30,2345.8,2327.45,2339.45,87653,45.046906634834116,2337.2714285714264,-1.6104244864469734,2357.3733567706126,2338.1949999999997,2319.016643229387,38.36,-3.0
73,2349.2,2020-04-13 15:05:00+05:30,2350.2,2334.3,2337.0,167683,53.936022374882164,2339.935714285712,8.889115740048048,2357.250769331906,2338.1599999999994,2319.0692306680926,38.18,-0.0
74,2348.55,2020-04-13 15:15:00+05:30,2350.0,2346.0,2349.2,149947,53.44003416493803,2342.149999999998,-0.4959882099441373,2357.0082340335252,2338.0899999999997,2319.171765966474,37.84,-0.0
75,2350.5,2020-04-13 15:25:00+05:30,2350.5,2347.55,2349.15,58207,54.783405947578075,2344.349999999998,1.3433717826400482,2357.668672969584,2338.2925,2318.916327030416,38.75,1.0
76,2401.4,2020-04-15 09:15:00+05:30,2426.05,2381.55,2425.95,493430,75.03303766951089,2352.1428571428555,20.249631721932815,2375.1169905831084,2340.9825,2306.8480094168917,68.27,30.0
77,2429.1,2020-04-15 09:25:00+05:30,2438.75,2397.4,2401.75,277647,80.22358845316761,2365.014285714284,5.190550783656718,2397.3298588341154,2345.1575000000003,2292.985141165885,104.34,36.0
78,2445.8,2020-04-15 09:35:00+05:30,2446.4,2412.0,2428.1,274701,82.57554038759821,2380.2214285714267,2.351951934430602,2418.939057755459,2350.0000000000005,2281.060942244542,137.88,34.0
79,2448.5,2020-04-15 09:45:00+05:30,2455.0,2434.85,2445.9,244187,82.92902559041057,2396.1499999999983,0.3534852028123652,2436.805267211982,2355.0250000000005,2273.244732788019,163.56,26.0
80,2449.7,2020-04-15 09:55:00+05:30,2459.0,2446.55,2448.5,161677,83.09318878281177,2410.5071428571414,0.16416319240119037,2452.167731229698,2360.5600000000004,2268.952268770303,183.22,20.0
81,2451.5,2020-04-15 10:05:00+05:30,2451.6,2435.6,2449.1,202119,83.35180782595371,2425.214285714284,0.25861904314194817,2465.481651341454,2366.7225000000003,2267.9633486585467,197.52,14.0
82,2445.45,2020-04-15 10:15:00+05:30,2455.7,2445.4,2451.05,199436,78.97883218737914,2438.77857142857,-4.372975638574573,2475.1428658433033,2372.9900000000002,2270.837134156697,204.31,7.0
83,2451.5,2020-04-15 10:25:00+05:30,2452.0,2441.2,2445.45,120004,80.10300776965899,2445.9357142857125,1.1241755822798467,2484.378776341263,2379.4725000000003,2274.5662236587377,209.81,6.0
84,2450.5,2020-04-15 10:35:00+05:30,2452.5,2445.5,2451.7,121334,79.34767069886007,2448.992857142856,-0.755337070798916,2492.154478567719,2385.5875000000005,2279.0205214322823,213.13,3.0
85,2454.75,2020-04-15 10:45:00+05:30,2455.45,2449.45,2450.5,117507,80.20211618679578,2450.2714285714274,0.8544454879357062,2499.2310892166133,2391.8675000000003,2284.5039107833873,214.73,2.0
86,2455.4,2020-04-15 10:55:00+05:30,2456.55,2450.65,2454.8,118901,80.33611279451759,2451.257142857142,0.1339966077218122,2504.9794560273367,2398.11,2291.2405439726635,213.74,-1.0
87,2457.4,2020-04-15 11:05:00+05:30,2460.05,2451.5,2455.0,145598,80.76744641055323,2452.3571428571418,0.43133361603564424,2509.7184887039684,2404.3275000000003,2298.936511296032,210.78,-3.0
88,2464.95,2020-04-15 11:15:00+05:30,2468.75,2456.5,2457.4,188972,82.34209865748821,2454.2785714285706,1.5746522469349742,2514.234421268582,2410.82,2307.4055787314182,206.83,-4.0
89,2494.2,2020-04-15 11:25:00+05:30,2494.95,2464.1,2464.95,295460,86.83812672054498,2461.2428571428563,4.4960280630567695,2523.392602312728,2418.1875,2312.982397687272,210.41,4.0
90,2483.85,2020-04-15 11:35:00+05:30,2497.5,2482.3,2495.0,264112,79.15774986012673,2465.8642857142845,-7.680376860418249,2527.580937857971,2425.43,2323.2790621420286,204.3,-6.0
91,2476.65,2020-04-15 11:45:00+05:30,2491.0,2472.65,2484.1,207795,74.23872073620214,2469.599999999999,-4.919029123924588,2528.361341660334,2432.295,2336.2286583396663,192.13,-12.0
92,2460.65,2020-04-15 11:55:00+05:30,2481.9,2460.4,2476.85,171401,64.6275591879573,2470.4428571428566,-9.611161548244837,2524.0651618936463,2438.4775,2352.8898381063536,171.18,-21.0
93,2470.55,2020-04-15 12:05:00+05:30,2474.95,2460.15,2461.0,129430,67.43670115381165,2472.6071428571418,2.8091419658543515,2520.101614535063,2444.5450000000005,2368.988385464938,151.11,-20.0
94,2469.7,2020-04-15 12:15:00+05:30,2478.7,2468.75,2470.8,107282,66.94511913091908,2474.3642857142845,-0.49158202289257247,2511.8194178113035,2450.6025,2389.3855821886964,122.43,-29.0
95,2457.95,2020-04-15 12:25:00+05:30,2472.0,2452.15,2470.0,105186,60.391528348641955,2473.3642857142845,-6.553590782277126,2495.0616177125967,2455.975,2416.888382287403,78.17,-44.0
96,2453.65,2020-04-15 12:35:00+05:30,2460.9,2451.0,2459.0,92606,58.148104980837196,2467.5714285714275,-2.243423367804759,2488.136208672474,2458.5875,2429.0387913275263,59.1,-19.0
97,2437.45,2020-04-15 12:45:00+05:30,2453.95,2432.3,2453.65,141393,50.531999593204844,2460.9428571428566,-7.616105387632352,2486.9942629789616,2459.005,2431.0157370210386,55.98,-3.0
98,2438.45,2020-04-15 12:55:00+05:30,2443.0,2435.95,2437.45,81837,50.95899812514786,2455.4857142857136,0.4269985319430134,2487.5350663699464,2458.6375,2429.739933630053,57.8,2.0
99,2431.7,2020-04-15 13:05:00+05:30,2438.5,2427.4,2438.5,139813,47.95027916816199,2451.349999999999,-3.0087189569858666,2488.8333956015395,2457.7974999999997,2426.76160439846,62.07,4.0
100,2431.4,2020-04-15 13:15:00+05:30,2446.65,2423.35,2431.7,173211,47.815156414401855,2445.7571428571423,-0.13512275376013605,2489.9369729834057,2456.8824999999997,2423.8280270165938,66.11,4.0
101,2448.4,2020-04-15 13:25:00+05:30,2450.05,2430.0,2431.4,185577,55.472498126053495,2442.7142857142853,7.65734171165164,2489.917042979048,2456.7275,2423.537957020952,66.38,0.0
102,2459.55,2020-04-15 13:35:00+05:30,2467.0,2448.65,2448.7,225819,59.654108701693495,2442.9428571428566,4.181610575640001,2490.2098553892924,2457.4325,2424.6551446107073,65.55,-1.0
103,2477.35,2020-04-15 13:45:00+05:30,2477.4,2459.15,2459.15,231857,65.26255921987756,2446.3285714285703,5.608450518184064,2492.5396262343475,2458.725,2424.9103737656524,67.63,2.0
104,2474.05,2020-04-15 13:55:00+05:30,2484.5,2457.4,2476.65,340493,63.50018871677871,2451.5571428571416,-1.7623705030988503,2494.1485520198694,2459.9025,2425.656447980131,68.49,1.0
105,2450.15,2020-04-15 14:05:00+05:30,2475.95,2449.0,2474.05,344235,52.452573059346,2453.2285714285704,-11.047615657432708,2494.125419439359,2459.6725,2425.219580560641,68.91,0.0
106,2430.7,2020-04-15 14:15:00+05:30,2450.7,2430.3,2450.7,341275,45.512963400462155,2453.085714285713,-6.939609658883846,2495.226841634432,2458.4375,2421.648158365568,73.58,5.0
107,2433.25,2020-04-15 14:25:00+05:30,2441.7,2430.3,2432.0,273049,46.51210944683414,2453.3499999999985,0.9991460463719832,2495.7092138009216,2457.23,2418.7507861990784,76.96,3.0
108,2423.4,2020-04-15 14:35:00+05:30,2433.0,2404.6,2432.0,399116,43.21558066468362,2449.77857142857,-3.296528782150517,2496.2727021677424,2455.1525,2414.032297832258,82.24,5.0
109,2432.55,2020-04-15 14:45:00+05:30,2443.25,2413.15,2422.85,413336,46.97516400488618,2445.921428571427,3.7595833402025605,2489.9833832779295,2452.0700000000006,2414.1566167220717,75.83,-6.0
110,2488.35,2020-04-15 14:55:00+05:30,2505.5,2427.75,2434.9,4198087,63.04422836775307,2447.492857142856,16.06906436286689,2491.0466369773108,2452.2950000000005,2413.5433630226903,77.5,2.0
111,2488.5,2020-04-15 15:05:00+05:30,2513.5,2483.95,2488.15,7077100,63.076621610892154,2449.5571428571416,0.03239324313908298,2493.523598483986,2452.8875000000003,2412.2514015160145,81.27,4.0
112,2487.0,2020-04-15 15:15:00+05:30,2503.5,2460.15,2488.5,8213241,62.48676711290814,2454.821428571427,-0.5898544979840139,2497.521046619435,2454.2050000000004,2410.888953380566,86.63,5.0
113,2473.0,2020-04-15 15:25:00+05:30,2502.35,2466.1,2487.0,2630396,57.118041157529596,2460.864285714284,-5.368725955378544,2497.851534195279,2454.3275000000003,2410.803465804722,87.05,0.0
114,2436.4,2020-04-16 09:15:00+05:30,2466.0,2421.1,2466.0,421642,45.992772582811135,2461.3142857142843,-11.125268574718461,2496.2581525476203,2452.6625000000004,2409.0668474523804,87.19,0.0
115,2450.0,2020-04-16 09:25:00+05:30,2454.65,2431.55,2437.7,251428,49.89790355462698,2465.114285714284,3.9051309718158436,2495.802595369135,2452.2650000000003,2408.7274046308657,87.08,-0.0
116,2466.85,2020-04-16 09:35:00+05:30,2481.75,2445.1,2449.85,331154,54.30634706874033,2470.014285714284,4.408443514113351,2496.9484925322495,2452.925,2408.901507467751,88.05,1.0
117,2456.4,2020-04-16 09:45:00+05:30,2475.0,2453.05,2466.0,134404,51.29208634171538,2465.4499999999985,-3.014260727024947,2497.305369859252,2453.8725000000004,2410.4396301407487,86.87,-1.0
118,2472.0,2020-04-16 09:55:00+05:30,2486.9,2455.0,2456.7,153605,55.282355020742685,2463.092857142856,3.9902686790273023,2499.0663369201457,2455.5500000000006,2412.0336630798556,87.03,0.0
119,2477.5,2020-04-16 10:05:00+05:30,2479.95,2471.3,2472.3,56362,56.63132275666308,2461.735714285713,1.3489677359203966,2500.8896359786586,2457.840000000001,2414.7903640213435,86.1,-1.0
120,2522.65,2020-04-16 10:15:00+05:30,2525.85,2477.5,2477.5,277090,65.76212919128278,2468.8285714285703,9.1308064346197,2512.429802808728,2462.402500000001,2412.3751971912743,100.05,14.0
121,2486.2,2020-04-16 10:25:00+05:30,2523.2,2485.35,2521.15,198134,55.58718367493726,2475.9428571428557,-10.174945516345524,2514.9446291182394,2464.2925000000005,2413.6403708817616,101.3,1.0
122,2483.95,2020-04-16 10:35:00+05:30,2492.0,2476.8,2486.25,130423,55.021261851927726,2480.792857142856,-0.565921823009532,2516.854366316315,2465.5125000000003,2414.1706336836855,102.68,1.0
123,2499.5,2020-04-16 10:45:00+05:30,2501.5,2480.75,2484.0,97322,58.18937706647778,2485.457142857142,3.168115214550056,2519.953966662909,2466.6200000000003,2413.286033337092,106.67,4.0
124,2492.1,2020-04-16 10:55:00+05:30,2500.0,2487.55,2499.45,80916,56.162055214109536,2490.5571428571416,-2.027321852368246,2521.984785115484,2467.5225,2413.060214884516,108.92,2.0
125,2498.9,2020-04-16 11:05:00+05:30,2503.0,2488.55,2492.15,71229,57.62312121937006,2494.3999999999987,1.4610660052605269,2525.5015122133677,2469.96,2414.4184877866323,111.08,2.0
126,2496.35,2020-04-16 11:15:00+05:30,2508.0,2493.1,2499.0,109318,56.85783147428269,2497.092857142856,-0.7652897450873724,2526.736565337345,2473.2425000000003,2419.7484346626557,106.99,-4.0
127,2494.75,2020-04-16 11:25:00+05:30,2498.45,2490.0,2496.3,59069,56.35211878559184,2493.1071428571413,-0.5057126886908492,2527.135506288699,2476.3175,2425.499493711301,101.64,-5.0
128,2493.8,2020-04-16 11:35:00+05:30,2499.6,2492.05,2494.75,48461,56.03344292104002,2494.1928571428552,-0.31867586455182106,2524.6160178170867,2479.8375000000005,2435.0589821829144,89.56,-12.0
129,2484.9,2020-04-16 11:45:00+05:30,2498.95,2482.7,2493.8,82807,53.00903803665237,2494.32857142857,-3.02440488438765,2521.3253499503617,2482.4550000000004,2443.584650049639,77.74,-12.0
130,2490.1,2020-04-16 11:55:00+05:30,2494.3,2484.65,2485.05,47180,54.55251618952009,2492.985714285712,1.5434781528677206,2521.4765505146092,2482.5425000000005,2443.6084494853917,77.87,0.0
131,2491.6,2020-04-16 12:05:00+05:30,2495.0,2485.0,2490.05,46380,55.011565804804704,2492.914285714284,0.45904961528461286,2521.755897237179,2482.6975,2443.6391027628215,78.12,0.0
132,2488.0,2020-04-16 12:15:00+05:30,2496.0,2486.0,2491.65,64450,53.611954789251484,2491.357142857141,-1.3996110155532193,2521.83163966924,2482.7475000000004,2443.663360330761,78.17,0.0
133,2477.05,2020-04-16 12:25:00+05:30,2488.0,2475.6,2488.0,108173,49.48768746745029,2488.599999999998,-4.124267321801192,2521.8630880431388,2482.9500000000003,2444.036911956862,77.83,-0.0
134,2480.45,2020-04-16 12:35:00+05:30,2486.7,2477.0,2477.05,56716,50.75446828009351,2486.557142857141,1.2667808126432192,2517.3849203412196,2485.1525,2452.9200796587807,64.46,-13.0
135,2478.8,2020-04-16 12:45:00+05:30,2481.9,2473.2,2480.45,85993,50.097849918743904,2484.414285714284,-0.6566183613496079,2514.4949480156065,2486.5925,2458.690051984394,55.8,-9.0
136,2476.35,2020-04-16 12:55:00+05:30,2486.4,2474.3,2478.8,102829,49.082462202987095,2483.192857142855,-1.015387715756809,2513.856053623957,2487.0675,2460.278946376043,53.58,-2.0
137,2476.75,2020-04-16 13:05:00+05:30,2479.45,2473.65,2476.4,72232,49.26326864203282,2481.2857142857124,0.1808064390457247,2511.2729074655745,2488.085,2464.8970925344256,46.38,-7.0
138,2483.55,2020-04-16 13:15:00+05:30,2497.0,2475.2,2477.0,107957,52.36032355938036,2480.1357142857123,3.097054917347542,2510.710984253917,2488.6625000000004,2466.6140157460836,44.1,-2.0
139,2475.0,2020-04-16 13:25:00+05:30,2490.0,2475.0,2483.7,72965,48.362895971941114,2478.2785714285696,-3.9974275874392475,2510.87884413806,2488.5375000000004,2466.196155861941,44.68,1.0
140,2468.7,2020-04-16 13:35:00+05:30,2475.05,2468.0,2475.0,125968,45.60037360681519,2477.0857142857126,-2.7625223651259248,2503.343250825893,2485.84,2468.3367491741074,35.01,-10.0
141,2453.9,2020-04-16 13:45:00+05:30,2471.95,2450.35,2468.7,162804,39.842687570052526,2473.2928571428556,-5.757686036762664,2506.810964435333,2484.2250000000004,2461.6390355646677,45.17,10.0
142,2449.3,2020-04-16 13:55:00+05:30,2459.95,2447.05,2454.0,164079,38.227095618354696,2469.07857142857,-1.61559195169783,2509.9563379462393,2482.4925000000007,2455.028662053762,54.93,10.0
143,2445.8,2020-04-16 14:05:00+05:30,2450.0,2440.0,2449.25,118566,36.99780679975149,2464.714285714284,-1.2292888186032087,2510.571957876281,2479.807500000001,2449.0430421237206,61.53,7.0
144,2438.1,2020-04-16 14:15:00+05:30,2458.95,2435.0,2446.45,165969,34.378552981586125,2459.1928571428552,-2.6192538181653617,2512.465090936636,2477.107500000001,2441.749909063366,70.72,9.0
145,2441.05,2020-04-16 14:25:00+05:30,2447.0,2437.8,2438.1,97277,36.24089645744753,2453.121428571427,1.8623434758614081,2511.479786538901,2474.215000000001,2436.950213461101,74.53,4.0
146,2432.0,2020-04-16 14:35:00+05:30,2450.75,2432.0,2441.1,98986,33.13418108024507,2446.9785714285695,-3.1067153772024625,2511.2107666639977,2470.997500000001,2430.784233336004,80.43,6.0
147,2433.45,2020-04-16 14:45:00+05:30,2442.8,2432.0,2433.85,102034,34.10879827647878,2441.9428571428552,0.9746171962337087,2509.8321454576167,2467.932500000001,2426.032854542385,83.8,3.0
148,2433.95,2020-04-16 14:55:00+05:30,2439.0,2425.0,2433.75,224745,34.46352967801326,2439.0928571428553,0.3547314015344796,2507.602908825746,2464.9400000000005,2422.277091174255,85.33,2.0
149,2439.95,2020-04-16 15:05:00+05:30,2440.65,2432.2,2433.95,381301,38.726486372561624,2437.7571428571414,4.262956694548365,2505.6628970928355,2462.6925,2419.7221029071648,85.94,1.0
150,2434.05,2020-04-16 15:15:00+05:30,2440.0,2432.3,2439.25,360041,36.230793364694456,2436.07857142857,-2.4956930078671675,2502.644631635835,2459.8900000000003,2417.1353683641655,85.51,-0.0
151,2442.0,2020-04-16 15:25:00+05:30,2442.0,2432.15,2434.05,98479,41.6842140406632,2436.6357142857128,5.453420675968744,2498.1255033190855,2457.4100000000008,2416.694496680916,81.43,-4.0
152,2441.0,2020-04-17 09:15:00+05:30,2498.8,2425.1,2498.8,377238,41.20685515361171,2436.62857142857,-0.4773588870514871,2493.7147825052275,2455.0600000000004,2416.4052174947733,77.31,-4.0
153,2437.35,2020-04-17 09:25:00+05:30,2450.0,2435.2,2441.0,156333,39.4318559541296,2437.3928571428555,-1.7749991994821102,2491.0464366333445,2453.0750000000003,2415.103563366656,75.94,-1.0
154,2443.45,2020-04-17 09:35:00+05:30,2448.0,2426.0,2437.0,159897,43.78964937328025,2438.821428571427,4.357793419150646,2487.1298230157113,2451.2250000000004,2415.3201769842894,71.81,-4.0
155,2407.3,2020-04-17 09:45:00+05:30,2453.05,2402.3,2443.2,243126,30.00970968592948,2435.014285714284,-13.779939687350769,2486.13965684714,2447.6500000000005,2409.160343152861,76.98,5.0
156,2409.9,2020-04-17 09:55:00+05:30,2421.25,2405.0,2408.15,180889,31.67505713395562,2430.7214285714267,1.6653474480261394,2483.8443115456807,2444.3275000000003,2404.81068845432,79.03,2.0
157,2393.1,2020-04-17 10:05:00+05:30,2411.9,2385.0,2408.85,287767,27.17554043767369,2424.871428571427,-4.49951669628193,2482.7957715732023,2440.1450000000004,2397.4942284267986,85.3,6.0
158,2393.0,2020-04-17 10:15:00+05:30,2400.0,2389.0,2393.1,136327,27.15081711899478,2417.871428571427,-0.024723318678908868,2478.091916758178,2435.6175000000003,2393.1430832418228,84.95,-0.0
159,2387.2,2020-04-17 10:25:00+05:30,2394.6,2386.0,2393.35,105819,25.690924264057657,2410.1857142857125,-1.4598928549371237,2474.7008853851075,2431.2275,2387.7541146148924,86.95,2.0
160,2371.3,2020-04-17 10:35:00+05:30,2393.0,2365.05,2386.15,208603,22.171392682222304,2400.7499999999986,-3.519531581835352,2473.7971489181114,2426.3575000000005,2378.9178510818897,94.88,8.0
161,2374.3,2020-04-17 10:45:00+05:30,2375.0,2354.9,2372.9,177404,24.27919167655638,2390.871428571427,2.1077989943340754,2473.3151448012145,2422.3775000000005,2371.4398551987865,101.88,7.0
162,2385.8,2020-04-17 10:55:00+05:30,2386.9,2370.6,2374.65,111324,31.89364676328715,2387.7999999999984,7.614455086730771,2470.98349097464,2419.2025000000003,2367.4215090253606,103.56,2.0
163,2383.35,2020-04-17 11:05:00+05:30,2394.0,2381.0,2386.0,115075,31.174405337591196,2384.0071428571405,-0.7192414256959552,2468.6337559376857,2416.0800000000004,2363.526244062315,105.11,2.0
164,2385.1,2020-04-17 11:15:00+05:30,2391.05,2381.8,2383.35,73719,32.34797257634243,2382.8642857142836,1.1735672387512324,2466.6493910050394,2413.4300000000003,2360.210608994961,106.44,1.0
165,2378.0,2020-04-17 11:25:00+05:30,2385.15,2371.75,2385.0,81887,30.105107394427037,2380.7214285714263,-2.2428651819153913,2464.074579503982,2410.2775,2356.4804204960183,107.59,1.0
166,2367.3,2020-04-17 11:35:00+05:30,2381.85,2365.0,2378.0,96786,27.06005424119128,2377.878571428569,-3.045053153235756,2463.0744295721543,2407.0425000000005,2351.0105704278467,112.06,4.0
167,2365.45,2020-04-17 11:45:00+05:30,2368.75,2357.2,2367.0,105907,26.559843692604474,2377.042857142855,-0.5002105485868071,2461.1602251855998,2403.6425000000004,2346.124774814401,115.04,3.0
168,2364.2,2020-04-17 11:55:00+05:30,2375.0,2361.35,2367.45,63426,26.207334855401584,2375.599999999998,-0.3525088372028904,2458.389163422114,2400.155,2341.9208365778863,116.47,1.0
169,2371.05,2020-04-17 12:05:00+05:30,2372.0,2363.0,2364.2,54014,31.56743100274369,2373.492857142855,5.360096147342105,2453.1563098416245,2396.7100000000005,2340.2636901583764,112.89,-4.0
170,2363.7,2020-04-17 12:15:00+05:30,2373.0,2362.55,2372.75,66077,29.123004351410344,2370.6857142857125,-2.4444266513333446,2448.5997223584022,2393.1925,2337.785277641598,110.81,-2.0
171,2365.25,2020-04-17 12:25:00+05:30,2370.0,2363.0,2364.0,50440,30.34790536528105,2367.8499999999985,1.2249010138707064,2441.0349757617646,2389.3550000000005,2337.6750242382363,103.36,-7.0
172,2368.3,2020-04-17 12:35:00+05:30,2369.9,2363.2,2364.75,43874,32.808624520717885,2366.464285714284,2.460719155436834,2432.05570182006,2385.7200000000003,2339.3842981799403,92.67,-11.0
173,2382.0,2020-04-17 12:45:00+05:30,2385.8,2368.25,2369.3,88725,42.61544640112128,2368.5642857142843,9.806821880403398,2422.40463589041,2382.9525000000003,2343.5003641095905,78.9,-14.0
174,2378.45,2020-04-17 12:55:00+05:30,2384.95,2372.0,2382.0,97262,40.94767518329516,2370.421428571427,-1.6677712178261217,2407.0109231270094,2379.7025000000003,2352.3940768729913,54.62,-24.0
175,2378.0,2020-04-17 13:05:00+05:30,2388.0,2374.0,2377.3,85405,40.7300778758757,2372.3928571428555,-0.21759730741946015,2402.2579490733156,2378.2375,2354.217050926685,48.04,-7.0
176,2374.9,2020-04-17 13:15:00+05:30,2378.25,2370.0,2378.0,67908,39.18524775768394,2372.9428571428557,-1.5448301181917614,2395.3389378901406,2376.4875,2357.6360621098597,37.7,-10.0
177,2377.45,2020-04-17 13:25:00+05:30,2380.0,2371.85,2375.0,78541,41.16215113693364,2374.9071428571415,1.9769033792496984,2392.877465721232,2375.7050000000004,2358.5325342787687,34.34,-3.0
178,2382.4,2020-04-17 13:35:00+05:30,2384.7,2375.0,2376.8,65639,44.906098482440946,2377.3571428571418,3.7439473455073085,2390.672588946588,2375.175,2359.6774110534125,31.0,-3.0
179,2386.65,2020-04-17 13:45:00+05:30,2388.0,2380.15,2382.3,73842,47.96747177339517,2379.978571428571,3.061373290954222,2390.5569460093575,2375.1475000000005,2359.7380539906435,30.82,-0.0
180,2381.7,2020-04-17 13:55:00+05:30,2387.15,2378.0,2385.95,63857,44.84211365644528,2379.935714285714,-3.12535811694989,2391.231401384785,2375.6675000000005,2360.103598615216,31.13,0.0
181,2384.75,2020-04-17 14:05:00+05:30,2386.0,2379.05,2380.1,61915,47.128017097527746,2380.8357142857135,2.2859034410824677,2392.2542001455195,2376.19,2360.1257998544806,32.13,1.0
182,2392.0,2020-04-17 14:15:00+05:30,2392.0,2380.1,2383.45,78843,52.199189516265264,2382.8357142857135,5.071172418737518,2393.5538466103703,2376.5,2359.4461533896297,34.11,2.0
183,2387.4,2020-04-17 14:25:00+05:30,2394.85,2384.35,2391.95,77921,48.98861712370447,2384.6214285714277,-3.210572392560792,2394.1895019397734,2376.7025000000003,2359.215498060227,34.97,1.0
184,2388.6,2020-04-17 14:35:00+05:30,2392.0,2384.4,2387.2,69342,49.855087428162996,2386.214285714285,0.8664703044585238,2394.7833789228434,2376.8775,2358.9716210771567,35.81,1.0
185,2386.2,2020-04-17 14:45:00+05:30,2394.0,2384.4,2388.25,87826,48.09552009464652,2386.757142857142,-1.759567333516479,2395.6707553957913,2377.2875,2358.9042446042085,36.77,1.0
186,2381.9,2020-04-17 14:55:00+05:30,2390.0,2378.45,2386.45,143624,45.02910052717592,2386.0785714285703,-3.0664195674705965,2395.8830880631353,2378.0175,2360.1519119368645,35.73,-1.0
187,2386.5,2020-04-17 15:05:00+05:30,2389.0,2378.75,2381.9,188059,48.790516844418754,2386.7642857142846,3.7614163172428334,2396.2866198773036,2379.07,2361.8533801226968,34.43,-1.0
188,2384.3,2020-04-17 15:15:00+05:30,2387.85,2380.0,2386.05,232700,47.129548436461214,2386.6999999999985,-1.6609684079575402,2395.9295527248437,2380.0750000000003,2364.220447275157,31.71,-3.0
189,2387.0,2020-04-17 15:25:00+05:30,2390.0,2382.55,2384.0,75331,49.405961489268485,2385.985714285713,2.2764130528072712,2396.4171885496257,2380.8725000000004,2365.327811450375,31.09,-1.0
190,2377.2,2020-04-20 09:15:00+05:30,2420.0,2374.6,2420.0,294183,42.28874972842561,2384.52857142857,-7.117211760842878,2394.98160722161,2381.5475,2368.1133927783903,26.87,-4.0
191,2355.0,2020-04-20 09:25:00+05:30,2385.0,2350.8,2376.9,136947,31.291792122411778,2379.7285714285704,-10.99695760601383,2397.5220954321576,2381.0350000000003,2364.547904567843,32.97,6.0
192,2348.0,2020-04-20 09:35:00+05:30,2357.4,2340.5,2356.0,129350,28.752820174342204,2374.2714285714274,-2.538971948069573,2401.5395969439755,2380.02,2358.5004030560244,43.04,10.0
193,2346.9,2020-04-20 09:45:00+05:30,2366.3,2345.55,2345.8,115041,28.36335874566025,2369.2714285714274,-0.38946142868195466,2404.3462717642697,2378.2650000000003,2352.183728235731,52.16,9.0
194,2353.0,2020-04-20 09:55:00+05:30,2357.7,2345.15,2346.2,57084,33.72451827830143,2364.485714285713,5.361159532641182,2405.414161031492,2376.9925000000003,2348.5708389685087,56.84,5.0
195,2356.0,2020-04-20 10:05:00+05:30,2358.0,2347.05,2353.0,52421,36.251318046247974,2360.4428571428557,2.5267997679465424,2405.813365365328,2375.8925000000004,2345.9716346346727,59.84,3.0
196,2350.9,2020-04-20 10:15:00+05:30,2360.85,2347.0,2356.75,43241,33.88609010242905,2355.2857142857133,-2.3652279438189225,2406.637572513523,2374.6925,2342.747427486477,63.89,4.0
197,2357.05,2020-04-20 10:25:00+05:30,2358.0,2349.0,2352.0,34882,39.050371358352166,2352.4071428571415,5.164281255923115,2406.536373542388,2373.6725000000006,2340.808626457613,65.73,2.0
198,2359.6,2020-04-20 10:35:00+05:30,2363.0,2355.0,2355.55,53077,41.10459720585219,2353.0642857142843,2.054225847500021,2405.7020369911916,2372.5325000000003,2339.362963008809,66.34,1.0
199,2355.15,2020-04-20 10:45:00+05:30,2360.6,2352.0,2360.0,33604,38.65609966668349,2354.085714285713,-2.4484975391686987,2404.295549622482,2370.9575000000004,2337.6194503775187,66.68,0.0
200,2358.0,2020-04-20 10:55:00+05:30,2359.85,2354.3,2355.8,29492,41.07692904314462,2355.671428571427,2.4208293764611284,2403.1875371917467,2369.7725000000005,2336.3574628082542,66.83,0.0
201,2345.55,2020-04-20 11:05:00+05:30,2359.9,2345.0,2357.2,56297,34.64498387338942,2354.6071428571413,-6.4319451697551955,2402.115344365715,2367.812500000001,2333.509655634287,68.61,2.0
202,2343.0,2020-04-20 11:15:00+05:30,2347.95,2340.0,2347.0,85937,33.48835586655804,2352.7499999999986,-1.156628006831383,2399.389824546443,2365.3625000000006,2331.3351754535583,68.05,-1.0
203,2343.15,2020-04-20 11:25:00+05:30,2347.7,2342.0,2342.65,29406,33.628724240252794,2351.6428571428555,0.14036837369475563,2396.897264996386,2363.1500000000005,2329.402735003615,67.49,-1.0
204,2350.2,2020-04-20 11:35:00+05:30,2355.0,2336.0,2343.0,77945,40.034284831215786,2350.6642857142842,6.405560590962992,2393.2034824338357,2361.2300000000005,2329.2565175661653,63.95,-4.0
205,2355.9,2020-04-20 11:45:00+05:30,2356.9,2345.7,2350.2,38852,44.68273420963444,2350.135714285713,4.648449378418654,2389.5035371807326,2359.715000000001,2329.9264628192695,59.58,-4.0
206,2350.8,2020-04-20 11:55:00+05:30,2356.7,2348.3,2354.9,27856,41.57717329828319,2349.5142857142846,-3.1055609113512475,2386.2721363564874,2358.1600000000008,2330.047863643514,56.22,-3.0
207,2343.2,2020-04-20 12:05:00+05:30,2355.0,2341.5,2350.8,58766,37.40503689874779,2347.3999999999987,-4.172136399535404,2381.462376448259,2355.995000000001,2330.5276235517426,50.93,-5.0
208,2342.5,2020-04-20 12:15:00+05:30,2347.6,2340.0,2343.2,37201,37.03639778801265,2346.964285714285,-0.36863911073513833,2376.2627114919505,2353.9050000000007,2331.5472885080508,44.72,-6.0
209,2338.0,2020-04-20 12:25:00+05:30,2344.3,2338.0,2342.7,46613,34.670833466393034,2346.249999999999,-2.3655643216196154,2368.696379234102,2351.455000000001,2334.2136207658996,34.48,-10.0
210,2337.6,2020-04-20 12:35:00+05:30,2341.5,2335.0,2338.0,48833,34.46013799817996,2345.457142857141,-0.21069546821307483,2362.9521346321876,2349.475000000001,2335.997865367814,26.95,-8.0
211,2337.15,2020-04-20 12:45:00+05:30,2340.0,2336.0,2338.15,35482,34.2082779220038,2343.592857142856,-0.2518600761761576,2362.859506725921,2348.582500000001,2334.3054932740806,28.55,2.0
212,2340.05,2020-04-20 12:55:00+05:30,2345.35,2336.6,2337.0,70173,37.38438500325492,2341.32857142857,3.176107081251118,2362.964149608731,2348.185000000001,2333.4058503912706,29.56,1.0
213,2338.1,2020-04-20 13:05:00+05:30,2342.0,2337.15,2340.0,47113,36.121648483786004,2339.514285714284,-1.2627365194689162,2363.1940299473836,2347.745000000001,2332.295970052618,30.9,1.0
214,2336.0,2020-04-20 13:15:00+05:30,2340.55,2327.0,2338.0,101561,34.75998000258846,2338.485714285712,-1.3616684811975404,2362.9840580666814,2346.895000000001,2330.8059419333204,32.18,1.0
215,2328.0,2020-04-20 13:25:00+05:30,2336.6,2327.85,2336.5,58927,30.104257205749292,2336.414285714284,-4.6557227968391715,2363.0538903857364,2345.495000000001,2327.936109614265,35.12,3.0
216,2331.95,2020-04-20 13:35:00+05:30,2333.2,2325.0,2327.05,75021,34.75124585994294,2335.5499999999984,4.646988654193649,2362.9053027294112,2344.5475000000006,2326.18969727059,36.72,2.0
217,2325.95,2020-04-20 13:45:00+05:30,2333.0,2325.1,2331.95,60002,31.342508942597902,2333.8857142857128,-3.4087369173450384,2362.1427995716394,2342.9925000000003,2323.842200428361,38.3,2.0
218,2326.0,2020-04-20 13:55:00+05:30,2328.0,2325.0,2325.05,49544,31.402894396324072,2332.2928571428556,0.06038545372616966,2360.2221153485707,2341.3125000000005,2322.40288465143,37.82,-0.0
219,2322.4,2020-04-20 14:05:00+05:30,2333.4,2321.0,2326.05,75969,29.398052429313267,2329.7714285714274,-2.0048419670108046,2359.201244147957,2339.675,2320.1487558520435,39.05,1.0
220,2322.3,2020-04-20 14:15:00+05:30,2326.9,2321.95,2322.0,79547,29.34201443600071,2327.514285714284,-0.05603799331255743,2356.8825913533433,2337.8900000000003,2318.8974086466574,37.99,-1.0
221,2329.0,2020-04-20 14:25:00+05:30,2332.0,2322.0,2323.95,65290,37.885178428607496,2326.5142857142846,8.543163992606786,2356.09197505981,2337.0625000000005,2318.033024940191,38.06,0.0
222,2335.3,2020-04-20 14:35:00+05:30,2342.0,2329.2,2329.25,125071,44.660684023377215,2327.5571428571416,6.775505594769719,2355.511748619256,2336.6775000000007,2317.843251380745,37.67,-0.0
223,2331.7,2020-04-20 14:45:00+05:30,2337.0,2330.0,2335.0,79304,41.85135488822241,2327.5214285714274,-2.8093291351548046,2354.806474751849,2336.1050000000005,2317.403525248152,37.4,-0.0
224,2337.5,2020-04-20 14:55:00+05:30,2344.0,2330.05,2332.0,143226,47.573255613327795,2329.171428571427,5.721900725105385,2352.98091088434,2335.4700000000003,2317.9590891156604,35.02,-2.0
225,2333.1,2020-04-20 15:05:00+05:30,2337.35,2329.0,2337.3,197865,44.03334902038628,2330.1857142857125,-3.539906592941513,2348.974862580417,2334.3300000000004,2319.685137419584,29.29,-6.0
226,2340.2,2020-04-20 15:15:00+05:30,2340.95,2333.05,2333.1,172463,50.441561447332944,2332.72857142857,6.408212426946662,2346.584200775683,2333.8,2321.0157992243176,25.57,-4.0
227,2344.0,2020-04-20 15:25:00+05:30,2349.9,2339.8,2339.95,55132,53.50973242247036,2335.8285714285703,3.068170975137413,2346.752401219852,2333.84,2320.9275987801484,25.82,0.0
228,2324.5,2020-04-21 09:15:00+05:30,2339.35,2282.6,2283.0,311298,39.86911013732754,2335.185714285713,-13.640622285142818,2345.820078456745,2332.94,2320.0599215432553,25.76,-0.0
229,2351.7,2020-04-21 09:25:00+05:30,2356.95,2313.9,2324.1,259267,56.5192367129999,2337.5285714285706,16.65012657567236,2348.8769713997312,2333.625,2318.3730286002688,30.5,5.0
230,2354.0,2020-04-21 09:35:00+05:30,2376.95,2350.0,2351.45,259056,57.588650107774576,2340.714285714285,1.0694133947746778,2352.161180531674,2334.445,2316.7288194683265,35.43,5.0
231,2359.65,2020-04-21 09:45:00+05:30,2363.0,2346.1,2355.0,98678,60.179602014000714,2343.8785714285705,2.590951906226138,2356.563793569061,2335.57,2314.5762064309392,41.99,7.0
232,2362.55,2020-04-21 09:55:00+05:30,2368.45,2350.2,2359.0,80365,61.480351911087844,2348.0857142857135,1.3007498970871296,2360.87001755291,2336.695,2312.51998244709,48.35,6.0
233,2350.25,2020-04-21 10:05:00+05:30,2365.0,2347.0,2363.0,74006,53.498213080884376,2349.521428571428,-7.982138830203468,2362.22525381843,2337.3025000000002,2312.3797461815707,49.85,2.0
234,2353.0,2020-04-21 10:15:00+05:30,2358.0,2348.35,2350.15,71642,54.90781498691739,2350.807142857142,1.4096019060330107,2364.029526490679,2338.1525,2312.2754735093213,51.75,2.0
235,2352.35,2020-04-21 10:25:00+05:30,2355.65,2351.0,2353.05,37405,54.48739031833604,2354.7857142857133,-0.4204246685813473,2365.5255951546515,2339.37,2313.2144048453483,52.31,1.0
236,2348.5,2020-04-21 10:35:00+05:30,2354.0,2342.1,2352.15,54287,51.95008712897206,2354.3285714285703,-2.537303189363982,2366.411808567718,2340.1975,2313.9831914322826,52.43,0.0
237,2358.45,2020-04-21 10:45:00+05:30,2360.0,2347.0,2348.65,58465,57.46310249491138,2354.964285714285,5.513015365939324,2368.345587757836,2341.8225,2315.2994122421646,53.05,1.0
238,2355.05,2020-04-21 10:55:00+05:30,2365.6,2352.6,2358.45,78407,55.13519338271083,2354.3071428571416,-2.327909112200551,2369.327265281836,2343.2750000000005,2317.222734718165,52.1,-1.0
239,2343.9,2020-04-21 11:05:00+05:30,2356.35,2340.8,2355.05,109978,48.23418536830726,2351.642857142856,-6.901008014403573,2368.478755502608,2344.3500000000004,2320.221244497393,48.26,-4.0
240,2344.6,2020-04-21 11:15:00+05:30,2347.5,2336.45,2344.8,127871,48.66857039369831,2350.835714285713,0.4343850253910517,2367.2507051152306,2345.465,2323.6792948847697,43.57,-5.0
241,2341.8,2020-04-21 11:25:00+05:30,2346.7,2336.0,2345.0,56922,46.97070390805768,2349.235714285713,-1.6978664856406311,2366.565871515096,2346.1050000000005,2325.6441284849047,40.92,-3.0
242,2342.05,2020-04-21 11:35:00+05:30,2346.0,2336.25,2341.0,55282,47.14799343755229,2347.7642857142846,0.1772895294946082,2366.3686339900355,2346.4425,2326.5163660099647,39.85,-1.0
243,2336.1,2020-04-21 11:45:00+05:30,2346.0,2336.1,2340.85,61653,43.42676489799351,2345.992857142856,-3.72122853955878,2365.991503976828,2346.6625000000004,2327.3334960231728,38.66,-1.0
244,2336.5,2020-04-21 11:55:00+05:30,2340.0,2330.3,2336.1,61348,43.7481955549575,2342.8571428571413,0.3214306569639902,2366.0461895486437,2346.6125,2327.1788104513566,38.87,0.0
245,2339.2,2020-04-21 12:05:00+05:30,2342.45,2336.5,2337.95,38199,45.979324884308454,2340.592857142856,2.2311293293509564,2365.6365945293674,2346.9175000000005,2328.1984054706336,37.44,-1.0
246,2334.9,2020-04-21 12:15:00+05:30,2342.0,2333.0,2339.25,38570,43.05073705621265,2339.3071428571416,-2.9285878280958073,2365.914201160031,2346.6525000000006,2327.39079883997,38.52,1.0
247,2327.6,2020-04-21 12:25:00+05:30,2334.8,2322.35,2334.0,76888,38.560424638180855,2336.8785714285705,-4.490312418031792,2366.882947551172,2345.8325000000004,2324.782052448829,42.1,4.0
248,2321.3,2020-04-21 12:35:00+05:30,2331.5,2317.3,2327.6,78439,35.1527534083049,2333.9499999999994,-3.4076712298759517,2367.442021789574,2345.6725000000006,2323.902978210427,43.54,1.0
249,2320.1,2020-04-21 12:45:00+05:30,2327.0,2315.1,2321.3,57993,34.526862879371066,2330.814285714285,-0.6258905289338372,2368.4528490381917,2344.0925000000007,2319.7321509618096,48.72,5.0
250,2323.5,2020-04-21 12:55:00+05:30,2324.2,2316.2,2320.0,41057,37.90058195537915,2329.0142857142846,3.3737190760080864,2368.1065572920725,2342.5675000000006,2317.0284427079287,51.08,2.0
251,2337.1,2020-04-21 13:05:00+05:30,2338.8,2322.0,2323.85,65649,49.180816377562195,2329.099999999999,11.280234422183042,2365.7659142739276,2341.4400000000005,2317.1140857260734,48.65,-2.0
252,2330.45,2020-04-21 13:15:00+05:30,2340.95,2325.0,2339.9,47949,44.88722443631359,2327.849999999999,-4.293591941248607,2362.4737674018033,2339.835,2317.1962325981967,45.28,-3.0
253,2329.8,2020-04-21 13:25:00+05:30,2332.7,2325.0,2331.0,35470,44.47848045567549,2327.1214285714277,-0.4087439806380999,2361.317514061182,2338.8125000000005,2316.307485938819,45.01,-0.0
254,2332.35,2020-04-21 13:35:00+05:30,2342.0,2329.0,2329.8,78526,46.53535048183398,2327.799999999999,2.0568700261584922,2359.422633364418,2337.78,2316.1373666355826,43.29,-2.0
255,2331.7,2020-04-21 13:45:00+05:30,2335.35,2326.0,2332.6,41607,46.06686939246642,2329.2857142857133,-0.4684810893675575,2357.411617768662,2336.7475000000004,2316.083382231339,41.33,-2.0
256,2336.7,2020-04-21 13:55:00+05:30,2340.0,2329.0,2331.7,40626,50.21849717841603,2331.657142857142,4.151627785949607,2356.068863457485,2336.1575000000003,2316.2461365425156,39.82,-2.0
257,2335.0,2020-04-21 14:05:00+05:30,2339.0,2335.0,2336.7,28453,48.841862835000306,2333.299999999999,-1.3766343434157235,2351.9064003401872,2334.985,2318.063599659813,33.84,-6.0
258,2339.8,2020-04-21 14:15:00+05:30,2345.0,2335.0,2335.35,87835,52.77805053002932,2333.685714285713,3.9361876950290124,2348.505632304234,2334.2225000000003,2319.9393676957666,28.57,-5.0
259,2333.9,2020-04-21 14:25:00+05:30,2342.0,2332.15,2339.8,54938,47.89953356737947,2334.1785714285697,-4.878516962649847,2347.259874191445,2333.7225000000003,2320.1851258085558,27.07,-2.0
260,2327.05,2020-04-21 14:35:00+05:30,2334.5,2325.0,2333.8,63757,42.93714383113602,2333.785714285713,-4.962389736243452,2345.670053606094,2332.8450000000003,2320.0199463939066,25.65,-1.0
261,2321.8,2020-04-21 14:45:00+05:30,2330.45,2321.2,2326.25,47369,39.55483988960657,2332.2785714285696,-3.3823039415294502,2344.8477486972324,2331.8450000000003,2318.842251302768,26.01,0.0
262,2319.95,2020-04-21 14:55:00+05:30,2329.0,2317.0,2321.8,101696,38.40672881250797,2330.599999999998,-1.1481110770985978,2343.8469929105436,2330.7400000000002,2317.633007089457,26.21,0.0
263,2313.7,2020-04-21 15:05:00+05:30,2326.0,2310.0,2319.95,139200,34.73825634379972,2327.314285714284,-3.668472468708252,2344.5059665456806,2329.62,2314.734033454319,29.77,4.0
264,2312.25,2020-04-21 15:15:00+05:30,2318.65,2308.8,2313.7,127895,33.928571175177154,2324.064285714284,-0.8096851686225648,2344.80738045525,2328.4075000000003,2312.0076195447505,32.8,3.0
265,2310.05,2020-04-21 15:25:00+05:30,2315.0,2310.0,2312.25,48880,32.68382608638626,2319.814285714284,-1.2447450887908929,2344.4553375318606,2326.9500000000003,2309.44466246814,35.01,2.0
266,2303.6,2020-04-22 09:15:00+05:30,2329.0,2295.7,2317.95,128423,29.29093581081412,2315.485714285712,-3.3928902755721424,2345.32496515858,2325.385,2305.4450348414202,39.88,5.0
267,2284.95,2020-04-22 09:25:00+05:30,2305.1,2281.3,2303.6,119518,22.13557501577752,2309.4714285714263,-7.1553607950366,2350.115671325874,2323.2525,2296.3893286741263,53.73,14.0
268,2295.7,2020-04-22 09:35:00+05:30,2301.7,2275.65,2284.75,112924,32.38820056083611,2305.742857142855,10.252625545058592,2351.5317264516525,2321.9725,2292.413273548347,59.12,5.0
269,2306.35,2020-04-22 09:45:00+05:30,2324.0,2295.45,2295.45,114914,40.71648900850944,2303.799999999998,8.32828844767333,2351.656057898824,2321.285,2290.9139421011755,60.74,2.0
270,2309.3,2020-04-22 09:55:00+05:30,2314.15,2300.0,2306.0,60744,42.81761745260719,2303.171428571426,2.1011284440977462,2351.3887272895163,2320.575,2289.7612727104834,61.63,1.0
271,2314.2,2020-04-22 10:05:00+05:30,2314.4,2305.0,2309.3,55282,46.22674875863921,2303.4499999999975,3.409131306032023,2349.347085419522,2319.43,2289.5129145804776,59.83,-2.0
272,2327.2,2020-04-22 10:15:00+05:30,2327.95,2312.0,2314.25,110465,54.05325888181912,2305.899999999998,7.826510123179908,2348.967070703951,2319.2675,2289.567929296049,59.4,-0.0
273,2316.1,2020-04-22 10:25:00+05:30,2334.55,2312.5,2327.35,117466,47.672995501783845,2307.685714285712,-6.380263380035274,2347.8885847822103,2318.5824999999995,2289.276415217789,58.61,-1.0
274,2329.1,2020-04-22 10:35:00+05:30,2333.0,2314.05,2315.5,73688,54.45370088517748,2313.9928571428545,6.780705383393638,2347.4392930379086,2318.4199999999996,2289.4007069620907,58.04,-1.0
275,2337.0,2020-04-22 10:45:00+05:30,2338.0,2324.0,2329.8,65937,58.01426782122022,2319.8928571428546,3.56056693604274,2348.305478335791,2318.685,2289.0645216642088,59.24,1.0
276,2341.0,2020-04-22 10:55:00+05:30,2343.8,2330.55,2337.3,74404,59.73081780443486,2324.8428571428544,1.7165499832146338,2349.1272620066725,2318.9,2288.6727379933277,60.45,1.0
277,2337.95,2020-04-22 11:05:00+05:30,2342.0,2327.05,2341.0,52543,57.7906606334701,2328.9357142857116,-1.9401571709647598,2349.632230882531,2319.0474999999997,2288.4627691174683,61.17,1.0
278,2336.15,2020-04-22 11:15:00+05:30,2341.8,2335.0,2337.4,37722,56.62175585426353,2332.071428571426,-1.1689047792065637,2348.968105277818,2318.865,2288.7618947221818,60.21,-1.0
279,2332.3,2020-04-22 11:25:00+05:30,2337.0,2330.0,2336.15,37229,54.10117251963185,2332.799999999997,-2.520583334631681,2348.7279475045816,2318.785,2288.842052495418,59.89,-0.0
280,2342.0,2020-04-22 11:35:00+05:30,2343.0,2331.0,2332.9,47398,59.04761146351319,2336.4999999999973,4.94643894388134,2351.0492670496537,2319.5325,2288.015732950346,63.03,3.0
281,2338.45,2020-04-22 11:45:00+05:30,2345.95,2333.95,2342.05,53113,56.64175844578205,2337.835714285711,-2.4058530177311397,2352.9939361408424,2320.3649999999993,2287.7360638591563,65.26,2.0
282,2344.05,2020-04-22 11:55:00+05:30,2345.0,2335.0,2338.6,34207,59.44859437142239,2338.8428571428544,2.8068359256403355,2355.8715789110133,2321.5699999999997,2287.268421088986,68.6,3.0
283,2349.0,2020-04-22 12:05:00+05:30,2350.0,2343.1,2344.85,72432,61.80246484166951,2339.9857142857113,2.3538704702471236,2359.5129389014483,2323.335,2287.157061098552,72.36,4.0
284,2357.0,2020-04-22 12:15:00+05:30,2357.9,2345.05,2349.0,75734,65.3074218450933,2342.70714285714,3.5049570034237902,2364.308672065846,2325.5724999999998,2286.8363279341534,77.47,5.0
285,2361.6,2020-04-22 12:25:00+05:30,2363.0,2351.8,2357.55,82250,67.17266522625073,2346.3428571428535,1.865243381157427,2369.3210041041802,2328.1499999999996,2286.978995895819,82.34,5.0
286,2354.1,2020-04-22 12:35:00+05:30,2366.15,2352.0,2361.25,87700,61.378348313068464,2349.4571428571394,-5.794316913182264,2371.700492716489,2330.6749999999997,2289.6495072835105,82.05,-0.0
287,2357.5,2020-04-22 12:45:00+05:30,2359.0,2346.9,2354.45,66212,62.93907982677106,2351.671428571425,1.560731513702592,2370.895028357277,2334.3025,2297.7099716427224,73.19,-9.0
288,2359.0,2020-04-22 12:55:00+05:30,2363.3,2357.3,2358.0,56936,63.637233929014116,2354.607142857139,0.6981541022430591,2370.807159882066,2337.4674999999997,2304.1278401179334,66.68,-7.0
289,2357.8,2020-04-22 13:05:00+05:30,2361.7,2350.0,2359.0,50670,62.620916931566605,2356.571428571425,-1.016316997447511,2371.134213372626,2340.04,2308.9457866273738,62.19,-4.0
290,2353.75,2020-04-22 13:15:00+05:30,2357.85,2350.4,2357.85,40548,59.18540860426402,2357.2499999999964,-3.4355083273025855,2370.310445322989,2342.2625,2314.2145546770107,56.1,-6.0
291,2344.1,2020-04-22 13:25:00+05:30,2357.4,2341.2,2353.75,71167,51.88171007166043,2355.407142857139,-7.30369853260359,2368.500117718792,2343.7575,2319.0148822812084,49.49,-7.0
292,2349.0,2020-04-22 13:35:00+05:30,2352.0,2343.0,2343.0,47127,54.92351711668085,2353.607142857139,3.0418070450204198,2368.4115554770533,2344.8475000000003,2321.2834445229473,47.13,-2.0
293,2353.0,2020-04-22 13:45:00+05:30,2358.15,2348.85,2349.1,51399,57.29670156160095,2353.4499999999966,2.373184444920099,2366.2102186705984,2346.6925,2327.174781329402,39.04,-8.0
294,2353.0,2020-04-22 13:55:00+05:30,2356.0,2348.7,2353.0,30439,57.29670156160095,2352.8071428571393,0.0,2365.724182338414,2347.8875000000003,2330.0508176615867,35.67,-3.0
295,2353.95,2020-04-22 14:05:00+05:30,2355.0,2351.3,2352.9,28202,57.90711369468979,2352.0857142857108,0.6104121330888432,2365.994935353889,2348.735,2331.475064646111,34.52,-1.0
296,2359.0,2020-04-22 14:15:00+05:30,2359.0,2352.5,2354.15,38109,61.09104547338291,2352.2571428571396,3.183931778693122,2367.072953163308,2349.635,2332.1970468366926,34.88,0.0
297,2363.05,2020-04-22 14:25:00+05:30,2367.2,2358.0,2358.5,72876,63.47703948624526,2353.5857142857108,2.385994012862348,2368.3997747137346,2350.8900000000003,2333.380225286266,35.02,0.0
298,2371.0,2020-04-22 14:35:00+05:30,2373.5,2363.0,2363.1,76067,67.66830394134381,2357.4285714285684,4.191264455098548,2370.8864476624262,2352.6325000000006,2334.378552337575,36.51,1.0
299,2368.25,2020-04-22 14:45:00+05:30,2372.0,2365.0,2371.3,40260,64.89412347250212,2360.1785714285684,-2.774180468841692,2371.2798446033594,2354.4300000000003,2337.580155396641,33.7,-3.0
300,2373.0,2020-04-22 14:55:00+05:30,2374.4,2367.05,2369.3,99325,67.38159297805998,2363.035714285711,2.4874695055578684,2373.6964627573075,2355.9800000000005,2338.2635372426935,35.43,2.0
301,2394.6,2020-04-22 15:05:00+05:30,2399.7,2373.0,2373.35,207365,75.78430826860014,2368.978571428568,8.402715290540158,2381.8090431143946,2358.7875000000004,2335.765956885606,46.04,11.0
302,2392.0,2020-04-22 15:15:00+05:30,2395.65,2382.55,2394.45,194197,73.33538729349965,2374.4142857142824,-2.448920975100492,2387.4963963701457,2361.1850000000004,2334.873603629855,52.62,7.0
303,2390.0,2020-04-22 15:25:00+05:30,2393.0,2385.15,2392.45,47593,71.42343288804747,2378.8428571428535,-1.9119544054521782,2391.8381117188246,2363.235,2334.6318882811756,57.21,5.0
304,2370.5,2020-04-23 09:15:00+05:30,2389.0,2355.65,2389.0,187917,56.07337723121129,2379.9071428571397,-15.350055656836183,2392.530743305652,2363.9100000000003,2335.2892566943488,57.24,0.0
305,2405.85,2020-04-23 09:25:00+05:30,2412.95,2364.85,2371.05,234057,69.05647884637656,2384.885714285711,12.983101615165275,2400.294425611525,2366.1225000000004,2331.9505743884756,68.34,11.0
306,2398.95,2020-04-23 09:35:00+05:30,2412.95,2387.35,2405.9,134189,65.01702989673265,2389.271428571425,-4.039448949643912,2405.0118222216743,2368.3650000000002,2331.718177778326,73.29,5.0
307,2399.75,2020-04-23 09:45:00+05:30,2407.0,2396.55,2399.75,73432,65.27068261489686,2393.0928571428535,0.2536527181642043,2409.293984222145,2370.4775,2331.661015777855,77.63,4.0
308,2407.9,2020-04-23 09:55:00+05:30,2412.3,2397.55,2399.0,76952,67.82979290710779,2394.992857142854,2.5591102922109314,2414.7393119678864,2372.9225,2331.105688032114,83.63,6.0
309,2403.9,2020-04-23 10:05:00+05:30,2407.9,2400.0,2407.9,45029,65.28702511343619,2396.6928571428543,-2.542767793671601,2418.588220461577,2375.2275,2331.866779538423,86.72,3.0
310,2402.95,2020-04-23 10:15:00+05:30,2405.0,2400.05,2404.3,36059,64.66698876957457,2398.5428571428542,-0.6200363438616137,2421.4979634822093,2377.6875,2333.8770365177907,87.62,1.0
311,2397.4,2020-04-23 10:25:00+05:30,2404.95,2393.7,2403.1,50470,61.02093407408031,2402.385714285712,-3.6460546954942643,2421.9909497790163,2380.3525,2338.7140502209836,83.28,-4.0
312,2386.9,2020-04-23 10:35:00+05:30,2400.0,2375.35,2397.4,74150,54.733482905628925,2399.6785714285693,-6.287451168451383,2421.2439434950534,2382.2475000000004,2343.2510565049474,77.99,-5.0
313,2393.5,2020-04-23 10:45:00+05:30,2395.9,2386.3,2386.9,61118,57.684899217802744,2398.899999999998,2.9514163121738193,2421.0151967322436,2384.2725,2347.5298032677565,73.49,-4.0
314,2379.95,2020-04-23 10:55:00+05:30,2393.5,2377.0,2393.5,62359,50.416977480664706,2396.0714285714266,-7.267921737138039,2419.390189283009,2385.62,2351.8498107169908,67.54,-6.0
315,2382.0,2020-04-23 11:05:00+05:30,2382.0,2368.05,2379.0,80320,51.41434543735327,2392.3714285714263,0.9973679566885636,2417.415703447304,2387.0225,2356.629296552696,60.79,-7.0
316,2389.1,2020-04-23 11:15:00+05:30,2389.95,2381.15,2381.25,60298,54.80513384300906,2390.25714285714,3.3907884056557904,2415.9099852779977,2388.5275,2361.1450147220025,54.76,-6.0
317,2391.8,2020-04-23 11:25:00+05:30,2397.8,2386.0,2389.1,110412,56.06097059784247,2388.664285714283,1.2558367548334104,2414.5963044294144,2389.965,2365.333695570586,49.26,-6.0
318,2366.0,2020-04-23 11:35:00+05:30,2390.65,2365.0,2389.0,193222,43.59510504659639,2384.1785714285684,-12.465865551246083,2415.241994999098,2389.715,2364.188005000902,51.05,2.0
319,2366.0,2020-04-23 11:45:00+05:30,2369.95,2350.25,2366.0,173420,43.59510504659638,2381.192857142854,-7.105427357601002e-15,2415.544266262956,2389.6025,2363.6607337370438,51.88,1.0
320,2355.0,2020-04-23 11:55:00+05:30,2367.0,2352.8,2366.1,84238,39.276558554012254,2375.692857142854,-4.318546492584126,2418.0896521336463,2388.7025000000003,2359.3153478663544,58.77,7.0
321,2339.4,2020-04-23 12:05:00+05:30,2355.0,2333.4,2355.0,201891,34.115196292494346,2369.899999999997,-5.161362261517908,2422.4930457515557,2385.9425,2349.3919542484446,73.1,14.0
322,2337.85,2020-04-23 12:15:00+05:30,2348.7,2336.0,2338.05,90213,33.642146995080566,2363.5928571428535,-0.4730492974137803,2425.4756900362263,2383.235,2340.994309963774,84.48,11.0
323,2315.05,2020-04-23 12:25:00+05:30,2341.0,2315.0,2337.95,175751,27.583270293219456,2353.0142857142823,-6.058876701861109,2431.394024029661,2379.4875,2327.5809759703393,103.81,19.0
324,2323.45,2020-04-23 12:35:00+05:30,2326.0,2311.25,2316.0,155680,32.41277038050079,2343.249999999997,4.829500087281332,2434.7116866197157,2377.135,2319.5583133802847,115.15,11.0
325,2331.0,2020-04-23 12:45:00+05:30,2333.0,2321.95,2322.15,108908,36.51115794370313,2338.249999999997,4.098387563202344,2432.8113812362544,2373.3925000000004,2313.9736187637463,118.84,4.0
326,2341.0,2020-04-23 12:55:00+05:30,2351.95,2325.9,2330.0,248105,41.56540160514398,2334.6785714285684,5.05424366144085,2430.31674309871,2370.4950000000003,2310.6732569012906,119.64,1.0
327,2323.65,2020-04-23 13:05:00+05:30,2341.75,2320.0,2341.0,143004,36.18330850012822,2330.199999999997,-5.3820931050157625,2428.3300126370395,2366.6900000000005,2305.0499873629615,123.28,4.0
328,2318.9,2020-04-23 13:15:00+05:30,2323.9,2308.05,2323.65,187150,34.85274670496466,2327.271428571426,-1.330561795163561,2424.2028972174367,2362.2400000000007,2300.2771027825647,123.93,1.0
329,2319.2,2020-04-23 13:25:00+05:30,2325.0,2318.0,2318.9,51380,35.01528299207625,2324.60714285714,0.16253628711159251,2419.5557227714166,2358.005,2296.4542772285836,123.1,-1.0
330,2322.1,2020-04-23 13:35:00+05:30,2322.75,2312.05,2319.0,54367,36.66037849519837,2325.614285714283,1.6450955031221213,2413.6769333694224,2353.9625000000005,2294.2480666305787,119.43,-4.0
331,2327.25,2020-04-23 13:45:00+05:30,2333.65,2322.0,2322.1,83308,39.58531416729183,2326.15714285714,2.9249356720934543,2407.6127770183884,2350.4550000000004,2293.2972229816123,114.32,-5.0
332,2325.0,2020-04-23 13:55:00+05:30,2328.8,2320.0,2327.25,50547,38.74353139952476,2325.299999999997,-0.8417827677670644,2402.8889265537346,2347.36,2291.8310734462657,111.06,-3.0
333,2320.35,2020-04-23 14:05:00+05:30,2327.7,2320.05,2325.0,41705,36.992727880265534,2322.349999999997,-1.7508035192592288,2395.97614712941,2343.7025000000003,2291.4288528705906,104.55,-7.0
