,close,date,high,low,open,volume,RSI_14,sma_7,RSI_Trend,ub,mb,lb,band_diff,band_diff_trend
0,1206.9,2020-04-13 09:15:00+05:30,1215.0,1190.15,1203.95,917419,0.0,0.0,,,,,,
1,1190.55,2020-04-13 09:25:00+05:30,1208.4,1190.3,1206.9,464061,0.0,0.0,0.0,,,,,
2,1186.95,2020-04-13 09:35:00+05:30,1193.7,1184.4,1190.4,532752,0.0,0.0,0.0,,,,,
3,1180.55,2020-04-13 09:45:00+05:30,1187.9,1180.0,1186.45,410528,0.0,0.0,0.0,,,,,
4,1186.3,2020-04-13 09:55:00+05:30,1186.9,1180.05,1180.9,216563,2.9030567100665223,0.0,2.9030567100665223,,,,,
5,1186.7,2020-04-13 10:05:00+05:30,1191.95,1184.2,1186.3,271019,3.1137712001175544,0.0,0.21071449005103204,,,,,
6,1182.8,2020-04-13 10:15:00+05:30,1187.6,1180.0,1186.0,284754,3.044399898820302,1188.6785714285713,-0.06937130129725233,,,,,
7,1186.0,2020-04-13 10:25:00+05:30,1187.0,1182.4,1182.5,128407,4.916243375341921,1185.6928571428573,1.8718434765216188,,,,,
8,1193.55,2020-04-13 10:35:00+05:30,1200.0,1184.5,1186.0,482556,9.362418814725245,1186.1214285714286,4.446175439383325,,,,,
9,1193.0,2020-04-13 10:45:00+05:30,1195.85,1189.1,1193.0,230743,9.328198934577244,1186.9857142857143,-0.034219880148000925,,,,,
10,1186.7,2020-04-13 10:55:00+05:30,1193.5,1185.0,1192.6,209898,8.92576161617329,1187.8642857142859,-0.4024373184039547,,,,,
11,1189.0,2020-04-13 11:05:00+05:30,1190.0,1186.35,1186.7,129511,10.444781005130025,1188.2500000000002,1.5190193889567354,,,,,
12,1192.9,2020-04-13 11:15:00+05:30,1196.0,1189.0,1189.0,217157,13.091758128614245,1189.1357142857144,2.64697712348422,,,,,
13,1192.5,2020-04-13 11:25:00+05:30,1193.9,1187.5,1192.2,162294,13.049156930886895,1190.5214285714287,-0.04260119772735038,,,,,
14,1195.0,2020-04-13 11:35:00+05:30,1199.75,1191.15,1192.35,291248,14.912758138048545,1191.8071428571432,1.8636012071616506,,,,,
15,1202.4,2020-04-13 11:45:00+05:30,1203.0,1194.5,1195.0,381943,20.354252375207864,1193.071428571429,5.4414942371593185,,,,,
16,1195.0,2020-04-13 11:55:00+05:30,1206.4,1195.0,1201.85,334342,19.042752838531484,1193.3571428571431,-1.3114995366763793,,,,,
17,1199.45,2020-04-13 12:05:00+05:30,1201.2,1195.0,1195.0,136718,22.285607016924388,1195.1785714285718,3.2428541783929035,,,,,
18,1195.0,2020-04-13 12:15:00+05:30,1200.5,1195.0,1199.0,126259,21.36401389848703,1196.0357142857144,-0.9215931184373574,,,,,
19,1192.5,2020-04-13 12:25:00+05:30,1196.5,1190.0,1195.0,263585,20.842542923212434,1195.9785714285717,-0.5214709752745961,1204.6038248398463,1191.6875000000002,1178.7711751601541,25.83,
20,1191.3,2020-04-13 12:35:00+05:30,1193.6,1190.3,1192.0,131558,20.582839013902543,1195.8071428571432,-0.2597039093098914,1201.6583763412693,1190.9075,1180.1566236587307,21.5,-4.0
21,1191.0,2020-04-13 12:45:00+05:30,1193.95,1188.0,1191.3,210279,20.51402082064331,1195.2357142857145,-0.06881819325923288,1201.6796095400325,1190.93,1180.1803904599676,21.5,0.0
22,1193.55,2020-04-13 12:55:00+05:30,1195.0,1189.0,1191.15,165979,22.874496924442226,1193.9714285714288,2.3604761037989164,1201.899825879066,1191.26,1180.620174120934,21.28,-0.0
23,1187.0,2020-04-13 13:05:00+05:30,1195.5,1186.0,1193.5,261376,21.138056318108795,1192.8285714285716,-1.7364406063334314,1201.1970873272692,1191.5825,1181.9679126727308,19.23,-2.0
24,1182.4,2020-04-13 13:15:00+05:30,1186.55,1182.1,1186.2,353050,19.99035194351113,1190.392857142857,-1.1477043745976658,1201.5932195006683,1191.3875000000003,1181.1817804993323,20.41,1.0
25,1182.95,2020-04-13 13:25:00+05:30,1185.5,1180.5,1182.4,235869,20.545835481341427,1188.6714285714286,0.5554835378302982,1201.8944156603245,1191.2000000000003,1180.505584339676,21.39,1.0
26,1186.05,2020-04-13 13:35:00+05:30,1186.85,1180.6,1182.95,194908,23.75877383452746,1187.75,3.2129383531860327,1201.6088793348524,1191.3625000000002,1181.116120665148,20.49,-1.0
27,1188.55,2020-04-13 13:45:00+05:30,1190.65,1185.2,1186.1,248216,26.34548593288605,1187.357142857143,2.586712098358589,1201.516522721998,1191.4900000000002,1181.4634772780025,20.05,-0.0
28,1187.2,2020-04-13 13:55:00+05:30,1189.5,1186.1,1188.55,122250,25.83573562472344,1186.814285714286,-0.5097503081626087,1201.3257196086295,1191.1725000000001,1181.0192803913708,20.31,0.0
29,1183.95,2020-04-13 14:05:00+05:30,1188.2,1182.0,1187.55,199438,24.601637819141104,1185.4428571428575,-1.234097805582337,1201.3268200502766,1190.7200000000003,1180.1131799497239,21.21,1.0
30,1190.2,2020-04-13 14:15:00+05:30,1193.05,1182.25,1183.95,316054,31.389040005120506,1185.9000000000003,6.787402185979403,1201.336763311464,1190.8950000000002,1180.4532366885364,20.88,-0.0
31,1190.4,2020-04-13 14:25:00+05:30,1193.15,1189.0,1190.2,354537,31.601229865166758,1187.0428571428577,0.2121898600462515,1201.3719865196924,1190.9650000000004,1180.5580134803083,20.81,-0.0
32,1193.9,2020-04-13 14:35:00+05:30,1193.9,1187.55,1190.0,222627,35.36826504965178,1188.6071428571431,3.7670351844850245,1201.4706255318927,1191.0150000000003,1180.559374468108,20.91,0.0
33,1191.0,2020-04-13 14:45:00+05:30,1195.0,1189.05,1193.55,301231,33.71156118307779,1189.3142857142861,-1.6567038665739915,1201.3722677556857,1190.9400000000003,1180.5077322443149,20.86,-0.0
34,1189.35,2020-04-13 14:55:00+05:30,1193.15,1188.6,1190.9,313618,32.77099073339713,1189.428571428572,-0.9405704496806635,1200.931651264729,1190.6575000000003,1180.3833487352715,20.55,-0.0
35,1186.8,2020-04-13 15:05:00+05:30,1191.0,1186.0,1189.35,383855,31.316769951727835,1189.3714285714289,-1.4542207816692923,1198.6581890390216,1189.8775,1181.0968109609785,17.56,-3.0
36,1190.3,2020-04-13 15:15:00+05:30,1191.8,1186.0,1187.0,402229,35.544555323181385,1190.2785714285715,4.22778537145355,1198.091247960808,1189.6425000000002,1181.1937520391923,16.9,-1.0
37,1192.8,2020-04-13 15:25:00+05:30,1192.8,1189.75,1190.35,175280,38.458536155056244,1190.6499999999999,2.9139808318748592,1196.5739412239675,1189.31,1182.0460587760324,14.53,-2.0
38,1220.0,2020-04-15 09:15:00+05:30,1225.0,1197.05,1197.05,1317818,59.76927540233065,1194.8785714285714,21.310739247274405,1205.9762115627466,1190.56,1175.1437884372533,30.83,16.0
39,1221.15,2020-04-15 09:25:00+05:30,1222.0,1214.5,1219.95,492703,60.39374045928146,1198.7714285714285,0.624465056950811,1212.6135233805978,1191.9925,1171.3714766194023,41.24,10.0
40,1222.1,2020-04-15 09:35:00+05:30,1227.0,1220.0,1220.1,491173,60.93321188014213,1203.2142857142858,0.5394714208606715,1218.1490386211024,1193.5325,1168.9159613788977,49.23,8.0
41,1230.8,2020-04-15 09:45:00+05:30,1233.9,1221.5,1222.5,543661,65.55970393021967,1209.1357142857141,4.6264920500775375,1225.193067996976,1195.5225,1165.851932003024,59.34,10.0
42,1230.55,2020-04-15 09:55:00+05:30,1236.0,1229.0,1230.65,540962,65.3203184275506,1215.3857142857141,-0.23938550266906589,1230.8898556770068,1197.3725,1163.855144322993,67.03,8.0
43,1226.1,2020-04-15 10:05:00+05:30,1230.9,1225.35,1230.5,292682,61.04732535343848,1220.5,-4.272993074112122,1234.8015895065091,1199.3274999999999,1163.8534104934906,70.95,4.0
44,1223.7,2020-04-15 10:15:00+05:30,1228.15,1220.0,1225.65,405472,58.812768378765,1224.9142857142858,-2.234556974673481,1237.5198955679946,1201.3925,1165.2651044320053,72.25,1.0
45,1221.7,2020-04-15 10:25:00+05:30,1224.6,1220.0,1223.5,266213,56.94224636107608,1225.157142857143,-1.87052201768892,1239.4492090605256,1203.33,1167.2107909394742,72.24,-0.0
46,1223.7,2020-04-15 10:35:00+05:30,1223.7,1217.1,1221.7,284919,58.36818624779776,1225.521428571429,1.4259398867216788,1241.4639591357889,1205.2125,1168.9610408642113,72.5,0.0
47,1221.4,2020-04-15 10:45:00+05:30,1225.9,1221.2,1223.7,205464,56.068587884580964,1225.421428571429,-2.299598363216795,1242.9039126779608,1206.855,1170.8060873220393,72.1,-0.0
48,1218.2,2020-04-15 10:55:00+05:30,1222.3,1216.3,1221.4,349648,52.94327555250096,1223.621428571429,-3.125312332080007,1243.5500513099505,1208.4050000000002,1173.25994869005,70.29,-2.0
49,1217.85,2020-04-15 11:05:00+05:30,1219.5,1217.35,1218.45,188863,52.597936839667604,1221.8071428571436,-0.34533871283335316,1243.5058929563427,1210.1,1176.6941070436571,66.81,-3.0
50,1216.15,2020-04-15 11:15:00+05:30,1217.9,1212.3,1217.9,408404,50.86254285427714,1220.3857142857148,-1.7353939853904663,1243.5409363439899,1211.3975,1179.2540636560102,64.29,-3.0
51,1215.2,2020-04-15 11:25:00+05:30,1216.15,1212.1,1216.15,203060,49.872285632702706,1219.1714285714293,-0.9902572215744314,1243.2471454526508,1212.6375,1182.0278545473493,61.22,-3.0
52,1214.0,2020-04-15 11:35:00+05:30,1218.0,1213.5,1215.25,198676,48.58552093604391,1218.0714285714291,-1.2867646966587927,1242.954169582,1213.6425,1184.3308304179998,58.62,-3.0
53,1213.2,2020-04-15 11:45:00+05:30,1215.15,1210.75,1214.2,215157,47.70189406783046,1216.5714285714291,-0.8836268682134545,1242.067224677556,1214.7525,1187.4377753224442,54.63,-4.0
54,1214.5,2020-04-15 11:55:00+05:30,1215.3,1211.7,1213.35,142824,49.315059974574915,1215.5857142857149,1.613165906744456,1240.5782636534927,1216.01,1191.4417363465072,49.14,-5.0
55,1214.4,2020-04-15 12:05:00+05:30,1215.85,1212.0,1214.5,124591,49.18936854869281,1215.0428571428577,-0.1256914258821027,1237.7983471055138,1217.39,1196.9816528944864,40.82,-8.0
56,1216.5,2020-04-15 12:15:00+05:30,1219.75,1213.75,1214.4,220892,51.95851840037057,1214.8500000000004,2.76914985167776,1234.6669395281292,1218.7000000000003,1202.7330604718713,31.93,-9.0
57,1215.0,2020-04-15 12:25:00+05:30,1216.7,1213.5,1216.7,105330,49.867923908762016,1214.6857142857148,-2.090594491608556,1230.365297996252,1219.8100000000002,1209.2547020037484,21.11,-11.0
58,1213.9,2020-04-15 12:35:00+05:30,1216.0,1211.0,1215.05,154860,48.33212264217822,1214.5000000000002,-1.5358012665837961,1230.3847203911535,1219.5050000000003,1208.6252796088472,21.76,1.0
59,1207.9,2020-04-15 12:45:00+05:30,1214.2,1205.15,1214.2,299759,40.92794368340005,1213.6285714285716,-7.404178958778168,1230.8551369864663,1218.8425000000002,1206.8298630135341,24.03,2.0
60,1207.6,2020-04-15 12:55:00+05:30,1210.7,1207.0,1207.9,181768,40.593095538776225,1212.8285714285716,-0.3348481446238267,1231.019653023111,1218.1175000000003,1205.2153469768896,25.8,2.0
61,1208.15,2020-04-15 13:05:00+05:30,1209.5,1204.25,1207.7,218311,41.53744316916305,1211.9214285714286,0.9443476303868223,1229.1554171100156,1216.9850000000004,1204.814582889985,24.34,-1.0
62,1202.9,2020-04-15 13:15:00+05:30,1208.7,1202.55,1208.15,208914,35.70321286917412,1210.2785714285715,-5.834230299988924,1227.5648741262767,1215.6025000000004,1203.6401258737242,23.92,-0.0
63,1202.5,2020-04-15 13:25:00+05:30,1203.5,1195.1,1202.65,458309,35.296432494565806,1208.2785714285715,-0.4067803746083172,1226.6772294844484,1214.4225000000006,1202.1677705155528,24.51,1.0
64,1188.8,2020-04-15 13:35:00+05:30,1204.2,1188.8,1202.9,406849,24.852432637986936,1204.5357142857142,-10.44399985657887,1228.722747697819,1212.6775000000005,1196.632252302182,32.09,8.0
65,1185.05,2020-04-15 13:45:00+05:30,1189.5,1181.8,1188.2,532334,22.85863227779889,1200.4142857142856,-1.9938003601880467,1230.5138345519433,1210.8450000000005,1191.1761654480576,39.34,7.0
66,1182.7,2020-04-15 13:55:00+05:30,1189.3,1180.0,1185.2,431968,21.68458609802174,1196.814285714286,-1.1740461797771502,1231.1812716389948,1208.7950000000005,1186.4087283610063,44.77,5.0
67,1168.0,2020-04-15 14:05:00+05:30,1182.85,1167.6,1182.7,615494,16.110457652918058,1191.1571428571428,-5.574128445103682,1234.1971157772375,1206.1250000000005,1178.0528842227634,56.14,11.0
68,1158.25,2020-04-15 14:15:00+05:30,1168.8,1156.4,1167.95,672907,13.611281757800839,1184.0285714285715,-2.4991758951172187,1237.7980316249689,1203.1275000000003,1168.4569683750317,69.34,13.0
69,1159.75,2020-04-15 14:25:00+05:30,1165.0,1154.1,1158.65,714341,15.775974529858388,1177.8642857142859,2.164692772057549,1239.1712987112912,1200.2225000000003,1161.2737012887094,77.9,9.0
70,1151.1,2020-04-15 14:35:00+05:30,1161.0,1148.7,1159.65,797897,13.65159476258252,1170.5214285714287,-2.124379767275869,1240.868332302576,1196.9700000000003,1153.0716676974246,87.8,10.0
71,1156.0,2020-04-15 14:45:00+05:30,1160.85,1151.1,1151.1,530632,20.206523898729543,1165.8357142857144,6.554929136147024,1240.6317207115444,1194.0100000000002,1147.388279288456,93.24,5.0
72,1151.75,2020-04-15 14:55:00+05:30,1157.0,1150.2,1155.85,523548,18.868601496423835,1161.0785714285716,-1.3379224023057077,1240.1382242133236,1190.8975000000003,1141.656775786677,98.48,5.0
73,1149.85,2020-04-15 15:05:00+05:30,1153.35,1143.0,1151.75,1031853,18.285693377754555,1156.3857142857146,-0.5829081186692804,1239.0369544891068,1187.73,1136.4230455108932,102.61,4.0
74,1153.0,2020-04-15 15:15:00+05:30,1154.7,1144.85,1149.85,1037113,22.557218557716325,1154.2428571428572,4.27152517996177,1236.5746636514925,1184.6550000000002,1132.7353363485079,103.84,1.0
75,1157.5,2020-04-15 15:25:00+05:30,1157.9,1150.15,1153.0,283030,28.3216872903523,1154.1357142857144,5.764468732635976,1233.0988476643479,1181.81,1130.521152335652,102.58,-1.0
76,1177.0,2020-04-16 09:15:00+05:30,1178.0,1149.85,1149.85,1344299,46.80108779763866,1156.6000000000001,18.479400507286357,1228.4729113557776,1179.835,1131.1970886442225,97.28,-5.0
77,1174.0,2020-04-16 09:25:00+05:30,1184.7,1170.65,1176.8,821793,44.88391117178706,1159.8714285714286,-1.9171766258515959,1223.5538482888091,1177.785,1132.016151711191,91.54,-6.0
78,1177.5,2020-04-16 09:35:00+05:30,1183.75,1172.15,1173.9,468518,47.58177462352358,1162.9428571428573,2.6978634517365165,1218.4652303399307,1175.965,1133.4647696600691,85.0,-7.0
79,1175.9,2020-04-16 09:45:00+05:30,1182.15,1174.5,1177.5,365607,46.4621372711238,1166.392857142857,-1.1196373523997778,1214.124118120049,1174.365,1134.605881879951,79.52,-5.0
80,1171.15,2020-04-16 09:55:00+05:30,1178.8,1167.5,1175.45,470041,43.21131980448981,1169.435714285714,-3.2508174666339897,1209.0998273668945,1172.5425,1135.9851726331055,73.11,-6.0
81,1172.05,2020-04-16 10:05:00+05:30,1174.25,1168.0,1171.4,393766,44.01066123365847,1172.1571428571426,0.7993414291686562,1203.231286855494,1170.7375,1138.2437131445058,64.99,-8.0
82,1176.75,2020-04-16 10:15:00+05:30,1178.75,1171.55,1172.2,449633,48.11770874048401,1174.9071428571426,4.107047506825545,1198.386599102427,1169.4299999999998,1140.4734008975727,57.91,-7.0
83,1174.0,2020-04-16 10:25:00+05:30,1179.0,1172.0,1176.5,318412,45.99189499307836,1174.4785714285713,-2.125813747405651,1192.5833366316492,1168.0049999999999,1143.4266633683505,49.16,-9.0
84,1170.3,2020-04-16 10:35:00+05:30,1174.25,1170.0,1173.75,256606,43.22490233652822,1173.9499999999996,-2.766992656550144,1189.6756306908107,1167.08,1144.484369309189,45.19,-4.0
85,1163.75,2020-04-16 10:45:00+05:30,1170.3,1161.15,1170.3,666894,38.777276309379715,1171.985714285714,-4.447626027148502,1186.9944661514469,1166.0149999999999,1145.0355338485529,41.96,-3.0
86,1165.2,2020-04-16 10:55:00+05:30,1168.45,1163.05,1163.8,315532,40.24313937167788,1170.4571428571428,1.4658630622981619,1184.5936858907648,1165.1399999999999,1145.686314109235,38.91,-3.0
87,1166.8,2020-04-16 11:05:00+05:30,1168.8,1162.0,1164.6,315252,41.89632277650908,1169.8357142857142,1.6531834048312035,1184.5039244774316,1165.08,1145.6560755225682,38.85,-0.0
88,1169.4,2020-04-16 11:15:00+05:30,1170.3,1166.0,1167.1,464061,44.579455174217856,1169.4571428571426,2.683132397708775,1184.875178900361,1165.6375,1146.399821099639,38.48,-0.0
89,1165.5,2020-04-16 11:25:00+05:30,1170.25,1164.0,1168.9,525443,41.484858594707454,1167.8499999999997,-3.0945965795104016,1184.963036718763,1165.925,1146.8869632812368,38.08,-0.0
90,1165.4,2020-04-16 11:35:00+05:30,1167.0,1162.0,1165.5,305117,41.40549025558699,1166.6214285714282,-0.07936833912046382,1184.3623795479566,1166.64,1148.9176204520436,35.44,-3.0
91,1164.2,2020-04-16 11:45:00+05:30,1165.8,1162.6,1165.65,182928,40.406469495116724,1165.7499999999995,-0.9990207604702661,1184.102704678198,1167.0500000000002,1149.9972953218023,34.11,-1.0
92,1165.05,2020-04-16 11:55:00+05:30,1167.3,1163.5,1164.8,262609,41.48347390350282,1165.9357142857139,1.0770044083860952,1183.222828243885,1167.7150000000001,1152.2071717561153,31.02,-3.0
93,1169.0,2020-04-16 12:05:00+05:30,1169.9,1164.0,1165.0,330840,46.33698768126828,1166.478571428571,4.853513777765464,1181.7028077880907,1168.6725000000001,1155.6421922119096,26.06,-5.0
94,1169.1,2020-04-16 12:15:00+05:30,1170.0,1164.15,1168.5,418741,46.45806405045147,1166.8071428571425,0.12107636918318576,1180.2193745301183,1169.4775000000002,1158.735625469882,21.48,-5.0
95,1172.45,2020-04-16 12:25:00+05:30,1178.0,1167.0,1169.2,470946,50.48822446067318,1167.2428571428568,4.030160410221711,1179.427888562538,1170.2250000000001,1161.0221114374622,18.41,-3.0
96,1169.0,2020-04-16 12:35:00+05:30,1173.9,1168.7,1172.2,244522,46.59816658041031,1167.7428571428568,-3.890057880262873,1178.4663022897544,1169.8250000000003,1161.1836977102462,17.28,-1.0
97,1173.5,2020-04-16 12:45:00+05:30,1175.0,1169.15,1169.4,287035,51.81336316196279,1168.8999999999996,5.215196581552483,1178.3932041692544,1169.8000000000002,1161.206795830746,17.19,-0.0
98,1182.3,2020-04-16 12:55:00+05:30,1182.95,1171.05,1173.25,530701,60.0332869319552,1171.4857142857138,8.219923769992413,1179.7360436858366,1170.0400000000002,1160.3439563141637,19.39,2.0
99,1179.4,2020-04-16 13:05:00+05:30,1187.15,1177.5,1182.3,680698,56.60634833698027,1173.5357142857138,-3.426938594974935,1180.466782900127,1170.2150000000001,1159.9632170998732,20.5,1.0
100,1179.15,2020-04-16 13:15:00+05:30,1181.0,1173.65,1179.8,298127,56.307940286245945,1174.9857142857138,-0.29840805073432364,1181.6172055205107,1170.6150000000002,1159.6127944794898,22.0,2.0
101,1181.8,2020-04-16 13:25:00+05:30,1183.85,1178.45,1179.15,286859,58.7879865249211,1176.7999999999993,2.4800462386751576,1183.1835628235738,1171.1025000000002,1159.0214371764266,24.16,2.0
102,1181.2,2020-04-16 13:35:00+05:30,1184.45,1181.0,1181.75,253140,57.985447185576085,1178.0499999999993,-0.8025393393450173,1183.99363096495,1171.3250000000003,1158.6563690350506,25.34,1.0
103,1181.2,2020-04-16 13:45:00+05:30,1181.9,1177.1,1181.35,296661,57.985447185576085,1179.7928571428565,0.0,1185.0630299076622,1171.6850000000002,1158.3069700923381,26.76,1.0
104,1179.55,2020-04-16 13:55:00+05:30,1181.2,1175.0,1180.9,240133,55.56614524117742,1180.6571428571422,-2.4193019443986614,1185.9565540473993,1172.1475000000003,1158.3384459526012,27.62,1.0
105,1179.4,2020-04-16 14:05:00+05:30,1181.2,1177.5,1179.8,185562,55.34009604324073,1180.2428571428566,-0.2260491979366961,1186.5071634895087,1172.9300000000003,1159.352836510492,27.15,-0.0
106,1179.7,2020-04-16 14:15:00+05:30,1182.5,1178.0,1179.0,206188,55.72801090140642,1180.2857142857138,0.3879148581656935,1187.0413992249719,1173.6550000000002,1160.2686007750285,26.77,-0.0
107,1177.6,2020-04-16 14:25:00+05:30,1183.4,1177.0,1179.95,252125,52.30325168638225,1180.0642857142852,-3.4247592150241744,1187.2851288643014,1174.1950000000002,1161.1048711356989,26.18,-1.0
108,1174.4,2020-04-16 14:35:00+05:30,1178.05,1174.0,1177.6,340344,47.51173747697487,1179.0071428571425,-4.791514209407374,1187.3390581991052,1174.4450000000002,1161.550941800895,25.79,-0.0
109,1171.9,2020-04-16 14:45:00+05:30,1177.5,1168.35,1174.7,463500,44.111780713775225,1177.6785714285709,-3.399956763199647,1187.026497289862,1174.7650000000003,1162.5035027101387,24.52,-1.0
110,1164.75,2020-04-16 14:55:00+05:30,1173.9,1162.35,1171.9,785273,36.14517189713551,1175.3285714285707,-7.966608816639713,1187.1014881728809,1174.7325000000003,1162.3635118271197,24.74,0.0
111,1169.25,2020-04-16 15:05:00+05:30,1176.25,1160.05,1164.55,1224231,43.109079765546504,1173.8571428571424,6.963907868410992,1186.633903268902,1174.9850000000001,1163.3360967310982,23.3,-1.0
112,1170.95,2020-04-16 15:15:00+05:30,1173.8,1167.0,1169.8,966339,45.52603898816785,1172.6499999999996,2.416959222621344,1186.141782348643,1175.2800000000002,1164.4182176513575,21.72,-2.0
113,1170.95,2020-04-16 15:25:00+05:30,1171.2,1168.95,1170.95,394281,45.52603898816785,1171.3999999999996,0.0,1186.0350140282796,1175.3775000000003,1164.719985971721,21.32,-0.0
114,1209.5,2020-04-17 09:15:00+05:30,1216.0,1201.5,1216.0,1067593,74.27201210521906,1175.9571428571423,28.745973117051214,1195.6521165754214,1177.3975000000005,1159.1428834245796,36.51,15.0
115,1199.0,2020-04-17 09:25:00+05:30,1209.45,1195.1,1208.55,557749,64.31657032082022,1179.4714285714283,-9.955441784398843,1199.192136688125,1178.7250000000004,1158.2578633118758,40.93,4.0
116,1199.3,2020-04-17 09:35:00+05:30,1203.0,1196.0,1199.45,321368,64.46313559735013,1183.385714285714,0.14656527652991258,1202.1135264165296,1180.2400000000002,1158.366473583471,43.75,3.0
117,1201.0,2020-04-17 09:45:00+05:30,1203.0,1197.4,1199.3,283751,65.33210468777378,1188.5642857142852,0.8689690904236471,1205.102423286335,1181.6150000000002,1158.1275767136656,46.97,3.0
118,1205.65,2020-04-17 09:55:00+05:30,1207.0,1198.0,1200.95,367318,67.66145303427876,1193.7642857142853,2.329348346504986,1208.6173250276722,1182.7825000000005,1156.9476749723287,51.67,5.0
119,1201.1,2020-04-17 10:05:00+05:30,1210.0,1200.05,1205.65,547590,63.18759770831846,1198.071428571428,-4.473855325960308,1210.899163207975,1183.8675000000003,1156.8358367920255,54.06,2.0
120,1202.7,2020-04-17 10:15:00+05:30,1206.8,1200.05,1201.0,332245,64.08686177971313,1202.6071428571424,0.8992640713946756,1213.2381477303848,1185.0450000000003,1156.8518522696158,56.39,2.0
121,1194.9,2020-04-17 10:25:00+05:30,1203.95,1192.65,1203.15,747886,56.80207883054475,1200.521428571428,-7.284782949168381,1214.1829219376314,1185.7000000000003,1157.2170780623692,56.97,1.0
122,1198.3,2020-04-17 10:35:00+05:30,1203.0,1194.05,1195.0,514206,58.990357332723754,1200.421428571428,2.1882785021790028,1215.4921533172358,1186.5550000000003,1157.6178466827648,57.87,1.0
123,1198.3,2020-04-17 10:45:00+05:30,1199.0,1194.4,1198.8,356628,58.990357332723754,1200.2785714285708,0.0,1216.6894269429101,1187.4100000000003,1158.1305730570905,58.56,1.0
124,1199.0,2020-04-17 10:55:00+05:30,1202.85,1197.5,1198.15,239322,59.48046632915221,1199.9928571428566,0.49010899642845374,1217.8541148004706,1188.3825000000002,1158.9108851995297,58.94,0.0
125,1204.4,2020-04-17 11:05:00+05:30,1205.0,1198.55,1199.2,233288,63.14012782966762,1199.814285714285,3.659661500515412,1219.6162197053397,1189.6325000000002,1159.6487802946606,59.97,1.0
126,1202.45,2020-04-17 11:15:00+05:30,1205.0,1201.35,1204.4,201689,60.99765581051531,1200.0071428571423,-2.142472019152308,1220.8929655351453,1190.7700000000002,1160.647034464855,60.25,0.0
127,1201.2,2020-04-17 11:25:00+05:30,1203.55,1200.0,1202.45,137420,59.60152170966622,1199.7928571428565,-1.396134100849089,1221.74793352072,1191.9500000000003,1162.1520664792806,59.6,-1.0
128,1199.6,2020-04-17 11:35:00+05:30,1202.75,1199.0,1201.1,186093,57.778568910846104,1200.464285714285,-1.8229527988201184,1221.997325427402,1193.2100000000003,1164.4226745725985,57.57,-2.0
129,1199.9,2020-04-17 11:45:00+05:30,1200.95,1198.15,1199.6,188848,58.037725972173966,1200.6928571428566,0.259157061327862,1221.7075353316982,1194.6100000000001,1167.512464668302,54.2,-3.0
130,1196.9,2020-04-17 11:55:00+05:30,1200.8,1195.4,1200.1,345454,54.43918543923205,1200.4928571428568,-3.598540532941918,1219.3862465303907,1196.2175000000002,1173.0487534696097,46.34,-8.0
131,1199.1,2020-04-17 12:05:00+05:30,1199.5,1195.0,1197.1,197987,56.566010843862664,1200.5071428571425,2.1268254046306154,1217.1021742219034,1197.7100000000003,1178.3178257780971,38.78,-8.0
132,1197.95,2020-04-17 12:15:00+05:30,1200.5,1196.25,1199.05,381776,55.11760411655494,1199.5857142857142,-1.4484067273077201,1213.812541261906,1199.0600000000002,1184.3074587380943,29.51,-9.0
133,1198.0,2020-04-17 12:25:00+05:30,1199.5,1196.6,1197.9,98970,55.17135028215058,1198.9499999999996,0.0537461655956335,1207.0321577268833,1200.4125000000001,1193.792842273117,13.24,-16.0
134,1204.0,2020-04-17 12:35:00+05:30,1204.85,1197.1,1198.05,261474,61.17899399546817,1199.3499999999997,6.0076437133175915,1205.5064041320347,1200.1375000000003,1194.7685958679658,10.74,-2.0
135,1205.55,2020-04-17 12:45:00+05:30,1208.6,1204.05,1204.75,456545,62.57434370713976,1200.1999999999994,1.3953497116715923,1206.3189325513556,1200.4650000000001,1194.6110674486447,11.71,1.0
136,1205.5,2020-04-17 12:55:00+05:30,1207.0,1202.1,1205.55,225341,62.49630795284,1200.9999999999995,-0.07803575429976206,1207.0132099321784,1200.775,1194.5367900678218,12.48,1.0
137,1201.4,2020-04-17 13:05:00+05:30,1205.7,1200.0,1205.5,181601,56.296512557780694,1201.6428571428567,-6.199795395059304,1207.0388095658639,1200.7950000000003,1194.5511904341367,12.49,0.0
138,1200.8,2020-04-17 13:15:00+05:30,1205.9,1198.8,1201.2,292372,55.42991141549856,1201.8857142857137,-0.8666011422821356,1206.3641466549627,1200.5525000000002,1194.7408533450377,11.62,-1.0
139,1203.5,2020-04-17 13:25:00+05:30,1205.0,1200.0,1200.75,146022,58.52399393031057,1202.6785714285706,3.0940825148120084,1206.6290510154815,1200.6725000000001,1194.7159489845187,11.91,0.0
140,1202.65,2020-04-17 13:35:00+05:30,1205.6,1201.5,1203.75,147550,57.17826008528227,1203.3428571428562,-1.345733845028299,1206.6230089693793,1200.6700000000003,1194.7169910306213,11.91,0.0
141,1205.35,2020-04-17 13:45:00+05:30,1206.0,1200.3,1202.7,182181,60.30098995437691,1203.5357142857135,3.1227298690946412,1206.8396953914762,1201.1925,1195.545304608524,11.29,-1.0
142,1206.3,2020-04-17 13:55:00+05:30,1207.0,1204.15,1205.35,349125,61.36846228773947,1203.6428571428564,1.0674723333625593,1207.5041544126648,1201.5925000000002,1195.6808455873356,11.82,1.0
143,1206.0,2020-04-17 14:05:00+05:30,1206.9,1205.05,1206.0,342228,60.81236449227321,1203.7142857142849,-0.5560977954662576,1207.988408942567,1201.9775000000002,1195.9665910574333,12.02,0.0
144,1205.9,2020-04-17 14:15:00+05:30,1207.0,1203.2,1206.0,365843,60.615189954564926,1204.357142857142,-0.1971745377082854,1208.405476677845,1202.3225000000002,1196.2395233221555,12.17,0.0
145,1213.0,2020-04-17 14:25:00+05:30,1217.65,1205.0,1206.0,757823,68.4394970689616,1206.0999999999992,7.8243071143966745,1210.4542752567386,1202.7525,1195.0507247432615,15.4,3.0
146,1219.4,2020-04-17 14:35:00+05:30,1222.75,1213.0,1213.0,1023954,73.54197233739706,1208.371428571428,5.102475268435455,1214.3060238823045,1203.6000000000001,1192.8939761176957,21.41,6.0
147,1219.6,2020-04-17 14:45:00+05:30,1221.9,1215.0,1219.0,481918,73.68514912410862,1210.7928571428565,0.14317678671156386,1217.3159862127914,1204.52,1191.7240137872086,25.59,4.0
148,1217.55,2020-04-17 14:55:00+05:30,1224.8,1217.0,1219.5,685257,69.53172123882105,1212.5357142857135,-4.15342788528757,1219.237518851387,1205.4175,1191.597481148613,27.64,2.0
149,1223.05,2020-04-17 15:05:00+05:30,1225.0,1217.5,1217.75,747624,73.79889076719033,1214.9285714285706,4.26716952836928,1222.2081799640873,1206.575,1190.9418200359128,31.27,4.0
150,1227.15,2020-04-17 15:15:00+05:30,1230.0,1223.0,1223.6,889771,76.44704474831295,1217.9499999999991,2.6481539811226185,1225.5282530921438,1208.0875,1190.6467469078564,34.88,4.0
151,1229.9,2020-04-17 15:25:00+05:30,1230.0,1226.25,1227.1,297526,78.04955358872263,1221.3785714285707,1.6025088404096834,1229.053106405222,1209.6275,1190.201893594778,38.85,4.0
152,1218.0,2020-04-20 09:15:00+05:30,1226.0,1212.7,1226.0,1101355,59.26002749144326,1222.0928571428562,-18.78952609727937,1229.5818336843715,1210.63,1191.6781663156287,37.9,-1.0
153,1210.3,2020-04-20 09:25:00+05:30,1220.8,1205.2,1218.0,790036,50.746996848967804,1220.7928571428563,-8.513030642475456,1229.245552623098,1211.2450000000001,1193.2444473769021,36.0,-2.0
154,1204.5,2020-04-20 09:35:00+05:30,1210.8,1202.25,1210.5,492041,45.45056284080313,1218.6357142857134,-5.296434008164674,1229.2295275989939,1211.27,1193.310472401006,35.92,-0.0
155,1210.0,2020-04-20 09:45:00+05:30,1210.75,1202.0,1202.95,414229,50.70466399431043,1217.557142857142,5.2541011535073,1229.262915242611,1211.4925,1193.7220847573892,35.54,-0.0
156,1209.55,2020-04-20 09:55:00+05:30,1210.9,1206.0,1210.45,255942,50.277966231941306,1215.6285714285707,-0.42669776236912327,1229.2691107433957,1211.6950000000002,1194.1208892566046,35.15,-0.0
157,1214.4,2020-04-20 10:05:00+05:30,1216.0,1207.65,1209.95,422733,54.70243581245975,1213.807142857142,4.424469580518441,1229.2653365650262,1212.345,1195.4246634349738,33.84,-1.0
158,1216.1,2020-04-20 10:15:00+05:30,1218.0,1213.0,1214.0,265766,56.174514192806505,1211.8357142857135,1.4720783803467583,1229.1954494562822,1213.1100000000001,1197.024550543718,32.17,-2.0
159,1217.5,2020-04-20 10:25:00+05:30,1218.45,1214.45,1215.6,236386,57.40225445462558,1211.764285714285,1.227740261819072,1229.343617194909,1213.81,1198.2763828050909,31.07,-1.0
160,1217.4,2020-04-20 10:35:00+05:30,1221.4,1215.65,1217.1,322271,57.278821682690946,1212.7785714285708,-0.12343277193463109,1229.227291874334,1214.5475000000001,1199.8677081256662,29.36,-2.0
161,1219.85,2020-04-20 10:45:00+05:30,1221.5,1215.2,1217.8,289294,59.572483392123985,1214.9714285714279,2.2936617094330387,1229.4638047877572,1215.2725,1201.0811952122428,28.38,-1.0
162,1220.75,2020-04-20 10:55:00+05:30,1224.5,1219.5,1219.5,278618,60.413291030715264,1216.5071428571423,0.8408076385912793,1229.7268262671669,1215.9950000000001,1202.2631737328334,27.46,-1.0
163,1217.55,2020-04-20 11:05:00+05:30,1221.0,1217.3,1221.0,228812,55.95707020204359,1217.6499999999994,-4.456220828671675,1229.4812679301224,1216.5725,1203.6637320698776,25.82,-2.0
164,1213.9,2020-04-20 11:15:00+05:30,1218.0,1212.9,1217.7,279582,51.30818883734545,1217.5785714285707,-4.648881364698141,1228.9510982397587,1216.9725,1204.9939017602414,23.96,-2.0
165,1210.45,2020-04-20 11:25:00+05:30,1216.6,1210.1,1214.8,200367,47.30750311334673,1216.771428571428,-4.000685723998714,1229.053706987878,1216.845,1204.636293012122,24.42,0.0
166,1210.8,2020-04-20 11:35:00+05:30,1213.9,1208.0,1210.1,325605,47.75259137400785,1215.814285714285,0.44508826066111595,1228.8485327579162,1216.415,1203.9814672420837,24.87,0.0
167,1212.85,2020-04-20 11:45:00+05:30,1213.45,1209.05,1210.8,181120,50.39553922693419,1215.1642857142851,2.6429478529263406,1228.5134612245704,1216.0774999999999,1203.6415387754294,24.87,0.0
168,1211.7,2020-04-20 11:55:00+05:30,1214.0,1211.0,1213.2,130009,48.90112380171522,1213.9999999999995,-1.4944154252189676,1228.3496580366925,1215.785,1203.2203419633076,25.13,0.0
169,1215.7,2020-04-20 12:05:00+05:30,1218.95,1211.7,1211.8,187717,54.00962003182968,1213.278571428571,5.108496230114454,1227.508482938584,1215.4175,1203.326517061416,24.18,-1.0
170,1216.9,2020-04-20 12:15:00+05:30,1217.3,1214.0,1216.0,91156,55.44858162190454,1213.1857142857139,1.438961590074861,1225.701729524311,1214.9050000000002,1204.1082704756893,21.59,-3.0
171,1214.55,2020-04-20 12:25:00+05:30,1219.75,1214.55,1216.5,172915,52.016225522962095,1213.278571428571,-3.432356098942442,1222.3093306265823,1214.1375,1205.9656693734178,16.34,-5.0
172,1212.5,2020-04-20 12:35:00+05:30,1214.9,1211.0,1214.55,246322,49.15756277773892,1213.571428571428,-2.858662745223178,1221.8552516505545,1213.8625,1205.8697483494454,15.99,-0.0
173,1213.8,2020-04-20 12:45:00+05:30,1215.0,1210.5,1212.5,177562,50.99673859051368,1213.9999999999995,1.8391758127747622,1221.853130425464,1214.0375,1206.2218695745357,15.63,-0.0
174,1215.45,2020-04-20 12:55:00+05:30,1217.5,1212.05,1214.0,180533,53.30554475943248,1214.3714285714282,2.3088061689187995,1220.9952795735132,1214.585,1208.1747204264868,12.82,-3.0
175,1215.65,2020-04-20 13:05:00+05:30,1217.5,1214.5,1215.0,124020,53.59097218106658,1214.9357142857136,0.28542742163410395,1220.9147068367463,1214.8675,1208.8202931632538,12.09,-1.0
176,1218.15,2020-04-20 13:15:00+05:30,1221.5,1215.5,1215.65,258721,57.119435235032604,1215.2857142857135,3.5284630539660213,1220.9636947687995,1215.2975000000001,1209.6313052312007,11.33,-1.0
177,1218.05,2020-04-20 13:25:00+05:30,1219.7,1217.1,1218.15,165200,56.93297267666569,1215.4499999999991,-0.1864625583669124,1221.2584900595652,1215.48,1209.7015099404348,11.56,0.0
178,1221.9,2020-04-20 13:35:00+05:30,1221.9,1216.2,1218.05,212406,62.06712663764633,1216.4999999999993,5.13415396098064,1222.2223679863796,1215.7700000000002,1209.3176320136208,12.9,1.0
179,1232.2,2020-04-20 13:45:00+05:30,1238.9,1221.65,1221.65,1398895,71.76494106239065,1219.314285714285,9.697814424744315,1226.2804203032579,1216.5050000000003,1206.7295796967428,19.55,7.0
180,1236.0,2020-04-20 13:55:00+05:30,1236.05,1228.0,1232.35,574051,74.36847710309095,1222.4857142857138,2.6035360407003054,1230.5407279562503,1217.4350000000002,1204.32927204375,26.21,7.0
181,1242.25,2020-04-20 14:05:00+05:30,1246.35,1233.8,1236.0,808373,77.96703820249769,1226.314285714285,3.598561099406737,1235.727343125536,1218.5550000000003,1201.3826568744646,34.34,8.0
182,1243.9,2020-04-20 14:15:00+05:30,1249.65,1241.5,1242.75,927592,78.81274116660252,1230.3499999999992,0.8457029641048308,1240.2908707349577,1219.7125000000003,1199.134129265043,41.16,7.0
183,1249.05,2020-04-20 14:25:00+05:30,1256.9,1243.5,1244.5,1061877,81.23391819457092,1234.764285714285,2.4211770279683975,1245.643972715851,1221.2875000000004,1196.9310272841496,48.71,8.0
184,1248.3,2020-04-20 14:35:00+05:30,1253.9,1245.25,1249.75,550611,79.80366370375756,1239.0857142857135,-1.430254490813354,1249.8944421447445,1223.0075000000002,1196.1205578552558,53.77,5.0
185,1241.9,2020-04-20 14:45:00+05:30,1249.0,1241.1,1247.8,674032,68.68965686576621,1241.9428571428564,-11.114006837991354,1252.0470788591133,1224.5800000000004,1197.1129211408875,54.93,1.0
186,1240.9,2020-04-20 14:55:00+05:30,1246.0,1237.5,1241.3,611581,67.11681918406775,1243.1857142857134,-1.5728376816984593,1253.671211277225,1226.0850000000005,1198.498788722776,55.17,0.0
187,1241.5,2020-04-20 15:05:00+05:30,1242.0,1236.25,1241.0,704732,67.59624762822767,1243.9714285714276,0.4794284441599217,1255.1853090548357,1227.5175000000004,1199.849690945165,55.34,0.0
188,1250.95,2020-04-20 15:15:00+05:30,1251.0,1241.5,1241.5,780056,74.02077767201257,1245.2142857142849,6.424530043784898,1257.9793887284422,1229.4800000000005,1200.9806112715587,57.0,2.0
189,1248.1,2020-04-20 15:25:00+05:30,1251.0,1248.1,1250.8,290856,69.54266395628035,1245.814285714285,-4.478113715732221,1259.9821562105142,1231.1000000000004,1202.2178437894866,57.76,1.0
190,1194.75,2020-04-21 09:15:00+05:30,1212.55,1192.0,1210.0,1742375,31.33123672644936,1238.0571428571423,-38.21142722983099,1262.6228100135297,1229.9925000000003,1197.3621899864709,65.26,8.0
191,1199.6,2020-04-21 09:25:00+05:30,1203.7,1190.0,1195.55,1042489,34.83663552770359,1231.0999999999997,3.5053988012542305,1263.9817831737955,1229.2450000000003,1194.5082168262052,69.47,4.0
192,1202.0,2020-04-21 09:35:00+05:30,1206.5,1199.75,1200.35,674338,36.56239077214543,1225.3999999999996,1.7257552444418351,1264.8132768196385,1228.7200000000003,1192.626723180362,72.19,3.0
193,1199.5,2020-04-21 09:45:00+05:30,1202.4,1197.05,1201.75,471421,35.50749585964776,1219.485714285714,-1.0548949124976659,1265.8660186978932,1228.0050000000003,1190.1439813021075,75.72,4.0
194,1196.9,2020-04-21 09:55:00+05:30,1200.9,1194.0,1199.8,577775,34.396018034783054,1213.1142857142854,-1.111477824864707,1267.0817297105814,1227.0775000000003,1187.0732702894193,80.01,4.0
195,1194.7,2020-04-21 10:05:00+05:30,1196.65,1191.0,1196.65,489215,33.44210586169723,1205.078571428571,-0.9539121730858255,1268.3256436726565,1226.0300000000002,1183.734356327344,84.59,5.0
196,1196.55,2020-04-21 10:15:00+05:30,1198.5,1193.3,1195.1,305598,35.07275647917413,1197.714285714285,1.6306506174769027,1269.1529410786218,1224.9500000000003,1180.7470589213788,88.41,4.0
197,1194.7,2020-04-21 10:25:00+05:30,1197.0,1193.0,1196.05,218929,34.171173056295785,1197.7071428571423,-0.9015834228783461,1269.9428985547888,1223.7825000000003,1177.6221014452117,92.32,4.0
198,1202.75,2020-04-21 10:35:00+05:30,1203.0,1193.3,1194.8,500596,41.2484207912756,1198.1571428571424,7.077247734979814,1269.9345084826175,1222.8250000000003,1175.715491517383,94.22,2.0
199,1205.5,2020-04-21 10:45:00+05:30,1206.5,1200.55,1202.0,632088,43.48375803759972,1198.6571428571424,2.2353372463241215,1268.9925162768425,1221.4900000000002,1173.987483723158,95.01,1.0
200,1205.2,2020-04-21 10:55:00+05:30,1205.5,1201.1,1205.5,377457,43.29025539421861,1199.4714285714283,-0.1935026433811089,1267.4688937493079,1219.9500000000003,1172.4311062506927,95.04,0.0
201,1201.15,2020-04-21 11:05:00+05:30,1205.45,1200.5,1205.25,331557,40.65972843409764,1200.078571428571,-2.6305269601209744,1264.905423256305,1217.8950000000002,1170.8845767436953,94.02,-1.0
202,1200.65,2020-04-21 11:15:00+05:30,1201.9,1196.5,1201.2,373028,40.3338750599389,1200.9285714285709,-0.32585337415873994,1261.6729795131141,1215.7325000000003,1169.7920204868865,91.88,-2.0
203,1198.0,2020-04-21 11:25:00+05:30,1201.2,1197.1,1201.1,230718,38.569611103667896,1201.135714285714,-1.7642639562710016,1256.9475366357076,1213.1800000000003,1169.412463364293,87.54,-4.0
204,1195.25,2020-04-21 11:35:00+05:30,1198.45,1193.8,1198.4,344059,36.772052777662424,1201.214285714285,-1.797558326005472,1251.6855838769393,1210.5275000000004,1169.3694161230615,82.32,-5.0
205,1198.05,2020-04-21 11:45:00+05:30,1200.0,1195.0,1195.45,206239,39.84610677985523,1200.5428571428565,3.0740540021928098,1247.0560142864122,1208.3350000000003,1169.6139857135884,77.44,-5.0
206,1196.45,2020-04-21 11:55:00+05:30,1200.65,1196.0,1198.5,200146,38.68857796160082,1199.2499999999995,-1.1575288182544128,1241.9593654579169,1206.1125000000002,1170.2656345420835,71.69,-6.0
207,1195.5,2020-04-21 12:05:00+05:30,1198.9,1195.0,1196.5,215073,37.98303432427074,1197.8642857142852,-0.7055436373300807,1235.7937095324426,1203.8125000000002,1171.831290467558,63.96,-8.0
208,1181.0,2020-04-21 12:15:00+05:30,1196.5,1181.0,1195.35,1079828,29.22316786284614,1194.9857142857138,-8.7598664614246,1225.075348182232,1200.315,1175.5546518177682,49.52,-14.0
209,1177.15,2020-04-21 12:25:00+05:30,1181.6,1171.0,1181.6,1078084,27.415254861501126,1191.628571428571,-1.807913001345014,1210.636218113271,1196.7675000000004,1182.8987818867297,27.74,-22.0
210,1179.2,2020-04-21 12:35:00+05:30,1182.15,1176.15,1177.45,402350,29.90201326937421,1188.9428571428566,2.486758407873083,1211.9245899820123,1195.9900000000002,1180.0554100179882,31.87,4.0
211,1175.85,2020-04-21 12:45:00+05:30,1180.9,1172.15,1179.25,462565,28.201662290458728,1186.1714285714281,-1.7003509789154805,1212.985559640634,1194.8025000000002,1176.6194403593665,36.37,4.0
212,1170.35,2020-04-21 12:55:00+05:30,1176.55,1168.4,1175.5,533771,25.62528525029434,1182.2142857142856,-2.576377040164388,1214.0779001819483,1193.2200000000003,1172.3620998180522,41.72,5.0
213,1176.8,2020-04-21 13:05:00+05:30,1177.55,1164.15,1169.55,714794,33.318721177453824,1179.4071428571424,7.693435927159484,1213.9501874232249,1192.0850000000003,1170.2198125767757,43.73,2.0
214,1172.9,2020-04-21 13:15:00+05:30,1177.0,1171.0,1176.8,368043,31.216089962296905,1176.1785714285709,-2.1026312151569186,1214.2223001640612,1190.8850000000002,1167.5476998359393,46.67,3.0
215,1172.8,2020-04-21 13:25:00+05:30,1174.5,1168.0,1173.3,395789,31.16178778724783,1175.0071428571423,-0.05430217504907375,1214.3943342352118,1189.7900000000002,1165.1856657647886,49.21,3.0
216,1177.7,2020-04-21 13:35:00+05:30,1180.0,1172.85,1172.85,530943,36.949513327975055,1175.0857142857137,5.787725540727223,1213.8031548807369,1188.8475000000003,1163.8918451192637,49.91,1.0
217,1180.1,2020-04-21 13:45:00+05:30,1184.9,1174.5,1178.0,617606,39.62696239493318,1175.214285714285,2.6774490669581255,1213.2061276396742,1188.1175,1163.028872360326,50.18,0.0
218,1178.8,2020-04-21 13:55:00+05:30,1185.7,1177.0,1180.1,463609,38.669077380451434,1175.6357142857137,-0.9578850144817466,1211.3454483339797,1186.92,1162.4945516660205,48.85,-1.0
219,1183.1,2020-04-21 14:05:00+05:30,1185.4,1178.3,1178.5,316190,43.531354975940026,1177.4571428571421,4.862277595488592,1208.641098692353,1185.8,1162.958901307647,45.68,-3.0
220,1187.55,2020-04-21 14:15:00+05:30,1188.7,1181.25,1183.1,538829,48.11565302502044,1178.9928571428566,4.584298049080417,1205.890045336579,1184.9175,1163.944954663421,41.95,-4.0
221,1195.0,2020-04-21 14:25:00+05:30,1198.4,1186.15,1187.9,947532,54.74023819288722,1182.1499999999994,6.624585167866776,1204.7440141630007,1184.61,1164.4759858369991,40.27,-2.0
222,1195.65,2020-04-21 14:35:00+05:30,1197.55,1188.0,1195.55,744059,55.276772183364784,1185.4142857142851,0.5365339904775652,1203.766444941392,1184.36,1164.953555058608,38.81,-1.0
223,1196.35,2020-04-21 14:45:00+05:30,1202.5,1194.25,1195.6,1065505,55.88330914629285,1188.0785714285707,0.6065369629280681,1203.4524418444216,1184.2774999999997,1165.1025581555778,38.35,-0.0
224,1228.55,2020-04-21 14:55:00+05:30,1229.8,1195.6,1196.75,2786303,73.61191344964598,1194.9999999999993,17.72860430335313,1213.2060726700838,1185.9424999999997,1158.6789273299155,54.53,16.0
225,1243.45,2020-04-21 15:05:00+05:30,1248.9,1227.1,1228.4,3368280,78.01462789345064,1204.2357142857138,4.402714443804655,1225.4546644885147,1188.2124999999999,1150.970335511485,74.48,20.0
226,1244.0,2020-04-21 15:15:00+05:30,1249.4,1240.0,1242.6,1731482,78.15948393694431,1212.9357142857136,0.1448560434936752,1235.3572060423944,1190.5899999999997,1145.822793957605,89.53,15.0
227,1251.0,2020-04-21 15:25:00+05:30,1252.0,1243.75,1244.0,884757,79.96847662138612,1221.9999999999995,1.8089926844418045,1245.6611918710207,1193.3649999999998,1141.0688081289788,104.59,15.0
228,1328.25,2020-04-22 09:15:00+05:30,1338.85,1300.0,1320.0,10320848,89.90535641082326,1241.0357142857138,9.936879789437143,1280.1301081700758,1200.7274999999997,1121.3248918299237,158.81,54.0
229,1309.45,2020-04-22 09:25:00+05:30,1329.8,1305.0,1328.15,3621906,79.56148774298572,1257.2928571428567,-10.34386866783754,1299.4947725824236,1207.3424999999997,1115.190227417576,184.3,25.0
230,1304.25,2020-04-22 09:35:00+05:30,1313.95,1301.0,1309.3,1808914,76.92517985630155,1272.7071428571423,-2.6363078866841647,1314.2814695870045,1213.5949999999998,1112.908530412995,201.37,17.0
231,1308.1,2020-04-22 09:45:00+05:30,1311.85,1303.0,1304.2,1038416,77.51912790154927,1284.0714285714282,0.5939480452477142,1327.6038552993255,1220.2074999999998,1112.811144700674,214.79,13.0
232,1307.1,2020-04-22 09:55:00+05:30,1314.55,1305.0,1308.45,1052676,76.96497803070085,1293.1642857142854,-0.5541498708484198,1338.4153158977197,1227.0449999999996,1115.6746841022796,222.74,8.0
233,1310.25,2020-04-22 10:05:00+05:30,1313.65,1305.2,1306.85,845503,77.51035426590161,1302.6285714285711,0.545376235200763,1348.3555724624011,1233.7174999999997,1119.0794275375983,229.28,7.0
234,1316.55,2020-04-22 10:15:00+05:30,1319.95,1310.05,1311.0,1190157,78.60155457732628,1311.9928571428568,1.0912003114246716,1357.4781012206429,1240.8999999999996,1124.3218987793564,233.16,4.0
235,1316.2,2020-04-22 10:25:00+05:30,1317.5,1311.25,1316.95,665278,78.37404154020557,1310.2714285714283,-0.22751303712071547,1364.6519856085022,1248.0699999999997,1131.4880143914972,233.16,0.0
236,1321.35,2020-04-22 10:35:00+05:30,1325.0,1316.15,1316.4,1339027,79.3224555977652,1311.9714285714283,0.9484140575596314,1371.2790054790678,1255.2524999999996,1139.2259945209314,232.05,-1.0
237,1321.45,2020-04-22 10:45:00+05:30,1323.8,1317.35,1321.2,729008,79.34140087394954,1314.428571428571,0.018945276184339832,1376.2732979130622,1262.3199999999997,1148.3667020869373,227.91,-4.0
238,1324.9,2020-04-22 10:55:00+05:30,1327.35,1320.35,1321.55,838160,80.02149457588796,1316.828571428571,0.6800937019384179,1379.700416730626,1269.6249999999998,1159.5495832693734,220.15,-8.0
239,1337.85,2020-04-22 11:05:00+05:30,1338.0,1324.25,1325.0,1649259,82.36792015903211,1321.2214285714283,2.3464255831441534,1383.5148576107272,1277.3624999999997,1171.2101423892723,212.3,-8.0
240,1332.0,2020-04-22 11:15:00+05:30,1340.8,1330.45,1337.5,1922319,77.9160596147989,1324.328571428571,-4.451860544233213,1384.4799084630545,1284.5849999999998,1184.6900915369451,199.79,-13.0
241,1326.25,2020-04-22 11:25:00+05:30,1333.65,1325.0,1331.85,1245884,73.69962480157567,1325.7142857142856,-4.2164348132232305,1383.1994159868063,1291.1474999999998,1199.0955840131933,184.1,-16.0
242,1329.65,2020-04-22 11:35:00+05:30,1331.95,1322.25,1326.4,934634,74.5757424802082,1327.635714285714,0.8761176786325393,1379.5584892435395,1297.8474999999999,1216.1365107564602,163.42,-21.0
243,1333.0,2020-04-22 11:45:00+05:30,1334.8,1329.25,1329.8,657852,75.443729984728,1329.2999999999995,0.8679875045197889,1372.2927549474125,1304.6799999999998,1237.0672450525872,135.23,-28.0
244,1331.0,2020-04-22 11:55:00+05:30,1333.0,1326.0,1332.95,498271,73.82330638811132,1330.6642857142851,-1.620423596616675,1367.9976659685337,1309.8025,1251.6073340314663,116.39,-19.0
245,1331.25,2020-04-22 12:05:00+05:30,1334.0,1330.0,1331.05,471736,73.8987740697977,1331.571428571428,0.07546768168637641,1363.9468785431034,1314.1924999999999,1264.4381214568964,99.51,-17.0
246,1335.5,2020-04-22 12:15:00+05:30,1337.6,1330.35,1331.25,652681,75.20736100676089,1331.2357142857138,1.308586936963195,1356.7897272251087,1318.7675,1280.7452727748912,76.04,-23.0
247,1342.5,2020-04-22 12:25:00+05:30,1345.0,1333.4,1335.4,1283098,77.23205460298593,1332.7357142857138,2.0246935962250348,1345.9103456635683,1323.3425,1300.7746543364317,45.14,-31.0
248,1347.5,2020-04-22 12:35:00+05:30,1349.0,1341.15,1342.0,1677545,78.57778357648854,1335.771428571428,1.3457289735026166,1349.2689086851797,1324.3049999999998,1299.34109131482,49.93,5.0
249,1346.3,2020-04-22 12:45:00+05:30,1349.9,1344.0,1347.9,1401727,77.39543634224336,1338.1499999999994,-1.182347234245185,1351.9214051020679,1326.1474999999998,1300.3735948979318,51.55,2.0
250,1355.35,2020-04-22 12:55:00+05:30,1358.0,1345.5,1346.05,2083326,79.85705234146701,1341.3428571428565,2.4616159992236533,1355.4493537254457,1328.7024999999999,1301.955646274554,53.49,2.0
251,1361.05,2020-04-22 13:05:00+05:30,1361.05,1354.0,1355.75,3068502,81.24255932513469,1345.6357142857137,1.3855069836676819,1359.9298419943307,1331.35,1302.7701580056691,57.16,4.0
252,1382.55,2020-04-22 13:15:00+05:30,1383.4,1359.0,1361.05,3704553,85.33893295965055,1352.9642857142849,4.096373634515857,1369.545801089445,1335.1225,1300.699198910555,68.85,12.0
253,1376.0,2020-04-22 13:25:00+05:30,1384.6,1373.0,1382.8,2443166,79.6332462171649,1358.7499999999993,-5.705686742485653,1375.3017420512879,1338.4099999999999,1301.5182579487118,73.78,5.0
254,1362.9,2020-04-22 13:35:00+05:30,1376.8,1356.1,1376.8,2863329,69.60922064095345,1361.664285714285,-10.024025576211443,1377.660547175721,1340.7275,1303.794452824279,73.87,0.0
255,1350.2,2020-04-22 13:45:00+05:30,1363.0,1350.0,1362.65,2087283,61.52371134576716,1362.0499999999993,-8.085509295186291,1377.6995774461645,1342.4275,1307.1554225538355,70.54,-3.0
256,1361.4,2020-04-22 13:55:00+05:30,1368.7,1347.0,1350.7,2847061,65.34655082467462,1364.2071428571421,3.8228394789074613,1379.2076758401406,1344.43,1309.6523241598595,69.56,-1.0
257,1361.25,2020-04-22 14:05:00+05:30,1365.9,1358.2,1361.55,926675,65.25304222097213,1365.0499999999993,-0.09350860370248881,1380.2016268967209,1346.42,1312.6383731032793,67.56,-2.0
258,1361.35,2020-04-22 14:15:00+05:30,1365.6,1360.0,1361.15,710199,65.28870319213661,1365.0928571428565,0.035660971164475086,1381.0547453874797,1348.2424999999998,1315.43025461252,65.62,-2.0
259,1367.7,2020-04-22 14:25:00+05:30,1370.0,1360.0,1361.15,1112205,67.56509698160158,1362.9714285714283,2.2763937894649757,1383.264548633686,1349.7350000000001,1316.2054513663143,67.06,1.0
260,1366.25,2020-04-22 14:35:00+05:30,1372.45,1365.0,1367.6,1025998,66.49276342703484,1361.578571428571,-1.0723335545667396,1384.6602349544967,1351.4475,1318.2347650455033,66.43,-1.0
261,1365.4,2020-04-22 14:45:00+05:30,1368.8,1365.0,1366.0,736987,65.83315263690557,1361.9357142857139,-0.6596107901292783,1384.9370371752414,1353.4050000000002,1321.872962824759,63.06,-3.0
262,1368.0,2020-04-22 14:55:00+05:30,1375.0,1365.3,1365.45,1229907,66.91431906504371,1364.478571428571,1.0811664281381468,1385.402944338119,1355.3225,1325.242055661881,60.16,-3.0
263,1361.85,2020-04-22 15:05:00+05:30,1368.25,1357.0,1367.6,1850747,61.92288565098167,1364.5428571428567,-4.991433414062044,1385.0517106606567,1356.7649999999999,1328.478289339343,56.57,-4.0
264,1361.15,2020-04-22 15:15:00+05:30,1366.3,1360.7,1361.85,1723097,61.36182207704614,1364.528571428571,-0.5610635739355274,1383.8627834150554,1358.2725,1332.6822165849446,51.18,-5.0
265,1358.5,2020-04-22 15:25:00+05:30,1361.3,1355.15,1361.1,549939,59.175882525649875,1364.1214285714282,-2.1859395513962667,1381.8459764234692,1359.635,1337.4240235765308,44.42,-7.0
266,1372.2,2020-04-23 09:15:00+05:30,1377.8,1358.0,1367.35,3191792,65.93263255718966,1364.7642857142853,6.756750031539788,1381.2122443132994,1361.47,1341.7277556867007,39.48,-5.0
267,1367.75,2020-04-23 09:25:00+05:30,1374.0,1356.05,1372.3,1913675,62.324331203006956,1364.978571428571,-3.608301354182707,1380.497287020801,1362.7325,1344.9677129791992,35.53,-4.0
268,1369.9,2020-04-23 09:35:00+05:30,1371.75,1363.5,1368.2,835368,63.3674474232184,1365.6214285714282,1.043116220211445,1380.3532009420396,1363.8525000000002,1347.3517990579608,33.0,-3.0
269,1371.4,2020-04-23 09:45:00+05:30,1374.7,1368.1,1369.65,824579,64.11395599030682,1366.1071428571424,0.7465085670884193,1379.6942378482065,1365.1075000000003,1350.520762151794,29.17,-4.0
270,1370.2,2020-04-23 09:55:00+05:30,1374.5,1369.05,1371.4,598554,63.00774937353993,1367.2999999999995,-1.1062066167668902,1379.8452623562662,1365.8500000000004,1351.8547376437346,27.99,-1.0
271,1370.0,2020-04-23 10:05:00+05:30,1373.0,1368.0,1370.25,548556,62.81322760029766,1368.5642857142852,-0.19452177324227193,1380.2186869956581,1366.2975000000004,1352.3763130043426,27.84,-0.0
272,1369.0,2020-04-23 10:15:00+05:30,1370.6,1366.0,1369.6,538828,61.786110877670595,1370.0642857142852,-1.0271167226270634,1377.3586182276451,1365.6200000000003,1353.8813817723556,23.48,-4.0
273,1370.6,2020-04-23 10:25:00+05:30,1372.85,1369.0,1369.1,577463,62.833305244133435,1369.8357142857137,1.0471943664628398,1376.3056522302024,1365.3500000000004,1354.3943477697983,21.91,-2.0
274,1366.9,2020-04-23 10:35:00+05:30,1371.0,1361.0,1370.6,913768,58.81917541601541,1369.714285714285,-4.014129828118023,1376.4632946445913,1365.5500000000004,1354.6367053554095,21.83,-0.0
275,1363.3,2020-04-23 10:45:00+05:30,1369.0,1361.5,1367.2,647433,55.128840141464075,1368.771428571428,-3.6903352745513374,1374.4968412658834,1366.2050000000004,1357.9131587341174,16.58,-5.0
276,1365.0,2020-04-23 10:55:00+05:30,1366.9,1360.05,1363.25,700568,56.51625065223479,1367.8571428571424,1.3874105107707138,1374.3889529707233,1366.3850000000002,1358.3810470292772,16.01,-1.0
277,1359.15,2020-04-23 11:05:00+05:30,1365.3,1356.1,1365.3,1039421,50.706074458160344,1366.2785714285708,-5.810176194074444,1374.6158073520314,1366.2800000000002,1357.944192647969,16.67,1.0
278,1361.15,2020-04-23 11:15:00+05:30,1361.65,1353.65,1359.7,829218,52.50384087728767,1365.014285714285,1.7977664191273277,1374.6311507643936,1366.2700000000004,1357.9088492356072,16.72,0.0
279,1365.7,2020-04-23 11:25:00+05:30,1365.9,1360.0,1361.7,491816,56.39963557976497,1364.5428571428565,3.8957947024772963,1374.506943779264,1366.1700000000005,1357.833056220737,16.67,-0.0
280,1364.85,2020-04-23 11:35:00+05:30,1367.5,1362.25,1365.5,526406,55.48405208513892,1363.7214285714279,-0.9155834946260484,1374.4575997561421,1366.1000000000004,1357.7424002438586,16.72,0.0
281,1364.7,2020-04-23 11:45:00+05:30,1366.55,1362.1,1364.35,363102,55.31340100707359,1363.4071428571424,-0.1706510780653332,1374.440785901833,1366.0650000000003,1357.6892140981677,16.75,0.0
282,1364.9,2020-04-23 11:55:00+05:30,1366.0,1363.1,1364.8,351774,55.50988528762263,1363.635714285714,0.19648428054904343,1374.2496705727995,1365.9100000000003,1357.5703294272012,16.68,-0.0
283,1365.0,2020-04-23 12:05:00+05:30,1365.45,1364.0,1364.95,265732,55.61497052477479,1363.635714285714,0.10508523715216,1374.2007504669139,1366.0675000000006,1357.9342495330873,16.27,-0.0
284,1363.45,2020-04-23 12:15:00+05:30,1365.7,1363.4,1365.25,270669,53.50540873411914,1364.2499999999998,-2.109561790655647,1374.0847498461662,1366.1825000000003,1358.2802501538345,15.8,-0.0
285,1364.7,2020-04-23 12:25:00+05:30,1365.8,1362.5,1363.45,324478,54.988232719578406,1364.7571428571428,1.4828239854592624,1373.5690941108828,1366.4925000000005,1359.4159058891182,14.15,-2.0
286,1373.0,2020-04-23 12:35:00+05:30,1376.0,1363.1,1364.75,1228043,63.34711321543532,1365.7999999999997,8.358880495856916,1373.7525215045366,1366.5325000000005,1359.3124784954643,14.44,0.0
287,1378.5,2020-04-23 12:45:00+05:30,1383.35,1370.0,1372.2,1175761,67.63607797739076,1367.7499999999998,4.288964761955434,1376.056211660074,1367.0700000000004,1358.0837883399267,17.97,4.0
288,1375.9,2020-04-23 12:55:00+05:30,1385.7,1371.35,1378.8,1476997,63.83341601380686,1369.3499999999997,-3.802661963583894,1377.1219984456447,1367.3700000000003,1357.618001554356,19.5,2.0
289,1376.7,2020-04-23 13:05:00+05:30,1376.7,1370.0,1375.3,779029,64.49487313392245,1371.035714285714,0.6614571201155925,1378.109384795383,1367.6350000000004,1357.160615204618,20.95,1.0
290,1372.0,2020-04-23 13:15:00+05:30,1377.7,1371.0,1376.7,637988,57.805907247248776,1372.035714285714,-6.688965886673678,1378.3223929266471,1367.7250000000004,1357.1276070733536,21.19,0.0
291,1361.3,2020-04-23 13:25:00+05:30,1372.45,1360.1,1372.0,1032069,46.08709221822932,1371.728571428571,-11.718815029019453,1378.2037093891686,1367.2900000000004,1356.3762906108323,21.83,1.0
292,1367.4,2020-04-23 13:35:00+05:30,1367.95,1360.3,1361.6,682741,52.054553205396026,1372.1142857142852,5.967460987166703,1378.0943489759943,1367.2100000000005,1356.3256510240067,21.77,-0.0
293,1367.5,2020-04-23 13:45:00+05:30,1370.0,1366.0,1367.35,416230,52.14806173212966,1371.3285714285707,0.09350852673363619,1377.823760863069,1367.0550000000005,1356.286239136932,21.54,-0.0
294,1370.85,2020-04-23 13:55:00+05:30,1374.0,1362.05,1367.7,750855,55.29365454963007,1370.2357142857138,3.1455928175004075,1378.153367903625,1367.2525000000003,1356.3516320963756,21.8,0.0
295,1373.95,2020-04-23 14:05:00+05:30,1374.8,1370.1,1370.45,604834,58.04228509551065,1369.9571428571423,2.74863054588058,1378.911076529802,1367.7850000000003,1356.6589234701987,22.25,0.0
296,1368.7,2020-04-23 14:15:00+05:30,1375.0,1366.05,1373.95,528388,52.19010524480775,1368.8142857142852,-5.852179850702903,1379.0239061921525,1367.9700000000005,1356.9160938078485,22.11,-0.0
297,1370.75,2020-04-23 14:25:00+05:30,1371.8,1366.05,1368.7,519572,54.13473235346371,1368.635714285714,1.9446271086559648,1378.8467036114862,1368.5500000000004,1358.2532963885146,20.59,-2.0
298,1373.05,2020-04-23 14:35:00+05:30,1374.6,1369.15,1370.8,529977,56.283184689441455,1370.3142857142852,2.148452335977744,1379.0073633337017,1369.1450000000002,1359.2826366662987,19.72,-1.0
299,1370.85,2020-04-23 14:45:00+05:30,1374.0,1366.0,1373.45,583475,53.692383984253766,1370.8071428571425,-2.5908007051876893,1379.1544485232246,1369.4025000000001,1359.6505514767757,19.5,-0.0
300,1369.5,2020-04-23 14:55:00+05:30,1372.85,1368.95,1371.4,505246,52.10730918531889,1371.092857142857,-1.5850747989348761,1379.1487628838513,1369.6350000000002,1360.1212371161491,19.03,-0.0
301,1370.45,2020-04-23 15:05:00+05:30,1371.0,1366.4,1369.5,982873,53.155334412917675,1371.035714285714,1.0480252275987851,1379.1516001442883,1369.9225000000001,1360.693399855712,18.46,-1.0
302,1372.65,2020-04-23 15:15:00+05:30,1373.9,1370.0,1370.4,1109190,55.57953926627881,1370.8499999999997,2.4242048533611325,1379.2988586009005,1370.3100000000002,1361.3211413990998,17.98,-0.0
303,1372.0,2020-04-23 15:25:00+05:30,1375.0,1370.15,1372.95,514972,54.67919899426199,1371.321428571428,-0.9003402720168197,1379.317312090435,1370.6600000000003,1362.0026879095656,17.31,-1.0
304,1359.85,2020-04-24 09:15:00+05:30,1366.05,1349.15,1350.15,1487154,41.233356309769675,1369.7642857142853,-13.445842684492312,1379.88584364831,1370.48,1361.0741563516901,18.81,2.0
305,1358.75,2020-04-24 09:25:00+05:30,1361.0,1353.05,1360.0,590304,40.267914483384914,1367.7214285714283,-0.9654418263847617,1380.67205746393,1370.1825000000001,1359.6929425360702,20.98,2.0
306,1367.0,2020-04-24 09:35:00+05:30,1368.6,1358.9,1358.9,668217,49.767564495702345,1367.1714285714281,9.499650012317431,1380.3759704007898,1369.8825000000002,1359.3890295992105,20.99,0.0
307,1374.05,2020-04-24 09:45:00+05:30,1374.8,1365.55,1367.15,996010,56.18089062468464,1367.821428571428,6.413326128982298,1379.5558045336415,1369.66,1359.7641954663586,19.79,-1.0
308,1373.6,2020-04-24 09:55:00+05:30,1378.0,1372.2,1374.7,724200,55.69212465949814,1368.271428571428,-0.48876596518650217,1379.1856431320539,1369.5449999999998,1359.9043568679458,19.28,-1.0
309,1374.8,2020-04-24 10:05:00+05:30,1376.0,1368.1,1373.6,631408,56.77213894344113,1368.5785714285707,1.0800142839429867,1378.8276329635796,1369.4499999999998,1360.07236703642,18.76,-1.0
310,1378.1,2020-04-24 10:15:00+05:30,1382.95,1373.1,1374.1,771468,59.68257922548524,1369.4499999999994,2.9104402820441138,1379.851111810188,1369.7549999999997,1359.6588881898113,20.19,1.0
311,1377.45,2020-04-24 10:25:00+05:30,1380.0,1373.6,1378.1,387467,58.84221404171819,1371.964285714285,-0.8403651837670552,1380.3911303055825,1370.5624999999998,1360.733869694417,19.66,-1.0
312,1375.1,2020-04-24 10:35:00+05:30,1383.0,1375.0,1377.5,515071,55.78399044498888,1374.2999999999995,-3.058223596729306,1380.8574352060987,1370.9474999999998,1361.0375647939009,19.82,0.0
313,1378.85,2020-04-24 10:45:00+05:30,1382.0,1374.45,1375.2,367963,59.409374820360966,1375.9928571428568,3.625384375372086,1381.883022701385,1371.5149999999996,1361.1469772986143,20.74,1.0
314,1382.3,2020-04-24 10:55:00+05:30,1384.7,1376.35,1378.85,463050,62.45904153996841,1377.1714285714281,3.049666719607444,1383.51161461499,1372.0874999999996,1360.6633853850092,22.85,2.0
315,1395.5,2020-04-24 11:05:00+05:30,1399.4,1381.05,1382.3,1637691,71.33348393106074,1380.2999999999995,8.87444239109233,1388.666310640669,1373.1649999999995,1357.66368935933,31.0,8.0
316,1402.7,2020-04-24 11:15:00+05:30,1405.95,1395.45,1395.45,1598522,74.82877479600592,1384.285714285714,3.4952908649451757,1395.053378626787,1374.8649999999996,1354.6766213732121,40.38,9.0
317,1418.45,2020-04-24 11:25:00+05:30,1424.3,1402.25,1402.25,2816163,80.44554713121866,1390.0499999999997,5.616772335212744,1405.1781597185116,1377.2499999999995,1349.3218402814875,55.86,15.0
318,1414.3,2020-04-24 11:35:00+05:30,1420.7,1411.35,1417.4,1559687,75.65513272027,1395.3142857142852,-4.790414410948657,1411.6752445814107,1379.3124999999995,1346.9497554185884,64.73,9.0
319,1418.65,2020-04-24 11:45:00+05:30,1420.0,1408.0,1414.7,1478047,77.1885151228203,1401.5357142857138,1.533382402550302,1418.2264139396807,1381.7024999999999,1345.178586060319,73.05,8.0
320,1429.85,2020-04-24 11:55:00+05:30,1430.0,1418.1,1418.1,2260987,80.58010539740803,1408.821428571428,3.3915902745877275,1426.5810659456342,1384.7199999999998,1342.8589340543654,83.72,11.0
321,1439.35,2020-04-24 12:05:00+05:30,1448.7,1429.6,1429.7,3675917,82.90220195354668,1416.9714285714283,2.3220965561386464,1435.9960634585764,1388.1649999999995,1340.3339365414226,95.66,12.0
322,1438.55,2020-04-24 12:15:00+05:30,1441.95,1432.3,1439.75,1428217,82.01286476478208,1423.1214285714282,-0.8893371887645998,1443.6698861378352,1391.4599999999996,1339.250113862164,104.42,9.0
323,1444.75,2020-04-24 12:25:00+05:30,1447.5,1438.2,1438.5,1368476,83.49097929245389,1429.128571428571,1.4781145276718064,1451.562481928713,1395.0974999999994,1338.6325180712859,112.93,9.0
324,1462.8,2020-04-24 12:35:00+05:30,1465.85,1443.5,1444.7,2715771,86.87303410962305,1435.4642857142849,3.3820548171691627,1461.7279107621684,1400.2449999999994,1338.7620892378304,122.97,10.0
325,1481.3,2020-04-24 12:45:00+05:30,1494.8,1461.8,1462.4,5481056,89.2938959082702,1445.0357142857135,2.4208617986471523,1474.509911278891,1406.3724999999995,1338.235088721108,136.27,13.0
326,1458.55,2020-04-24 12:55:00+05:30,1481.7,1452.2,1481.45,3082787,71.76635836863268,1450.7357142857134,-17.52753753963752,1480.241276886999,1410.9499999999994,1341.6587231129997,138.58,2.0
327,1465.0,2020-04-24 13:05:00+05:30,1478.6,1450.25,1457.5,3132119,73.36279187824343,1455.757142857142,1.5964335096107476,1486.5086664680778,1415.4974999999995,1344.4863335319212,142.02,3.0
328,1459.3,2020-04-24 13:15:00+05:30,1469.75,1455.0,1465.45,1684523,69.61654636304303,1458.6071428571418,-3.7462455152003997,1490.4906717528513,1419.7824999999996,1349.0743282471478,141.42,-1.0
329,1454.25,2020-04-24 13:25:00+05:30,1460.8,1452.0,1460.0,1045067,66.3822943993683,1460.849999999999,-3.2342519636747227,1492.7283503074245,1423.7549999999997,1354.7816496925748,137.95,-3.0
330,1456.0,2020-04-24 13:35:00+05:30,1463.35,1451.0,1454.15,1293219,66.95521658467132,1462.457142857142,0.572922185303014,1494.5343857161793,1427.6499999999996,1360.76561428382,133.77,-4.0
331,1447.2,2020-04-24 13:45:00+05:30,1463.4,1445.4,1455.9,1330751,61.2979955169153,1460.2285714285706,-5.657221067756019,1494.163199645371,1431.1374999999996,1368.1118003546283,126.05,-8.0
332,1438.35,2020-04-24 13:55:00+05:30,1454.4,1438.1,1447.5,1605963,56.158944279427246,1454.0928571428565,-5.139051237488054,1491.5711464048463,1434.2999999999997,1377.0288535951531,114.54,-12.0
333,1435.8,2020-04-24 14:05:00+05:30,1439.6,1423.55,1439.1,2963224,54.735030693563964,1450.8428571428565,-1.423913585863282,1488.128006852584,1437.1474999999996,1386.1669931474153,101.96,-13.0
334,1438.0,2020-04-24 14:15:00+05:30,1442.6,1430.9,1435.85,1216163,55.77682458377794,1446.9857142857138,1.0417938902139738,1483.9005778340381,1439.9324999999997,1395.9644221659612,87.94,-14.0
335,1443.2,2020-04-24 14:25:00+05:30,1446.25,1432.5,1438.0,1195123,58.224248465634346,1444.6857142857139,2.447423881856409,1480.99382588819,1442.3174999999997,1403.6411741118093,77.35,-11.0
336,1441.3,2020-04-24 14:35:00+05:30,1445.8,1435.55,1443.0,1012997,56.98333338794315,1442.8357142857137,-1.2409150776911986,1478.1585830353517,1444.2474999999997,1410.3364169646477,67.82,-10.0
337,1428.0,2020-04-24 14:45:00+05:30,1445.0,1425.5,1441.3,1722256,49.09542407292304,1438.8357142857137,-7.88790931502011,1477.351200320714,1444.7249999999997,1412.0987996792853,65.25,-3.0
338,1411.8,2020-04-24 14:55:00+05:30,1428.35,1406.5,1428.0,3029662,41.55074265951355,1433.7785714285708,-7.544681413409485,1477.7322390302381,1444.5999999999997,1411.4677609697612,66.26,1.0
339,1413.4,2020-04-24 15:05:00+05:30,1422.35,1408.55,1411.35,1679915,42.49074148216514,1430.2142857142849,0.9399988226515887,1478.405386947264,1444.3374999999996,1410.2696130527352,68.14,2.0
340,1423.85,2020-04-24 15:15:00+05:30,1423.85,1411.0,1413.5,959275,48.33495549537121,1428.5071428571423,5.84421401320607,1478.7422679872893,1444.0374999999997,1409.33273201271,69.41,1.0
