,close,date,high,low,open,volume,RSI_14,sma_7,RSI_Trend,ub,mb,lb,band_diff,band_diff_trend
0,922.55,2020-04-13 09:15:00+05:30,945.55,922.55,934.0,1835941,0.0,0.0,,,,,,
1,914.6,2020-04-13 09:25:00+05:30,928.2,912.95,923.0,845150,0.0,0.0,0.0,,,,,
2,907.7,2020-04-13 09:35:00+05:30,915.3,907.5,914.6,588779,0.0,0.0,0.0,,,,,
3,902.3,2020-04-13 09:45:00+05:30,910.7,902.3,907.65,542391,0.0,0.0,0.0,,,,,
4,911.0,2020-04-13 09:55:00+05:30,911.5,901.0,902.3,400774,7.9980300418617105,0.0,7.9980300418617105,,,,,
5,906.8,2020-04-13 10:05:00+05:30,915.0,905.65,911.0,445662,7.6787383475000865,0.0,-0.31929169436162397,,,,,
6,905.0,2020-04-13 10:15:00+05:30,909.7,904.65,906.8,359668,7.539815647364733,909.9928571428572,-0.13892270013535324,,,,,
7,905.45,2020-04-13 10:25:00+05:30,906.0,900.0,905.05,443787,7.987995706479566,907.5500000000001,0.44818005911483283,,,,,
8,910.15,2020-04-13 10:35:00+05:30,912.0,905.45,905.45,349002,12.74525533757668,906.9142857142857,4.757259631097114,,,,,
9,912.05,2020-04-13 10:45:00+05:30,913.0,909.6,910.15,329168,14.666022742216697,907.5357142857143,1.9207674046400172,,,,,
10,909.2,2020-04-13 10:55:00+05:30,912.3,906.75,912.3,272102,14.162407625261878,908.5214285714285,-0.5036151169548191,,,,,
11,909.85,2020-04-13 11:05:00+05:30,911.0,908.0,908.7,164719,14.880316929032631,908.3571428571429,0.7179093037707531,,,,,
12,911.2,2020-04-13 11:15:00+05:30,913.0,908.5,909.85,256720,16.443385335860597,908.9857142857143,1.5630684068279663,,,,,
13,907.5,2020-04-13 11:25:00+05:30,911.25,906.3,911.2,308336,15.597972612610619,909.342857142857,-0.8454127232499786,,,,,
14,916.0,2020-04-13 11:35:00+05:30,920.0,907.4,907.8,635551,25.122253517183808,910.85,9.524280904573189,,,,,
15,915.7,2020-04-13 11:45:00+05:30,921.6,913.0,916.0,421271,25.014961805590744,911.6428571428571,-0.10729171159306361,,,,,
16,911.7,2020-04-13 11:55:00+05:30,918.0,911.1,915.75,244413,23.569579185623056,911.592857142857,-1.4453826199676882,,,,,
17,913.8,2020-04-13 12:05:00+05:30,916.9,911.0,911.5,218875,25.987445931619476,912.25,2.4178667459964203,,,,,
18,912.6,2020-04-13 12:15:00+05:30,915.0,912.0,913.95,152563,25.49119319957657,912.6428571428571,-0.49625273204290465,,,,,
19,908.25,2020-04-13 12:25:00+05:30,913.85,907.0,912.6,358618,23.722727554614963,912.2214285714286,-1.7684656449616085,919.8400542384898,910.6700000000001,901.4999457615104,18.34,
20,908.45,2020-04-13 12:35:00+05:30,911.9,908.0,908.7,199982,23.983846135684516,912.3571428571429,0.2611185810695531,917.2672058671554,909.9650000000001,902.6627941328449,14.6,-4.0
21,908.5,2020-04-13 12:45:00+05:30,911.9,907.0,908.8,277995,24.053842119483335,911.2857142857143,0.06999598379881888,916.6499627286111,909.6600000000002,902.6700372713893,13.98,-1.0
22,908.5,2020-04-13 12:55:00+05:30,910.5,907.5,908.6,239918,24.053842119483335,910.2571428571429,0.0,916.6517888648215,909.7000000000002,902.7482111351788,13.9,-0.0
23,903.4,2020-04-13 13:05:00+05:30,910.5,901.2,908.05,421067,21.691090082285854,909.0714285714286,-2.362752037197481,916.4737796510977,909.7550000000003,903.0362203489029,13.44,-0.0
24,903.0,2020-04-13 13:15:00+05:30,905.7,902.0,902.75,253226,21.512605298331124,907.5285714285714,-0.17848478395472966,916.6863242862036,909.3550000000002,902.0236757137969,14.66,1.0
25,901.95,2020-04-13 13:25:00+05:30,905.7,900.3,902.8,305010,21.023569924215977,906.0071428571428,-0.4890353741151472,917.0918730791866,909.1125000000004,901.1331269208142,15.96,1.0
26,900.85,2020-04-13 13:35:00+05:30,902.0,900.0,901.8,358241,20.497862735660362,904.9499999999999,-0.5257071885556144,917.5247997290207,908.9050000000003,900.2852002709799,17.24,1.0
27,897.15,2020-04-13 13:45:00+05:30,904.8,895.4,901.25,784786,18.795381551904512,903.3357142857142,-1.7024811837558502,918.4976602239435,908.4900000000004,898.4823397760572,20.02,3.0
28,893.4,2020-04-13 13:55:00+05:30,898.95,893.4,897.3,470337,17.23312615234137,901.1785714285713,-1.562255399563142,919.6757439356794,907.6525000000004,895.6292560643213,24.05,4.0
29,889.8,2020-04-13 14:05:00+05:30,896.35,886.65,893.5,656245,15.86942850451048,898.5071428571428,-1.3636976478308895,920.7657956950712,906.5400000000003,892.3142043049294,28.45,4.0
30,891.0,2020-04-13 14:15:00+05:30,892.8,888.15,889.6,474297,18.19326991542846,896.7357142857143,2.3238414109179786,921.3855470599376,905.6300000000003,889.8744529400631,31.51,3.0
31,896.6,2020-04-13 14:25:00+05:30,897.7,889.1,890.95,611640,28.165195440964382,895.8214285714286,9.971925525535923,921.0860174648035,904.9675000000003,888.8489825351971,32.24,1.0
32,898.1,2020-04-13 14:35:00+05:30,898.5,892.45,896.6,410287,30.605277064296345,895.2714285714286,2.440081623331963,920.4293063638065,904.3125000000002,888.1956936361939,32.23,-0.0
33,894.8,2020-04-13 14:45:00+05:30,900.0,893.2,897.9,383505,28.32568456939501,894.407142857143,-2.279592494901337,920.2595598999741,903.6775000000001,887.0954401000262,33.16,1.0
34,894.9,2020-04-13 14:55:00+05:30,897.0,894.0,894.8,305903,28.499480995205985,894.0857142857143,0.17379642581097698,918.5765285293654,902.6225000000002,886.6684714706349,31.91,-1.0
35,894.85,2020-04-13 15:05:00+05:30,896.7,893.25,894.9,935022,28.462318723656296,894.2928571428573,-0.03716227154968976,916.6355253015389,901.5800000000002,886.5244746984614,30.11,-2.0
36,896.6,2020-04-13 15:15:00+05:30,897.0,894.0,894.9,537207,31.813636119344665,895.2642857142858,3.351317395688369,915.244741584662,900.825,886.405258415338,28.84,-1.0
37,897.8,2020-04-13 15:25:00+05:30,898.4,896.5,896.7,195655,34.09364163511066,896.2357142857145,2.2800055157659926,913.1291375547056,900.025,886.9208624452943,26.21,-3.0
38,899.8,2020-04-15 09:15:00+05:30,930.5,897.1,930.5,4152021,37.82516722870141,896.6928571428573,3.731525593590753,911.0774672107173,899.385,887.6925327892827,23.38,-3.0
39,898.7,2020-04-15 09:25:00+05:30,902.0,895.0,899.85,844448,36.597835715606074,896.7785714285716,-1.2273315130953364,909.8303044885347,898.9075,887.9846955114654,21.85,-2.0
40,896.75,2020-04-15 09:35:00+05:30,898.95,895.55,898.6,504843,34.46301731983428,897.0571428571429,-2.134818395771795,908.3063013538783,898.3225,888.3386986461217,19.97,-2.0
41,898.0,2020-04-15 09:45:00+05:30,898.75,896.5,897.1,1199476,36.9999363509872,897.5000000000001,2.5369190311529195,906.5571247816794,897.7975,889.0378752183207,17.52,-2.0
42,900.0,2020-04-15 09:55:00+05:30,900.0,895.4,897.95,1306555,40.939277438098756,898.2357142857144,3.9393410871115577,904.644180830818,897.3725000000001,890.1008191691822,14.54,-3.0
43,899.9,2020-04-15 10:05:00+05:30,900.75,897.8,900.0,651300,40.80189928774988,898.7071428571428,-0.1373781503488729,904.0125356217952,897.1975,890.3824643782048,13.63,-1.0
44,896.25,2020-04-15 10:15:00+05:30,900.0,895.35,899.9,732039,36.04716594962625,898.4857142857143,-4.754733338123636,903.1102715730491,896.86,890.6097284269509,12.5,-1.0
45,895.7,2020-04-15 10:25:00+05:30,897.95,895.5,896.25,503826,35.37815160046003,897.8999999999999,-0.6690143491662184,902.3340065363103,896.5475,890.7609934636897,11.57,-1.0
46,898.75,2020-04-15 10:35:00+05:30,898.75,895.7,896.0,326591,41.82600332454649,897.9071428571427,6.447851724086462,901.9707313722645,896.4425000000001,890.9142686277357,11.06,-1.0
47,898.35,2020-04-15 10:45:00+05:30,900.9,898.1,898.7,771785,41.244771476943534,898.1357142857142,-0.5812318476029574,902.0888060952205,896.5024999999999,890.9161939047793,11.17,0.0
48,897.0,2020-04-15 10:55:00+05:30,899.65,895.85,898.35,733912,39.26173378243757,897.9928571428571,-1.983037694505967,902.0765781369379,896.6824999999999,891.2884218630619,10.79,-0.0
49,898.1,2020-04-15 11:05:00+05:30,899.0,896.0,897.0,343121,41.720523074529574,897.7214285714286,2.458789292092007,901.4358813377341,897.0974999999999,892.7591186622656,8.68,-2.0
50,898.4,2020-04-15 11:15:00+05:30,902.1,897.6,898.5,983455,42.405308691873216,897.5071428571429,0.6847856173436426,900.7500335208966,897.4675,894.1849664791033,6.57,-2.0
51,898.5,2020-04-15 11:25:00+05:30,899.6,896.5,898.7,326095,42.64722039804056,897.8285714285714,0.24191170616734325,900.8492957520676,897.5625,894.2757042479324,6.57,0.0
52,896.65,2020-04-15 11:35:00+05:30,900.0,896.25,898.35,270605,39.354007515983476,897.9642857142857,-3.293212882057084,900.7908132969125,897.4900000000001,894.1891867030878,6.6,0.0
53,894.15,2020-04-15 11:45:00+05:30,896.95,891.0,896.65,671652,35.37826237289971,897.3071428571428,-3.9757451430837634,900.8803758299697,897.4575000000002,894.0346241700307,6.85,0.0
54,892.65,2020-04-15 11:55:00+05:30,895.8,892.0,894.15,301051,33.21036295570184,896.492857142857,-2.167899417197873,901.2374893942352,897.3450000000003,893.4525106057653,7.78,1.0
55,896.3,2020-04-15 12:05:00+05:30,896.9,892.6,892.65,293764,42.45145446488695,896.392857142857,9.241091509185111,901.1656609525658,897.4175000000002,893.6693390474347,7.5,-0.0
56,895.45,2020-04-15 12:15:00+05:30,897.55,894.25,896.4,297246,41.027804538808354,896.0142857142855,-1.4236499260785962,901.1952382757272,897.3600000000004,893.5247617242735,7.67,0.0
57,894.8,2020-04-15 12:25:00+05:30,895.5,893.55,895.45,175856,39.92515781576066,895.4999999999999,-1.102646723047691,901.2041536222233,897.2100000000004,893.2158463777774,7.99,0.0
58,895.65,2020-04-15 12:35:00+05:30,896.0,893.6,894.95,248430,42.11597961464667,895.0928571428569,2.190821798886006,900.8589334491076,897.0025000000005,893.1460665508935,7.71,-0.0
59,886.0,2020-04-15 12:45:00+05:30,895.6,886.0,895.6,707593,29.128484945692364,893.5714285714284,-12.987494668954305,902.5362049737091,896.3675000000005,890.1987950262919,12.34,5.0
60,889.25,2020-04-15 12:55:00+05:30,890.75,885.05,886.0,477585,36.25777708459764,892.8714285714285,7.129292138905278,902.9275577730704,895.9925000000005,889.0574422269307,13.87,2.0
61,891.05,2020-04-15 13:05:00+05:30,892.85,886.6,889.2,975967,39.865806052786326,892.6428571428571,3.608028968188684,902.8478430059565,895.6450000000004,888.4421569940444,14.41,1.0
62,880.85,2020-04-15 13:15:00+05:30,891.05,880.0,891.05,724957,29.63061722681688,890.4357142857143,-10.235188825969445,904.1801495109049,894.6875000000003,885.1948504890958,18.99,5.0
63,881.2,2020-04-15 13:25:00+05:30,882.45,878.15,880.6,509868,30.291966222823774,888.4,0.6613489960068932,904.661524511363,893.7525000000003,882.8434754886375,21.82,3.0
64,874.65,2020-04-15 13:35:00+05:30,882.3,874.15,881.0,732687,25.468042221986167,885.5214285714285,-4.823924000837607,906.4422026302811,892.6725000000004,878.9027973697196,27.54,6.0
65,869.9,2020-04-15 13:45:00+05:30,874.75,868.1,874.0,877450,22.650976866447735,881.842857142857,-2.817065355538432,908.4073201165259,891.3825000000004,874.3576798834749,34.05,7.0
66,863.5,2020-04-15 13:55:00+05:30,871.85,862.05,869.5,798070,19.518307470415976,878.6285714285714,-3.1326693960317584,910.332503216023,889.6200000000005,868.9074967839779,41.43,7.0
67,853.0,2020-04-15 14:05:00+05:30,863.75,851.5,863.5,1130230,15.685478729830507,873.4499999999999,-3.8328287405854695,913.3069839448254,887.3525000000005,861.3980160551756,51.91,10.0
68,846.55,2020-04-15 14:15:00+05:30,853.7,843.0,852.65,1217728,13.882097854744174,867.092857142857,-1.803380875086333,916.098874720973,884.8300000000005,853.561125279028,62.54,11.0
69,854.0,2020-04-15 14:25:00+05:30,854.7,846.25,846.6,854954,24.65701079191271,863.2571428571428,10.774912937168537,916.0959064554203,882.6250000000006,849.1540935445809,66.94,4.0
70,859.45,2020-04-15 14:35:00+05:30,859.45,852.0,853.9,861525,31.417222689650075,860.1499999999999,6.7602118977373635,914.8097732754134,880.6775000000005,846.5452267245876,68.26,1.0
71,855.1,2020-04-15 14:45:00+05:30,859.45,854.0,859.45,606801,29.167667747585682,857.3571428571429,-2.2495549420643925,913.3792843263776,878.5075000000004,843.6357156736232,69.74,1.0
72,862.15,2020-04-15 14:55:00+05:30,863.0,855.0,855.05,699384,37.036370059202426,856.25,7.868702311616744,911.2868136128641,876.7825000000005,842.2781863871369,69.01,-1.0
73,864.2,2020-04-15 15:05:00+05:30,864.65,859.5,862.05,896044,39.15307176358459,856.35,2.116701704382166,909.2104306104641,875.2850000000004,841.3595693895368,67.85,-1.0
74,867.1,2020-04-15 15:15:00+05:30,867.95,862.8,864.4,920990,42.117532863383154,858.3642857142858,2.9644610997985623,907.0935166837917,874.0075000000003,840.9214833162089,66.17,-2.0
75,865.0,2020-04-15 15:25:00+05:30,867.35,865.0,867.0,232336,40.575899044401396,861.0,-1.541633818981758,904.0151276351783,872.4425000000003,840.8698723648224,63.15,-3.0
76,857.4,2020-04-16 09:15:00+05:30,876.1,856.25,865.0,2352486,35.510087505050876,861.4857142857143,-5.06581153935052,900.834998718742,870.5400000000003,840.2450012812586,60.59,-3.0
77,858.6,2020-04-16 09:25:00+05:30,864.7,856.55,857.5,1006570,36.8506954440244,861.3642857142858,1.3406079389735268,897.1922815966038,868.7300000000002,840.2677184033967,56.92,-4.0
78,865.35,2020-04-16 09:35:00+05:30,870.0,858.6,858.75,1068282,43.91347631568659,862.8285714285714,7.062780871662184,892.715528374302,867.2150000000001,841.7144716256983,51.0,-6.0
79,863.25,2020-04-16 09:45:00+05:30,869.0,861.3,865.9,639513,42.32738282999326,862.9857142857144,-1.5860934856933255,890.0326439372172,866.0775000000001,842.122356062783,47.91,-3.0
80,860.85,2020-04-16 09:55:00+05:30,865.65,859.0,863.2,500192,40.52585974990824,862.507142857143,-1.801523080085019,886.0599906322448,864.6575,843.2550093677553,42.8,-5.0
81,862.05,2020-04-16 10:05:00+05:30,863.7,859.0,860.75,463989,41.858339245405,861.7857142857144,1.3324794954967558,880.6431040753929,863.2075000000001,845.7718959246073,34.87,-8.0
82,863.0,2020-04-16 10:15:00+05:30,864.0,860.0,862.0,540181,42.94809594552164,861.5000000000001,1.089756700116638,877.6488668862225,862.3150000000002,846.9811331137778,30.67,-4.0
83,862.75,2020-04-16 10:25:00+05:30,866.7,861.05,862.95,551332,42.721168863643335,862.2642857142858,-0.22692708187830135,873.9025496444037,861.3925000000002,848.8824503555966,25.02,-6.0
84,860.9,2020-04-16 10:35:00+05:30,863.7,860.3,862.75,380337,40.99497547913168,862.5928571428573,-1.726193384511653,871.5475040805632,860.7050000000002,849.8624959194372,21.69,-3.0
85,861.5,2020-04-16 10:45:00+05:30,862.5,858.0,860.9,502669,41.816108079053876,862.0428571428572,0.8211325999221941,870.242441015599,860.2850000000001,850.3275589844012,19.91,-2.0
86,862.95,2020-04-16 10:55:00+05:30,865.0,861.4,861.5,461740,43.84976329939842,862.0,2.033655220344542,870.1805340754904,860.2575,850.3344659245097,19.85,-0.0
87,866.45,2020-04-16 11:05:00+05:30,869.9,862.0,862.8,541485,48.526500624168875,862.8,4.676737324770457,870.6019562055609,860.9300000000001,851.2580437944392,19.34,-1.0
88,869.85,2020-04-16 11:15:00+05:30,870.0,865.55,866.4,729968,52.65210534396485,863.9142857142857,4.125604719795973,869.9084095260155,862.095,854.2815904739846,15.63,-4.0
89,870.0,2020-04-16 11:25:00+05:30,875.3,868.2,869.7,958674,52.83172379680457,864.9142857142857,0.1796184528397191,870.4920146491318,862.8950000000001,855.2979853508684,15.19,-0.0
90,869.1,2020-04-16 11:35:00+05:30,871.0,867.35,869.8,856842,51.5676752164916,865.8214285714286,-1.2640485803129664,871.2731666996366,863.3774999999999,855.4818333003633,15.79,1.0
91,864.8,2020-04-16 11:45:00+05:30,869.5,863.45,869.2,483262,45.91522981573859,866.3785714285715,-5.65244540075301,870.743815281265,863.8625,856.9811847187349,13.76,-2.0
92,869.3,2020-04-16 11:55:00+05:30,869.9,864.0,864.45,365931,51.861932384257464,867.4928571428572,5.946702568518873,871.4602675146972,864.2199999999999,856.9797324853026,14.48,1.0
93,871.6,2020-04-16 12:05:00+05:30,872.0,866.0,869.15,748337,54.60900975632632,868.7285714285716,2.7470773720688584,872.546830895206,864.5899999999998,856.6331691047936,15.91,1.0
94,874.1,2020-04-16 12:15:00+05:30,874.65,870.1,871.55,612408,57.45128138838977,869.8214285714288,2.8422716320634507,873.9126836917249,864.9399999999998,855.9673163082748,17.95,2.0
95,871.65,2020-04-16 12:25:00+05:30,875.0,870.25,874.1,585728,53.88993403593706,870.0785714285715,-3.5613473524527137,874.7340829876265,865.2724999999998,855.8109170123731,18.92,1.0
96,870.8,2020-04-16 12:35:00+05:30,872.8,869.65,871.8,550960,52.670057351777466,870.1928571428573,-1.219876684159594,874.9433932305371,865.9424999999998,856.9416067694624,18.0,-1.0
97,869.95,2020-04-16 12:45:00+05:30,870.55,865.05,870.55,1166670,51.416637317477644,870.3142857142858,-1.2534200342998219,874.9770631209941,866.5099999999999,858.0429368790057,16.93,-1.0
98,875.55,2020-04-16 12:55:00+05:30,880.0,869.65,869.95,1260554,58.434704175501565,871.8500000000001,7.018066858023921,876.3750661760382,867.0199999999999,857.6649338239615,18.71,2.0
99,880.15,2020-04-16 13:05:00+05:30,881.9,875.0,875.7,896968,63.14435235308359,873.4,4.709648177582025,878.7191575832611,867.865,857.0108424167389,21.71,3.0
100,878.1,2020-04-16 13:15:00+05:30,881.6,876.1,880.0,518518,59.88766773656048,874.3285714285714,-3.25668461652311,879.9691272937099,868.7275,857.48587270629,22.48,1.0
101,877.6,2020-04-16 13:25:00+05:30,880.05,876.25,878.1,428626,59.08721528554465,874.8285714285714,-0.8004524510158291,880.9511623079135,869.5049999999999,858.0588376920863,22.89,0.0
102,876.75,2020-04-16 13:35:00+05:30,881.9,876.0,877.65,608367,57.67589340793734,875.5571428571429,-1.411321877607314,881.6452990143592,870.1924999999999,858.7397009856405,22.91,0.0
103,874.0,2020-04-16 13:45:00+05:30,878.0,871.5,876.65,651360,53.24482545411644,876.0142857142857,-4.4310679538209,881.765229693103,870.7549999999999,859.7447703068967,22.02,-1.0
104,875.0,2020-04-16 13:55:00+05:30,875.55,872.25,874.0,461300,54.61042140390241,876.7357142857144,1.3655959497859698,881.5832197915246,871.4599999999998,861.336780208475,20.25,-2.0
105,875.8,2020-04-16 14:05:00+05:30,875.8,873.0,875.0,469859,55.72453716359234,876.7714285714286,1.1141157596899305,881.307792274928,872.1749999999998,863.0422077250716,18.27,-2.0
106,876.15,2020-04-16 14:15:00+05:30,879.2,874.85,876.0,617272,56.23071872694299,876.2,0.5061815633506512,881.019394650163,872.8349999999998,864.6506053498366,16.37,-2.0
107,875.75,2020-04-16 14:25:00+05:30,880.8,875.2,876.15,665973,55.450484162176274,875.8642857142858,-0.7802345647667153,880.9993506219772,873.2999999999998,865.6006493780225,15.4,-1.0
108,875.0,2020-04-16 14:35:00+05:30,876.5,873.5,876.15,538042,53.9392139579485,875.4928571428571,-1.5112702042277704,881.1141822990359,873.5574999999999,866.0008177009639,15.11,-0.0
109,877.4,2020-04-16 14:45:00+05:30,879.35,874.25,875.05,560992,57.8939370067362,875.5857142857142,3.9547230487876988,881.4754153622661,873.9275,866.379584637734,15.1,-0.0
110,876.05,2020-04-16 14:55:00+05:30,877.9,874.2,877.4,676867,55.03170453240523,875.8785714285714,-2.8622324743309733,881.5210152388913,874.275,867.0289847611086,14.49,-1.0
111,880.0,2020-04-16 15:05:00+05:30,881.0,875.6,876.05,1009845,61.09278410863872,876.592857142857,6.061079576233489,881.2053109194144,875.0350000000001,868.8646890805858,12.34,-2.0
112,880.55,2020-04-16 15:15:00+05:30,883.75,879.2,880.0,922509,61.86357020253116,877.2714285714285,0.7707860938924398,881.6157594966119,875.5975000000001,869.5792405033883,12.04,-0.0
113,884.25,2020-04-16 15:25:00+05:30,887.65,880.0,880.6,458785,66.65011159485019,878.4285714285714,4.78654139231903,883.0806933955722,876.2300000000001,869.379306604428,13.7,2.0
114,916.6,2020-04-17 09:15:00+05:30,919.95,912.85,915.0,2988942,84.71441262055995,884.2642857142857,18.064301025709767,897.592105045366,878.3550000000001,859.1178949546343,38.47,25.0
115,913.7,2020-04-17 09:25:00+05:30,917.7,913.2,916.6,736048,80.50466352598659,889.7928571428572,-4.209749094573368,905.0541038520108,880.4575000000001,855.8608961479894,49.19,11.0
116,914.4,2020-04-17 09:35:00+05:30,916.0,913.0,913.9,501918,80.75328591119788,895.0785714285714,0.24862238521129143,911.0609683427567,882.6375000000002,854.2140316572436,56.85,8.0
117,911.55,2020-04-17 09:45:00+05:30,915.45,911.2,914.4,452657,76.47695238722794,900.15,-4.276333523969939,915.24247295141,884.7175000000001,854.1925270485901,61.05,4.0
118,912.0,2020-04-17 09:55:00+05:30,913.25,905.0,911.55,786302,76.6868773823118,904.7214285714286,0.20992499508386686,919.048421580943,886.5400000000002,854.0315784190574,65.02,4.0
119,912.25,2020-04-17 10:05:00+05:30,914.0,908.05,912.0,780322,76.8106916058933,909.25,0.12381422358149052,922.4453437147131,888.1450000000001,853.8446562852871,68.6,4.0
120,911.75,2020-04-17 10:15:00+05:30,913.05,909.0,912.35,782435,75.9419976757961,913.1785714285714,-0.8686939300971943,925.3332219258217,889.8275000000001,854.3217780741785,71.01,2.0
121,904.7,2020-04-17 10:25:00+05:30,912.45,903.85,911.75,848090,64.81179752874533,911.4785714285714,-11.130200147050772,926.7917133997294,891.1825000000002,855.5732866002711,71.22,0.0
122,906.65,2020-04-17 10:35:00+05:30,910.0,900.0,904.7,1126534,66.28373900050548,910.4714285714284,1.4719414717601467,928.2460324409104,892.6775000000004,857.1089675590903,71.14,-0.0
123,902.4,2020-04-17 10:45:00+05:30,906.8,898.0,906.8,800328,60.357692069030385,908.7571428571428,-5.926046931475092,928.7830722318765,894.0975000000004,859.4119277681243,69.37,-2.0
124,902.6,2020-04-17 10:55:00+05:30,905.0,901.5,902.75,569934,60.53649699126283,907.4785714285714,0.1788049222324446,929.1451085937379,895.4775000000003,861.8098914062628,67.34,-2.0
125,909.4,2020-04-17 11:05:00+05:30,913.5,902.4,902.5,914841,66.13017090183934,907.1071428571428,5.593673910576506,930.0347721848373,897.1575000000005,864.2802278151637,65.75,-2.0
126,911.15,2020-04-17 11:15:00+05:30,916.0,909.4,909.4,809835,67.41041891153381,906.9499999999998,1.2802480096944748,930.7874437858593,898.9075000000005,867.0275562141417,63.76,-2.0
127,909.9,2020-04-17 11:25:00+05:30,913.2,908.0,910.8,420467,65.50575987878439,906.6857142857141,-1.9046590327494215,930.890317374147,900.6150000000005,870.3396826258539,60.55,-3.0
128,906.6,2020-04-17 11:35:00+05:30,911.15,906.05,910.0,447339,60.63494303913054,906.9571428571427,-4.870816839653848,930.0426664429149,902.1950000000004,874.3473335570859,55.7,-5.0
129,906.8,2020-04-17 11:45:00+05:30,909.3,904.45,906.6,717678,60.82506458559882,906.9785714285714,0.1901215464682764,928.9914392743203,903.6650000000003,878.3385607256803,50.65,-5.0
130,903.55,2020-04-17 11:55:00+05:30,909.0,901.5,907.0,1184767,56.08478897942885,907.1428571428571,-4.740275606169966,926.7868594223827,905.0400000000003,883.2931405776179,43.49,-7.0
131,905.9,2020-04-17 12:05:00+05:30,906.5,902.1,903.55,384517,58.59735938241473,907.6142857142856,2.5125704029858795,924.6112169297475,906.3350000000004,888.0587830702533,36.55,-7.0
132,905.1,2020-04-17 12:15:00+05:30,907.35,904.0,905.85,288999,57.39350808566154,907.0,-1.203851296753193,921.2747256245647,907.5625000000003,893.850274375436,27.42,-9.0
133,903.85,2020-04-17 12:25:00+05:30,906.35,903.0,905.05,364910,55.475712146082394,905.9571428571429,-1.9177959395791433,917.0552937772948,908.5425000000002,900.0297062227057,17.03,-10.0
134,903.25,2020-04-17 12:35:00+05:30,905.0,903.0,904.15,251332,54.53375542235898,905.007142857143,-0.9419567237234148,915.8009400903492,907.8750000000003,899.9490599096515,15.85,-1.0
135,905.8,2020-04-17 12:45:00+05:30,906.5,901.35,903.45,585601,57.812345068156,904.8928571428572,3.2785896457970196,914.9584180708301,907.4800000000002,900.0015819291704,14.96,-1.0
136,904.55,2020-04-17 12:55:00+05:30,906.75,903.3,905.5,285089,55.69228798153687,904.5714285714287,-2.120057086619127,913.8162222354138,906.9875000000002,900.1587777645866,13.66,-1.0
137,900.75,2020-04-17 13:05:00+05:30,904.65,899.15,904.4,449677,49.72275421768065,904.1714285714287,-5.969533763856219,913.4626321404079,906.4475000000002,899.4323678595925,14.03,0.0
138,898.3,2020-04-17 13:15:00+05:30,900.7,896.1,900.6,410751,46.278525104450765,903.0857142857145,-3.4442291132298877,913.1598590593298,905.7625000000002,898.3651409406705,14.79,1.0
139,899.0,2020-04-17 13:25:00+05:30,901.55,897.65,898.5,390786,47.399620005078475,902.2142857142859,1.1210949006277104,912.4239333694416,905.1000000000001,897.7760666305587,14.65,-0.0
140,890.5,2020-04-17 13:35:00+05:30,899.0,890.0,899.0,843966,37.23756956406264,900.3071428571429,-10.162050441015836,913.2273041328434,904.0375000000001,894.8476958671569,18.38,4.0
141,893.25,2020-04-17 13:45:00+05:30,895.0,890.0,890.6,585973,41.5998997127274,898.8785714285715,4.3623301486647605,913.8322104556437,903.4650000000001,893.0977895443566,20.73,2.0
142,891.35,2020-04-17 13:55:00+05:30,894.0,887.3,893.25,611123,39.554311567138534,896.8142857142858,-2.045588145588866,914.2662849423854,902.7,891.1337150576147,23.13,2.0
143,892.1,2020-04-17 14:05:00+05:30,895.7,890.05,891.25,617668,40.79196460238943,895.0357142857144,1.2376530352508937,914.6869198525677,902.1849999999998,889.683080147432,25.0,2.0
144,898.2,2020-04-17 14:15:00+05:30,898.6,890.75,892.05,713112,49.79578843462945,894.6714285714287,9.003823832240023,914.5904171374559,901.9649999999999,889.3395828625439,25.25,0.0
145,899.2,2020-04-17 14:25:00+05:30,903.0,896.45,898.15,722607,51.108397674923886,894.8000000000001,1.3126092402944352,913.6319367853215,901.4549999999999,889.2780632146784,24.35,-1.0
146,898.15,2020-04-17 14:35:00+05:30,901.0,895.0,899.1,610696,49.64079656870345,894.6785714285714,-1.4676011062204353,912.1632754435991,900.805,889.4467245564008,22.72,-2.0
147,903.05,2020-04-17 14:45:00+05:30,904.5,898.1,898.15,720023,55.99178067299966,896.4714285714286,6.350984104296209,911.0532047128992,900.4624999999999,889.8717952871006,21.18,-2.0
148,902.85,2020-04-17 14:55:00+05:30,905.0,901.1,903.05,745766,55.68310371813727,897.8428571428573,-0.308676954862392,910.5358350947738,900.2749999999999,890.0141649052259,20.52,-1.0
149,909.3,2020-04-17 15:05:00+05:30,911.0,902.85,902.95,1573549,62.80476944718768,900.407142857143,7.121665729050413,911.049091881225,900.3999999999999,889.7509081187748,21.3,1.0
150,916.75,2020-04-17 15:15:00+05:30,916.85,909.05,909.5,1050240,69.00116177165522,903.9285714285714,6.1963923244675385,913.934724319993,901.0599999999998,888.1852756800066,25.75,4.0
151,915.1,2020-04-17 15:25:00+05:30,917.55,914.05,916.75,719892,66.36423482365184,906.3428571428573,-2.636926948003378,915.7127854170619,901.5199999999998,887.3272145829376,28.39,3.0
152,953.4,2020-04-20 09:15:00+05:30,957.15,937.45,951.0,4561151,82.79767246298869,914.0857142857143,16.433437639336844,931.1529913408684,903.9349999999998,876.7170086591312,54.44,26.0
153,948.7,2020-04-20 09:25:00+05:30,960.0,945.4,953.2,2466118,77.77591204518578,921.3071428571429,-5.021760417802909,939.9638640354633,906.1775,872.3911359645367,67.57,13.0
154,943.7,2020-04-20 09:35:00+05:30,951.0,942.0,948.1,1374182,72.72273086984255,927.1142857142858,-5.0531811753432265,945.8682750782197,908.2,870.5317249217804,75.34,8.0
155,943.3,2020-04-20 09:45:00+05:30,945.9,940.3,942.7,952691,72.31793094833398,932.8928571428571,-0.4047999215085696,950.8457519004287,910.075,869.3042480995714,81.54,6.0
156,945.0,2020-04-20 09:55:00+05:30,946.1,940.45,943.3,698839,73.00565876002737,937.9928571428571,0.6877278116933923,955.6336371373494,912.0975000000001,868.5613628626508,87.07,6.0
157,943.65,2020-04-20 10:05:00+05:30,947.0,942.5,944.95,640617,71.48681357128483,941.8357142857142,-1.5188451887425458,959.6132565798893,914.2425000000001,868.8717434201109,90.74,4.0
158,943.2,2020-04-20 10:15:00+05:30,944.9,942.0,943.65,387941,70.95688788158726,945.8499999999998,-0.5299256896975635,962.9666393502163,916.4875000000002,870.0083606497841,92.96,2.0
159,944.3,2020-04-20 10:25:00+05:30,945.85,943.1,943.25,744304,71.51279687663481,944.55,0.5559089950475453,966.0513090981711,918.7525000000002,871.4536909018292,94.6,2.0
160,943.7,2020-04-20 10:35:00+05:30,945.0,942.35,944.05,403501,70.7176784946598,943.8357142857142,-0.7951183819750156,967.9997229490579,921.4125000000001,874.8252770509424,93.17,-1.0
161,944.25,2020-04-20 10:45:00+05:30,944.8,942.15,943.55,339966,71.03559187791923,943.9142857142857,0.3179133832594374,969.633242390794,923.9625000000002,878.2917576092065,91.34,-2.0
162,944.95,2020-04-20 10:55:00+05:30,945.5,943.5,944.25,502314,71.46028282658669,944.1499999999999,0.42469094866746104,970.5104390779567,926.6425000000003,882.7745609220439,87.74,-4.0
163,944.25,2020-04-20 11:05:00+05:30,945.05,943.05,944.95,422751,70.34943733083053,944.0428571428571,-1.1108454957561662,970.6002116076804,929.2500000000003,887.8997883923203,82.7,-5.0
164,940.0,2020-04-20 11:15:00+05:30,944.25,937.0,944.25,1136040,63.85882833944411,943.5214285714285,-6.4906089913864164,970.2348325616648,931.3400000000004,892.445167438336,77.79,-5.0
165,938.3,2020-04-20 11:25:00+05:30,941.95,938.0,939.9,698406,61.417849041364676,942.8214285714286,-2.4409792980794336,969.2038304635934,933.2950000000003,897.3861695364072,71.82,-6.0
166,940.1,2020-04-20 11:35:00+05:30,941.0,936.65,938.6,976279,63.02927154783175,942.2214285714286,1.611422506467072,967.3398460721316,935.3925000000002,903.4451539278687,63.89,-8.0
167,944.05,2020-04-20 11:45:00+05:30,945.8,939.95,940.1,882192,66.3505844214315,942.2714285714286,3.3213128735997586,965.7002287983661,937.4425000000001,909.1847712016341,56.52,-7.0
168,944.2,2020-04-20 11:55:00+05:30,945.05,942.4,944.35,952517,66.47375741907629,942.2642857142857,0.12317299764478662,962.7089246574719,939.5100000000002,916.3110753425285,46.4,-10.0
169,945.95,2020-04-20 12:05:00+05:30,947.6,943.55,944.15,1941653,67.94785604936153,942.407142857143,1.4740986302852406,959.7991141332329,941.3425000000003,922.8858858667677,36.91,-9.0
170,944.55,2020-04-20 12:15:00+05:30,945.9,942.6,945.75,373397,65.46789583967868,942.45,-2.479960209682858,957.1322542011147,942.7325000000003,928.3327457988859,28.8,-8.0
171,945.0,2020-04-20 12:25:00+05:30,948.7,943.9,944.6,837727,65.89872856851426,943.1642857142858,0.43083272883558266,950.4142834513234,944.2275000000003,938.0407165486772,12.37,-16.0
172,943.8,2020-04-20 12:35:00+05:30,945.55,942.55,945.0,488209,63.61929006694527,943.95,-2.2794385015689898,948.17831019084,943.7475000000002,939.3166898091604,8.86,-4.0
173,944.75,2020-04-20 12:45:00+05:30,945.0,942.0,943.8,415707,64.66143191254315,944.6142857142858,1.0421418455978824,947.3599592482818,943.5500000000002,939.7400407517185,7.62,-1.0
174,945.0,2020-04-20 12:55:00+05:30,946.6,943.0,944.75,416919,64.946005290166,944.75,0.2845733776228485,947.4796985311567,943.6150000000001,939.7503014688435,7.73,0.0
175,945.0,2020-04-20 13:05:00+05:30,946.85,944.5,945.0,461015,64.946005290166,944.8642857142858,0.0,947.6100410550932,943.7000000000002,939.7899589449071,7.82,0.0
176,944.75,2020-04-20 13:15:00+05:30,945.8,943.9,945.0,566300,64.34506690706354,944.6928571428572,-0.6009383831024593,947.5816082351743,943.6875000000002,939.7933917648262,7.79,-0.0
177,945.0,2020-04-20 13:25:00+05:30,945.0,944.05,944.85,485365,64.69685054452079,944.7571428571429,0.3517836374572454,947.6929262509318,943.7550000000001,939.8170737490684,7.88,0.0
178,947.0,2020-04-20 13:35:00+05:30,947.0,944.1,945.0,621955,67.46260405320832,945.0428571428572,2.7657535086875384,948.129168156011,943.945,939.7608318439891,8.37,0.0
179,945.4,2020-04-20 13:45:00+05:30,949.9,945.0,947.0,923489,63.19708636565687,945.2714285714285,-4.265517687551451,948.2324560494362,944.0000000000002,939.7675439505642,8.46,0.0
180,945.65,2020-04-20 13:55:00+05:30,946.35,943.7,945.4,539648,63.58452183071711,945.3999999999999,0.38743546506023563,948.3902693183929,944.0975000000002,939.8047306816075,8.59,0.0
181,947.2,2020-04-20 14:05:00+05:30,947.9,945.65,945.65,432952,65.97606427134724,945.7142857142856,2.3915424406301327,948.7569607127687,944.2450000000002,939.7330392872318,9.02,0.0
182,948.7,2020-04-20 14:15:00+05:30,953.0,947.1,947.15,1164087,68.1556253518993,946.242857142857,2.1795610805520624,949.3603237963937,944.4325000000002,939.5046762036068,9.86,1.0
183,948.45,2020-04-20 14:25:00+05:30,952.0,946.0,948.65,734466,67.38088771198711,946.7714285714284,-0.774737639912189,949.8854677212624,944.6425000000003,939.3995322787381,10.49,1.0
184,946.0,2020-04-20 14:35:00+05:30,948.5,945.0,948.1,469313,60.16325121510441,946.9142857142855,-7.2176364968827045,949.7341896261725,944.9425000000003,940.1508103738282,9.58,-1.0
185,940.4,2020-04-20 14:45:00+05:30,946.0,938.3,945.7,938327,47.609842970328465,945.9714285714283,-12.553408244775945,949.2864764156592,945.0475000000004,940.8085235843415,8.48,-1.0
186,944.1,2020-04-20 14:55:00+05:30,945.65,940.0,941.0,731249,54.38251538461654,945.7857142857141,6.772672414288074,948.8302767825483,945.2475000000004,941.6647232174525,7.17,-1.0
187,944.9,2020-04-20 15:05:00+05:30,944.95,942.5,944.0,756736,55.71552957159127,945.6785714285713,1.3330141869747294,948.8329098952979,945.2900000000005,941.7470901047031,7.09,-0.0
188,945.0,2020-04-20 15:15:00+05:30,947.85,943.1,944.95,1077573,55.889047585679705,945.3642857142856,0.1735180140884367,948.8389959577438,945.3300000000005,941.8210040422572,7.02,-0.0
189,944.0,2020-04-20 15:25:00+05:30,946.8,943.5,944.95,313500,53.62620241520658,944.6928571428571,-2.2628451704731276,948.7771438466908,945.2325000000004,941.68785615331,7.09,0.0
190,925.5,2020-04-21 09:15:00+05:30,932.0,922.05,925.0,1863671,29.682691864903887,941.4142857142857,-23.94351055030269,953.7994205927116,944.2800000000004,934.7605794072892,19.04,12.0
191,925.6,2020-04-21 09:25:00+05:30,927.0,922.4,925.5,866465,29.86498010937555,938.5,0.18228824447166403,955.9595100799617,943.3100000000004,930.6604899200391,25.3,6.0
192,928.3,2020-04-21 09:35:00+05:30,928.8,923.75,924.8,660109,34.78105660184225,936.7714285714286,4.916076492466701,956.8480084372997,942.5350000000004,928.2219915627012,28.63,3.0
193,927.65,2020-04-21 09:45:00+05:30,928.3,925.15,928.3,264865,34.16027429228454,934.4214285714286,-0.6207823095577112,957.4088337306432,941.6800000000005,925.9511662693578,31.46,3.0
194,928.5,2020-04-21 09:55:00+05:30,930.0,926.55,927.5,404801,35.774608950892556,932.0785714285714,1.6143346586080156,957.551734631907,940.8550000000005,924.1582653680939,33.39,2.0
195,928.1,2020-04-21 10:05:00+05:30,929.95,926.8,928.5,191913,35.33552970163207,929.6642857142858,-0.43907924926048736,957.514513703611,940.0100000000004,922.5054862963899,35.01,2.0
196,926.45,2020-04-21 10:15:00+05:30,928.5,926.0,927.9,210305,33.50855571658046,927.157142857143,-1.826973985051609,957.4488293724085,939.0950000000005,920.7411706275925,36.71,2.0
197,927.8,2020-04-21 10:25:00+05:30,927.8,924.5,926.65,381373,36.40572125756419,927.4857142857144,2.8971655409837282,957.0303829716911,938.2350000000004,919.4396170283096,37.59,1.0
198,927.0,2020-04-21 10:35:00+05:30,928.05,925.65,927.85,214018,35.42078830271238,927.6857142857143,-0.9849329548518071,956.1943221064664,937.2350000000004,918.2756778935343,37.92,0.0
199,928.75,2020-04-21 10:45:00+05:30,929.5,926.5,927.15,208028,39.2900629421839,927.75,3.86927463947152,955.3143864042784,936.4025000000004,917.4906135957224,37.82,-0.0
200,928.55,2020-04-21 10:55:00+05:30,928.8,926.65,928.55,175594,39.002452030200764,927.8785714285715,-0.28761091198313693,954.2440089620583,935.5475000000002,916.8509910379422,37.39,-0.0
201,927.2,2020-04-21 11:05:00+05:30,928.75,927.2,928.6,274542,37.031903534981055,927.6928571428572,-1.9705484952197097,952.7528050394343,934.5475000000002,916.3421949605662,36.41,-1.0
202,928.9,2020-04-21 11:15:00+05:30,928.95,926.1,927.2,178120,41.0696067304762,927.8071428571428,4.037703195495148,950.6412341844257,933.5575000000002,916.4737658155748,34.17,-2.0
203,928.65,2020-04-21 11:25:00+05:30,929.5,927.3,928.9,170516,40.6567284601438,928.1214285714285,-0.4128782703323992,948.2552516754788,932.5675000000003,916.8797483245219,31.38,-3.0
204,929.2,2020-04-21 11:35:00+05:30,930.0,927.5,928.65,309271,42.0372954600809,928.3214285714284,1.3805669999370949,946.1336198618361,931.7275000000003,917.3213801381645,28.81,-3.0
205,931.7,2020-04-21 11:45:00+05:30,934.0,928.7,929.2,557576,47.963248220600654,928.992857142857,5.925952760519756,945.1093575526957,931.2925000000002,917.4756424473048,27.63,-1.0
206,929.5,2020-04-21 11:55:00+05:30,932.9,928.5,931.6,279015,43.72659818613913,929.0999999999998,-4.236650034461526,943.0045710325434,930.5625000000003,918.1204289674573,24.88,-3.0
207,926.15,2020-04-21 12:05:00+05:30,929.95,926.0,929.5,335481,38.19414657961322,928.7571428571426,-5.53245160652591,940.2045482940043,929.6250000000003,919.0454517059964,21.16,-4.0
208,927.2,2020-04-21 12:15:00+05:30,927.85,926.15,926.2,238354,40.72559068347175,928.7571428571426,2.531444103858533,936.4850492358307,928.7350000000004,920.98495076417,15.5,-6.0
209,920.7,2020-04-21 12:25:00+05:30,927.3,916.45,927.05,1035828,31.990482847018313,927.5857142857141,-8.735107836453437,931.9155240129671,927.5700000000004,923.2244759870337,8.69,-7.0
210,919.95,2020-04-21 12:35:00+05:30,921.6,918.3,920.8,660308,31.15999953243889,926.3428571428569,-0.8304833145794248,932.7588829087588,927.2925000000005,921.8261170912422,10.93,2.0
211,916.0,2020-04-21 12:45:00+05:30,920.5,914.3,920.0,406935,27.16079906516157,924.4571428571427,-3.999200467277319,934.2391146569664,926.8125000000006,919.3858853430347,14.85,4.0
212,915.55,2020-04-21 12:55:00+05:30,917.9,913.0,916.2,337018,26.739749552693326,922.1499999999999,-0.42104951246824385,935.1014538842297,926.1750000000005,917.2485461157713,17.85,3.0
213,916.5,2020-04-21 13:05:00+05:30,916.65,914.1,916.15,303392,29.23383906870096,920.2928571428571,2.4940895160076337,935.4978513148661,925.6175000000005,915.7371486851349,19.76,2.0
214,911.05,2020-04-21 13:15:00+05:30,916.5,910.0,916.5,421471,24.153610264803305,918.1357142857142,-5.080228803897654,936.4643452304937,924.7450000000005,913.0256547695072,23.44,4.0
215,911.3,2020-04-21 13:25:00+05:30,912.75,908.0,911.05,584827,24.799187405325625,915.8642857142858,0.6455771405223203,936.9456611069063,923.9050000000004,910.8643388930946,26.08,3.0
216,911.3,2020-04-21 13:35:00+05:30,916.0,910.45,911.95,443432,24.799187405325625,914.5214285714286,0.0,937.2800482858736,923.1475000000004,909.0149517141272,28.27,2.0
217,913.2,2020-04-21 13:45:00+05:30,916.0,908.95,911.05,425409,30.047272206553927,913.5571428571429,5.248084801228302,937.0380434055511,922.4175000000005,907.7969565944499,29.24,1.0
218,912.2,2020-04-21 13:55:00+05:30,915.0,911.3,913.5,324130,28.903955187852176,913.0142857142857,-1.143317018701751,936.8106450448109,921.6775000000005,906.54435495519,30.27,1.0
219,914.15,2020-04-21 14:05:00+05:30,915.0,911.65,912.05,329687,34.16461581530477,912.8142857142857,5.260660627452594,936.0526916833053,920.9475000000006,905.8423083166958,30.21,-0.0
220,917.3,2020-04-21 14:15:00+05:30,917.55,913.5,913.8,452410,41.672672588609615,912.9285714285714,7.508056773304844,935.1317784171368,920.3850000000006,905.6382215828643,29.49,-1.0
221,919.85,2020-04-21 14:25:00+05:30,921.75,916.3,917.55,477820,46.947279978163955,914.1857142857143,5.27460738955434,934.4112952641124,920.0175000000005,905.6237047358886,28.79,-1.0
222,913.45,2020-04-21 14:35:00+05:30,920.25,912.25,920.0,352526,37.72613495229513,914.4928571428571,-9.221145025868822,933.2856140216581,919.2450000000005,905.2043859783428,28.08,-1.0
223,916.45,2020-04-21 14:45:00+05:30,917.4,912.0,913.05,398536,43.34370565316031,915.2285714285714,5.61757070086518,931.9989381211221,918.6350000000004,905.2710618788788,26.73,-1.0
224,919.6,2020-04-21 14:55:00+05:30,919.7,914.0,916.45,428832,48.58793587329947,916.1428571428571,5.244230220139158,930.5776406210562,918.1550000000003,905.7323593789445,24.85,-2.0
225,922.35,2020-04-21 15:05:00+05:30,923.6,919.4,919.7,572498,52.70384905053041,917.5928571428573,4.1159131772309365,928.5724425209379,917.6875000000002,906.8025574790626,21.77,-3.0
226,922.05,2020-04-21 15:15:00+05:30,926.0,921.9,922.2,631341,52.21277029654172,918.7214285714288,-0.4910787539886883,926.9341749290518,917.3150000000002,907.6958250709486,19.24,-3.0
227,919.0,2020-04-21 15:25:00+05:30,922.25,916.5,922.05,146609,47.37928317900896,918.9642857142859,-4.833487117532762,925.6841847264982,916.9575000000001,908.230815273502,17.45,-2.0
228,914.6,2020-04-22 09:15:00+05:30,923.2,913.5,919.15,1511350,41.4219500037605,918.2142857142859,-5.957333175248458,923.646507338496,916.3275,909.008492661504,14.64,-3.0
229,916.0,2020-04-22 09:25:00+05:30,917.45,912.3,914.3,504066,43.84152320687745,918.5785714285715,2.419573203116947,923.1162398195362,916.0925,909.0687601804638,14.05,-1.0
230,909.2,2020-04-22 09:35:00+05:30,916.1,907.85,916.0,596883,36.05217842111644,917.5428571428573,-7.78934478576101,922.9701977650392,915.555,908.1398022349607,14.83,1.0
231,911.55,2020-04-22 09:45:00+05:30,913.0,907.45,909.25,382469,40.018399994307956,916.3928571428572,3.9662215731915182,922.9556140894623,915.3324999999999,907.7093859105374,15.25,0.0
232,911.1,2020-04-22 09:55:00+05:30,913.0,909.75,911.55,411461,39.51301686227809,914.7857142857144,-0.5053831320298627,922.9626964862504,915.1099999999999,907.2573035137494,15.71,0.0
233,910.6,2020-04-22 10:05:00+05:30,911.25,908.35,911.1,338041,38.924810520102206,913.1500000000002,-0.5882063421758872,922.8880285193098,914.8149999999998,906.7419714806898,16.15,0.0
234,910.35,2020-04-22 10:15:00+05:30,910.75,909.0,910.65,233190,38.61528006252798,911.9142857142859,-0.30953045757422615,922.9274826593319,914.7799999999997,906.6325173406676,16.29,0.0
235,911.3,2020-04-22 10:25:00+05:30,911.75,908.3,910.3,470495,40.5499090291979,911.4428571428573,1.9346289666699192,922.9274826593319,914.7799999999997,906.6325173406676,16.29,0.0
236,918.25,2020-04-22 10:35:00+05:30,919.0,911.2,911.2,624532,52.37530075602429,911.7642857142858,11.825391726826389,923.2428185234313,915.1274999999998,907.0121814765683,16.23,-0.0
237,917.25,2020-04-22 10:45:00+05:30,919.7,916.3,918.2,483848,50.80925055240034,912.9142857142859,-1.566050203623945,923.4449245221322,915.3299999999997,907.2150754778672,16.23,0.0
238,919.95,2020-04-22 10:55:00+05:30,920.0,916.5,917.0,520750,54.74388897978317,914.1142857142859,3.934638427382829,923.9425115981302,915.7174999999997,907.4924884018693,16.45,0.0
239,922.55,2020-04-22 11:05:00+05:30,923.6,919.3,920.0,448229,58.21033577387461,915.7500000000001,3.466446794091439,924.867838812977,916.1374999999996,907.4071611870222,17.46,1.0
240,916.7,2020-04-22 11:15:00+05:30,924.8,916.5,922.4,971199,49.09784786832906,916.6214285714286,-9.11248790554555,924.8251333702931,916.1074999999997,907.3898666297064,17.44,-0.0
241,917.1,2020-04-22 11:25:00+05:30,918.45,914.5,916.7,385138,49.67792297326947,917.5857142857143,0.5800751049404056,924.5243094710337,915.9699999999997,907.4156905289657,17.11,-0.0
242,919.2,2020-04-22 11:35:00+05:30,920.25,915.15,917.1,325095,52.72394670754936,918.7142857142857,3.046023734279892,924.8416515535688,916.2574999999997,907.6733484464306,17.17,0.0
243,920.0,2020-04-22 11:45:00+05:30,922.0,917.55,919.1,586763,53.86950762998601,918.9642857142857,1.1455609224366512,925.1811931568393,916.4349999999997,907.6888068431601,17.49,0.0
244,920.0,2020-04-22 11:55:00+05:30,920.9,918.2,919.95,486155,53.86950762998602,919.3571428571429,7.105427357601002e-15,925.2334364990767,916.4549999999997,907.6765635009227,17.56,0.0
245,916.95,2020-04-22 12:05:00+05:30,920.8,916.7,920.0,372974,48.656405662957916,918.9285714285714,-5.213101967028102,924.5210409636272,916.1849999999998,907.8489590363724,16.67,-1.0
246,917.5,2020-04-22 12:15:00+05:30,919.0,915.8,916.95,224259,49.6035168747606,918.2071428571428,0.9471112118026852,923.8564856110842,915.9574999999999,908.0585143889156,15.8,-1.0
247,919.7,2020-04-22 12:25:00+05:30,919.9,916.6,917.4,349698,53.313331969921826,918.6357142857142,3.7098150951612254,923.9542027403829,915.9925,908.030797259617,15.92,0.0
248,918.45,2020-04-22 12:35:00+05:30,920.0,918.2,919.85,404088,51.01545985622671,918.8285714285713,-2.2978721136951137,924.1909911776587,916.1850000000001,908.1790088223414,16.01,0.0
249,920.0,2020-04-22 12:45:00+05:30,920.0,918.0,918.4,155862,53.68140828435135,918.9428571428571,2.6659484281246364,924.5693946501484,916.385,908.2006053498516,16.37,0.0
250,919.95,2020-04-22 12:55:00+05:30,922.0,919.0,920.0,501741,53.58010599353116,918.9357142857142,-0.10130229082018616,924.5103347927462,916.9225,909.3346652072538,15.18,-1.0
251,919.2,2020-04-22 13:05:00+05:30,920.55,917.45,919.95,206140,51.99509002218264,918.8214285714284,-1.5850159713485255,924.5143433528201,917.3050000000001,910.09565664718,14.42,-1.0
252,919.9,2020-04-22 13:15:00+05:30,920.1,917.55,919.2,416940,53.38124629095534,919.242857142857,1.3861562687727016,924.4136935515223,917.7450000000002,911.0763064484781,13.34,-1.0
253,914.7,2020-04-22 13:25:00+05:30,920.0,913.1,919.4,323518,43.36404675437324,918.8428571428569,-10.017199536582098,923.908099308364,917.9500000000004,911.9919006916368,11.92,-1.0
254,916.5,2020-04-22 13:35:00+05:30,918.75,914.0,915.0,417286,47.06691824380154,918.3857142857141,3.702871489428297,923.0931434285756,918.2575000000004,913.4218565714252,9.67,-2.0
255,918.8,2020-04-22 13:45:00+05:30,920.5,915.55,916.9,455271,51.436098930838874,918.4357142857142,4.3691806870373355,922.1909258790572,918.6325000000004,915.0740741209436,7.12,-3.0
256,919.25,2020-04-22 13:55:00+05:30,921.95,918.15,919.0,269601,52.26626993406512,918.3285714285713,0.8301710032262477,922.246394233162,918.6825000000005,915.1186057668389,7.13,0.0
257,928.0,2020-04-22 14:05:00+05:30,928.75,919.0,919.4,757971,64.8489364547308,919.4785714285714,12.582666520665683,924.6357081473012,919.2200000000005,913.8042918526997,10.83,4.0
258,927.6,2020-04-22 14:15:00+05:30,930.0,925.05,927.9,692135,64.01815444152193,920.6785714285714,-0.830782013208875,926.1892870132406,919.6025000000003,913.01571298676,13.17,2.0
259,929.75,2020-04-22 14:25:00+05:30,931.95,925.5,927.9,667379,66.50222187409794,922.0857142857143,2.484067432576012,927.8801601407969,919.9625000000003,912.0448398592038,15.84,3.0
260,929.75,2020-04-22 14:35:00+05:30,930.95,927.0,929.9,688602,66.50222187409793,924.2357142857144,-1.4210854715202004e-14,929.4932466263217,920.6150000000004,911.736753373679,17.76,2.0
261,930.2,2020-04-22 14:45:00+05:30,932.75,929.7,929.75,397563,67.05432696346213,926.1928571428572,0.5521050893642041,930.95283342611,921.2700000000004,911.5871665738908,19.37,2.0
262,927.9,2020-04-22 14:55:00+05:30,932.9,926.5,930.3,695834,61.47709047606005,927.4928571428571,-5.577236487402082,931.7704123768323,921.7050000000005,911.6395876231687,20.13,1.0
263,927.6,2020-04-22 15:05:00+05:30,930.0,926.5,927.7,345207,60.767122069894356,928.6857142857143,-0.709968406165693,932.448808485093,922.0850000000004,911.7211915149078,20.73,1.0
264,929.95,2020-04-22 15:15:00+05:30,929.95,925.5,927.7,1294164,64.24996200869298,928.9642857142857,3.4828399387986195,933.4670750346123,922.5825000000004,911.6979249653886,21.77,1.0
265,929.75,2020-04-22 15:25:00+05:30,931.6,929.0,929.95,186965,63.731420218883535,929.2714285714285,-0.51854178980944,934.2173061900967,923.2225000000004,912.2276938099042,21.99,0.0
266,926.0,2020-04-23 09:15:00+05:30,935.0,913.25,935.0,1599523,54.80076251356297,928.7357142857143,-8.930657705320563,934.3645535522594,923.6475000000004,912.9304464477414,21.43,-1.0
267,922.25,2020-04-23 09:25:00+05:30,926.7,920.05,925.9,715854,47.61520903373527,927.6642857142857,-7.185553479827703,934.3541005487679,923.7750000000003,913.1958994512328,21.16,-0.0
268,925.15,2020-04-23 09:35:00+05:30,927.8,922.5,922.9,476749,52.77248244809738,926.9428571428571,5.157273414362109,934.3994734149899,924.1100000000004,913.8205265850108,20.58,-1.0
269,926.5,2020-04-23 09:45:00+05:30,927.0,924.5,925.15,287117,54.993785828417735,926.7428571428571,2.2213033803203572,934.5875781014062,924.4350000000004,914.2824218985946,20.31,-0.0
270,929.75,2020-04-23 09:55:00+05:30,930.5,926.3,926.55,385956,59.8853729621203,927.05,4.891587133702565,935.1120661031212,924.9250000000004,914.7379338968797,20.37,0.0
271,927.7,2020-04-23 10:05:00+05:30,930.0,926.35,929.75,344973,55.768023339934295,926.7285714285714,-4.117349622186005,935.2361945209037,925.3500000000004,915.463805479097,19.77,-1.0
272,933.65,2020-04-23 10:15:00+05:30,934.0,927.0,927.5,573008,63.59220837641485,927.2857142857141,7.824185036480557,936.2353777461881,926.0375000000004,915.8396222538126,20.4,1.0
273,931.3,2020-04-23 10:25:00+05:30,934.6,930.6,933.65,535779,59.14243830854043,928.0428571428571,-4.449770067874425,935.8042529131926,926.8675000000003,917.930747086808,17.87,-3.0
274,931.0,2020-04-23 10:35:00+05:30,932.85,929.6,931.3,571212,58.578913485517376,929.2928571428571,-0.5635248230230516,935.2488200587475,927.5925000000003,919.9361799412532,15.31,-3.0
275,931.2,2020-04-23 10:45:00+05:30,932.65,930.3,931.0,374860,58.86034188982514,930.1571428571427,0.2814284043077677,934.805309081023,928.2125000000003,921.6196909189777,13.19,-2.0
276,933.7,2020-04-23 10:55:00+05:30,933.7,930.5,930.8,468820,62.307753650653524,931.1857142857142,3.4474117608283805,934.4753875980578,928.9350000000004,923.394612401943,11.08,-2.0
277,934.85,2020-04-23 11:05:00+05:30,935.0,931.95,933.8,650716,63.810074468010036,931.9142857142857,1.5023208173565124,935.3917176845943,929.2775000000004,923.1632823154065,12.23,1.0
278,938.25,2020-04-23 11:15:00+05:30,940.75,932.75,935.0,889143,67.88553853189273,933.4214285714286,4.075464063882698,937.0588547189684,929.8100000000004,922.5611452810324,14.5,2.0
279,945.0,2020-04-23 11:25:00+05:30,945.0,938.0,938.25,735059,74.11727310864443,935.0428571428572,6.231734576751691,940.5059350342073,930.5725000000004,920.6390649657936,19.87,5.0
280,943.9,2020-04-23 11:35:00+05:30,945.55,940.0,944.75,654619,71.67632998663493,936.842857142857,-2.4409431220095,942.8479411805974,931.2800000000004,919.7120588194034,23.14,3.0
281,947.05,2020-04-23 11:45:00+05:30,947.5,943.2,943.9,643073,74.28777256139878,939.1357142857142,2.6114425747638563,945.6480109836297,932.1225000000004,918.5969890163711,27.05,4.0
282,947.5,2020-04-23 11:55:00+05:30,948.25,945.0,947.35,904942,74.64738961616663,941.4642857142857,0.35961705476785255,948.0999901408927,933.1025000000003,918.1050098591079,29.99,3.0
283,946.15,2020-04-23 12:05:00+05:30,947.8,943.0,947.4,543694,71.42017799202827,943.2428571428571,-3.227211624138363,949.8656493227636,934.0300000000004,918.1943506772373,31.67,2.0
284,947.3,2020-04-23 12:15:00+05:30,949.1,945.0,946.05,413643,72.51043634196246,945.0214285714285,1.0902583499341887,951.6655295738447,934.8975000000004,918.1294704261561,33.54,2.0
285,944.45,2020-04-23 12:25:00+05:30,947.3,944.1,947.3,326964,65.81013428301631,945.9071428571427,-6.70030205894615,952.7358476255338,935.6325000000004,918.529152374467,34.21,1.0
286,945.7,2020-04-23 12:35:00+05:30,947.3,944.1,944.3,488445,67.2399758325963,946.0071428571428,1.42984154957999,953.6540327272974,936.6175000000005,919.5809672727037,34.07,-0.0
287,942.2,2020-04-23 12:45:00+05:30,945.75,940.05,945.65,323031,59.710204443209776,945.7642857142856,-7.529771389386525,953.3997061223283,937.6150000000005,921.8302938776726,31.57,-2.0
288,941.75,2020-04-23 12:55:00+05:30,944.55,940.3,942.35,380960,58.79850915651387,945.0071428571428,-0.9116952866959025,953.1808460189627,938.4450000000004,923.7091539810381,29.47,-2.0
289,939.55,2020-04-23 13:05:00+05:30,941.8,937.05,941.6,507704,54.423467331943954,943.8714285714285,-4.375041824569919,952.7199456804066,939.0975000000004,925.4750543195943,27.24,-2.0
290,938.7,2020-04-23 13:15:00+05:30,939.7,934.55,939.3,483081,52.7891313640638,942.8071428571428,-1.6343359678801548,952.4433026219015,939.5450000000004,926.6466973780994,25.8,-1.0
291,939.1,2020-04-23 13:25:00+05:30,942.0,937.65,938.65,265972,53.49685420604839,941.6357142857142,0.7077228419845909,951.7555416766638,940.1150000000004,928.4744583233369,23.28,-3.0
292,939.65,2020-04-23 13:35:00+05:30,940.0,935.2,939.05,406020,54.50670223649608,940.9499999999999,1.0098480304476922,951.6564224610232,940.4150000000003,929.1735775389774,22.48,-1.0
293,943.85,2020-04-23 13:45:00+05:30,944.95,939.3,939.6,438596,61.400070575364225,940.6857142857143,6.893368338868143,951.5164915982315,941.0425000000002,930.568508401769,20.95,-2.0
294,943.05,2020-04-23 13:55:00+05:30,943.85,941.5,943.55,189377,59.54916145316883,940.8071428571429,-1.8509091221953966,951.0147666094524,941.6450000000002,932.275233390548,18.74,-2.0
295,946.35,2020-04-23 14:05:00+05:30,946.9,942.25,943.05,340974,64.32635025621737,941.4642857142859,4.7771888030485385,950.5920617130861,942.4025000000001,934.2129382869142,16.38,-2.0
296,947.55,2020-04-23 14:15:00+05:30,948.4,944.9,944.9,382789,65.9032700210885,942.607142857143,1.5769197648711355,950.4898701991967,943.095,935.7001298008033,14.79,-2.0
297,948.5,2020-04-23 14:25:00+05:30,948.5,944.35,947.45,383573,67.14159758323632,944.007142857143,1.2383275621478163,950.4529440025655,943.7775000000001,937.1020559974348,13.35,-1.0
298,952.7,2020-04-23 14:35:00+05:30,953.4,946.4,948.05,705904,71.98569653842476,945.95,4.844098955188443,951.7588965378476,944.5000000000002,937.2411034621529,14.52,1.0
299,952.6,2020-04-23 14:45:00+05:30,954.0,951.35,952.7,453292,71.71460897757386,947.8000000000002,-0.27108756085090135,952.9944056434944,944.8800000000001,936.7655943565059,16.23,2.0
300,958.4,2020-04-23 14:55:00+05:30,958.4,952.45,952.6,838418,77.10094673490705,949.8785714285715,5.3863377573331945,955.7000691455004,945.6050000000001,935.5099308544999,20.19,4.0
301,955.25,2020-04-23 15:05:00+05:30,958.4,950.05,958.4,812804,69.37420079453182,951.6214285714286,-7.726745940375238,956.9852996168751,946.0150000000001,935.0447003831251,21.94,2.0
302,953.6,2020-04-23 15:15:00+05:30,955.45,952.7,955.25,645684,65.66218087009867,952.657142857143,-3.71201992443315,957.7918603089108,946.32,934.8481396910893,22.94,1.0
303,953.0,2020-04-23 15:25:00+05:30,954.5,952.1,953.75,270255,64.31454215936924,953.4357142857143,-1.3476387107294272,958.5156752352561,946.6625,934.8093247647439,23.71,1.0
304,930.7,2020-04-24 09:15:00+05:30,937.9,927.65,933.0,1555670,35.3089669673289,950.8928571428571,-29.00557519204034,959.6583444112471,945.8325000000001,932.0066555887531,27.65,4.0
305,931.15,2020-04-24 09:25:00+05:30,931.7,926.05,930.7,1124192,35.93684166148658,947.8142857142857,0.6278746941576827,960.4735110310954,945.1675000000001,929.8614889689048,30.61,3.0
306,930.05,2020-04-24 09:35:00+05:30,933.8,928.75,931.15,1062337,35.041524839683575,944.592857142857,-0.8953168218030072,961.1107160966928,944.385,927.6592839033071,33.45,3.0
307,932.0,2020-04-24 09:45:00+05:30,935.45,929.5,930.15,395981,37.99082776630927,940.8214285714286,2.9493029266256983,961.4801577370716,943.875,926.2698422629284,35.21,2.0
308,933.95,2020-04-24 09:55:00+05:30,935.8,930.5,932.15,397840,40.881454303824555,937.7785714285714,2.8906265375152813,961.6257972899648,943.485,925.3442027100352,36.28,1.0
309,931.3,2020-04-24 10:05:00+05:30,934.4,931.0,933.9,248226,38.2705176566245,934.592857142857,-2.610936647200056,961.9502640011739,943.0725,924.1947359988261,37.76,1.0
310,932.75,2020-04-24 10:15:00+05:30,935.35,930.15,931.3,273733,40.509369627347624,931.6999999999999,2.2388519707231254,962.124540998223,942.775,923.425459001777,38.7,1.0
311,930.6,2020-04-24 10:25:00+05:30,933.75,929.5,932.7,280683,38.291720828155164,931.6857142857143,-2.2176487991924603,962.4001214066365,942.35,922.2998785933636,40.1,1.0
312,930.0,2020-04-24 10:35:00+05:30,931.95,929.5,930.6,169816,37.67191949263661,931.5214285714286,-0.6198013355185523,962.6425425928962,941.8675,921.0924574071037,41.55,1.0
313,931.45,2020-04-24 10:45:00+05:30,933.2,929.85,930.05,232382,40.19140942384382,931.7214285714286,2.519489931207211,962.5078776517388,941.2475000000001,919.9871223482613,42.52,1.0
314,930.4,2020-04-24 10:55:00+05:30,933.4,930.35,931.45,242200,38.96315326136092,931.4928571428571,-1.2282561624829,962.3958969898862,940.6150000000001,918.8341030101141,43.56,1.0
315,931.15,2020-04-24 11:05:00+05:30,931.6,930.0,930.35,150841,40.365041160821725,931.092857142857,1.401887899460803,961.8529879462656,939.8550000000002,917.8570120537349,44.0,0.0
316,932.8,2020-04-24 11:15:00+05:30,933.0,930.5,931.1,249595,43.44267818584661,931.3071428571428,3.0776370250248846,961.018047337545,939.1175000000003,917.2169526624556,43.8,-0.0
317,931.7,2020-04-24 11:25:00+05:30,934.45,931.7,932.8,173838,41.89055559863883,931.1571428571427,-1.5521225872077835,959.9503662520394,938.2775000000004,916.6046337479613,43.35,-0.0
318,932.7,2020-04-24 11:35:00+05:30,932.8,930.1,932.15,291165,43.85444403424129,931.4571428571427,1.9638884356024633,957.9719557792624,937.2775000000004,916.5830442207383,41.39,-2.0
319,931.8,2020-04-24 11:45:00+05:30,933.8,931.3,933.0,254635,42.463489412953145,931.7142857142856,-1.3909546212881452,955.7463610096692,936.2375000000004,916.7286389903317,39.02,-2.0
320,933.25,2020-04-24 11:55:00+05:30,933.5,931.1,932.0,294207,45.464639510945545,931.9714285714284,3.001150097992401,951.4848764723724,934.9800000000002,918.475123527628,33.01,-6.0
321,936.0,2020-04-24 12:05:00+05:30,936.0,932.0,933.3,329507,50.71520987884008,932.7714285714285,5.250570367894532,947.5167504665167,934.0175000000003,920.5182495334839,27.0,-6.0
322,940.05,2020-04-24 12:15:00+05:30,942.0,934.55,936.25,498224,57.24399567597046,934.0428571428572,6.528785797130382,943.6950445372427,933.3400000000004,922.9849554627581,20.71,-6.0
323,943.5,2020-04-24 12:25:00+05:30,944.7,939.0,940.05,446024,61.8769298729605,935.5714285714286,4.632934196990043,939.6941249342999,932.8650000000004,926.0358750657008,13.66,-7.0
324,947.95,2020-04-24 12:35:00+05:30,950.45,943.15,943.15,668222,66.86439151840983,937.8928571428571,4.987461645449329,943.2366908449757,933.7275000000003,924.2183091550249,19.02,5.0
325,947.85,2020-04-24 12:45:00+05:30,950.0,944.95,947.9,522286,66.65336431260116,940.0571428571429,-0.2110272058086764,945.8796911616498,934.5625000000002,923.2453088383506,22.63,4.0
326,944.55,2020-04-24 12:55:00+05:30,947.9,944.0,947.85,403547,59.93139449572271,941.8785714285715,-6.721969816878449,947.2281371601066,935.2875000000001,923.3468628398937,23.88,1.0
327,951.8,2020-04-24 13:05:00+05:30,958.0,944.4,944.5,762611,67.65026794547524,944.5285714285716,7.718873449752529,950.1907831268634,936.2775000000001,922.3642168731369,27.83,4.0
328,950.9,2020-04-24 13:15:00+05:30,954.6,947.5,951.8,398599,65.95176882338548,946.657142857143,-1.698499122089757,952.4360727046886,937.1250000000002,921.8139272953118,30.62,3.0
329,950.15,2020-04-24 13:25:00+05:30,954.75,950.0,950.8,335789,64.49849050701158,948.1,-1.453278316373897,954.1690943963666,938.0675000000003,921.965905603634,32.2,2.0
330,945.5,2020-04-24 13:35:00+05:30,952.0,945.2,949.4,394947,56.226006150729255,948.3857142857142,-8.272484356282327,954.9292800505209,938.7050000000003,922.4807199494796,32.45,0.0
331,944.4,2020-04-24 13:45:00+05:30,949.0,944.0,945.35,368551,54.446970942789996,947.8785714285714,-1.779035207939259,955.3393076791768,939.3950000000004,923.450692320824,31.89,-1.0
332,941.55,2020-04-24 13:55:00+05:30,946.0,941.3,943.95,425108,50.03009227402591,946.9785714285714,-4.416878668764085,955.3091254093657,939.9725000000004,924.6358745906351,30.67,-1.0
333,939.85,2020-04-24 14:05:00+05:30,942.95,934.5,941.5,701249,47.552098678847926,946.3071428571428,-2.477993595177985,955.1972743010521,940.3925000000003,925.5877256989485,29.61,-1.0
334,937.6,2020-04-24 14:15:00+05:30,943.5,936.15,939.9,392770,44.41642570632303,944.2785714285714,-3.135672972524894,954.8683169963169,940.7525000000002,926.6366830036834,28.23,-1.0
335,935.7,2020-04-24 14:25:00+05:30,939.6,935.05,937.5,419753,41.90356828999351,942.1071428571429,-2.512857416329524,954.5814859869226,940.9800000000001,927.3785140130776,27.2,-1.0
336,938.15,2020-04-24 14:35:00+05:30,941.95,935.1,935.55,395495,46.13536799290631,940.3928571428571,4.231799702912802,954.3737483115575,941.2475000000002,928.1212516884428,26.25,-1.0
337,939.75,2020-04-24 14:45:00+05:30,941.95,938.0,938.35,344801,48.760315791261334,939.5714285714286,2.6249477983550236,954.0151888273759,941.6500000000002,929.2848111726245,24.73,-2.0
338,938.25,2020-04-24 14:55:00+05:30,941.0,937.0,939.75,305098,46.47376530863884,938.6928571428572,-2.286550482622495,953.6809530200514,941.9275000000001,930.1740469799488,23.51,-1.0
339,938.25,2020-04-24 15:05:00+05:30,940.0,937.2,938.25,409121,46.473765308638846,938.2214285714286,7.105427357601002e-15,953.1568785635405,942.2500000000002,931.3431214364599,21.81,-2.0
340,938.3,2020-04-24 15:15:00+05:30,939.9,936.15,938.25,457081,46.5706248685914,938.0,0.09685955995255568,952.7457249752973,942.5025000000002,932.259275024703,20.49,-1.0
