,close,date,high,low,open,volume,RSI_14,sma_7,RSI_Trend,ub,mb,lb,band_diff,band_diff_trend
0,1223.45,2020-04-09 09:15:00+05:30,1238.3,1190.25,1215.0,455325,0.0,0.0,,,,,,
1,1240.0,2020-04-09 09:25:00+05:30,1245.0,1218.0,1222.55,422341,100.0,0.0,100.0,,,,,
2,1246.5,2020-04-09 09:35:00+05:30,1248.8,1236.5,1240.1,468410,100.0,0.0,0.0,,,,,
3,1238.75,2020-04-09 09:45:00+05:30,1251.9,1235.0,1247.15,360689,96.37117677553135,0.0,-3.628823224468647,,,,,
4,1241.3,2020-04-09 09:55:00+05:30,1242.0,1236.15,1238.55,151572,96.41724548282093,0.0,0.046068707289578015,,,,,
5,1241.0,2020-04-09 10:05:00+05:30,1243.0,1237.0,1242.0,85776,96.26241277322879,0.0,-0.15483270959214224,,,,,
6,1243.6,2020-04-09 10:15:00+05:30,1248.0,1238.0,1240.95,152371,96.31760465272941,1239.2285714285715,0.05519187950062587,,,,,
7,1245.0,2020-04-09 10:25:00+05:30,1251.95,1242.5,1244.5,131997,96.348869090459,1242.3071428571427,0.031264437729589645,,,,,
8,1244.5,2020-04-09 10:35:00+05:30,1249.45,1240.95,1245.3,93518,96.03526796402303,1242.95,-0.3136011264359695,,,,,
9,1226.5,2020-04-09 10:45:00+05:30,1245.25,1226.5,1244.55,422443,85.2746299918676,1240.0928571428572,-10.760637972155436,,,,,
10,1232.3,2020-04-09 10:55:00+05:30,1235.35,1223.6,1226.5,236442,85.8257516489634,1239.1714285714284,0.5511216570958055,,,,,
11,1231.95,2020-04-09 11:05:00+05:30,1236.8,1230.0,1231.7,158320,85.6175095242562,1237.8357142857144,-0.20824212470719772,,,,,
12,1224.5,2020-04-09 11:15:00+05:30,1232.25,1222.0,1232.0,180992,81.10644293893759,1235.4785714285715,-4.511066585318616,,,,,
13,1245.0,2020-04-09 11:25:00+05:30,1247.95,1223.0,1224.8,262639,83.65799410317891,1235.6785714285713,2.5515511642413173,,,,,
14,1250.2,2020-04-09 11:35:00+05:30,1259.85,1244.7,1245.15,252311,84.23942328217437,1236.4214285714286,0.5814291789954638,,,,,
15,1254.2,2020-04-09 11:45:00+05:30,1263.5,1250.0,1250.2,171275,84.69064468756525,1237.8071428571432,0.45122140539088207,,,,,
16,1250.0,2020-04-09 11:55:00+05:30,1261.55,1249.0,1254.2,108875,82.03487688361359,1241.1642857142858,-2.6557678039516617,,,,,
17,1248.6,2020-04-09 12:05:00+05:30,1251.7,1242.15,1250.65,184137,81.1216995310426,1243.4928571428575,-0.9131773525709974,,,,,
18,1243.25,2020-04-09 12:15:00+05:30,1252.55,1243.05,1249.0,102044,77.56824316891435,1245.1071428571431,-3.5534563621282445,,,,,
19,1248.5,2020-04-09 12:25:00+05:30,1253.0,1243.2,1244.35,99348,78.56070682886812,1248.5357142857144,0.9924636599537706,1258.6923795014636,1240.955,1223.2176204985362,35.47,
20,1244.0,2020-04-09 12:35:00+05:30,1248.75,1243.15,1247.75,63397,75.47815426886038,1248.3928571428573,-3.0825525600077412,1257.7181542853948,1241.9824999999998,1226.246845714605,31.47,-4.0
21,1248.9,2020-04-09 12:45:00+05:30,1252.45,1243.5,1244.25,105992,76.5568271195394,1248.207142857143,1.0786728506790269,1258.4282392921307,1242.4275,1226.4267607078693,32.0,1.0
22,1250.7,2020-04-09 12:55:00+05:30,1253.5,1247.0,1248.95,120183,76.95780602756726,1247.707142857143,0.4009789080278523,1258.9700917303892,1242.6375,1226.304908269611,32.67,1.0
23,1249.3,2020-04-09 13:05:00+05:30,1253.0,1248.3,1251.3,83770,75.87082945352267,1247.607142857143,-1.0869765740445843,1259.6497010413004,1243.165,1226.6802989586995,32.97,0.0
24,1255.05,2020-04-09 13:15:00+05:30,1257.6,1249.05,1250.75,85100,77.28961420062181,1248.5285714285712,1.4187847470991386,1261.1371897571232,1243.8525,1226.5678102428767,34.57,2.0
25,1250.4,2020-04-09 13:25:00+05:30,1255.25,1248.4,1255.25,122406,73.52451784896965,1249.5499999999997,-3.7650963516521614,1261.7908314962579,1244.3225,1226.8541685037421,34.94,0.0
26,1252.1,2020-04-09 13:35:00+05:30,1253.0,1247.15,1250.4,189670,74.02274665880773,1250.0642857142855,0.49822880983808204,1262.5521852201737,1244.7475,1226.9428147798262,35.61,1.0
27,1260.0,2020-04-09 13:45:00+05:30,1267.2,1252.0,1252.0,441561,76.25865093062342,1252.35,2.2359042718156843,1264.5658390108204,1245.4975,1226.4291609891795,38.14,3.0
28,1263.7,2020-04-09 13:55:00+05:30,1265.75,1260.0,1260.0,364823,77.24644966016083,1254.4642857142858,0.9877987295374169,1267.1762246864178,1246.4575,1225.7387753135822,41.44,3.0
29,1261.6,2020-04-09 14:05:00+05:30,1265.8,1256.55,1263.7,207631,75.33070615293441,1256.0214285714285,-1.9157435072264235,1267.724463266835,1248.2125,1228.700536733165,39.02,-2.0
30,1264.35,2020-04-09 14:15:00+05:30,1265.8,1260.0,1262.0,148001,76.16435624566216,1258.1714285714286,0.8336500927277513,1269.0873172069764,1249.815,1230.5426827930237,38.54,-0.0
31,1266.8,2020-04-09 14:25:00+05:30,1270.0,1260.0,1264.55,205272,76.91289557866487,1259.8500000000001,0.7485393330027108,1270.3239952003632,1251.5575,1232.7910047996365,37.53,-1.0
32,1268.55,2020-04-09 14:35:00+05:30,1274.5,1263.45,1266.8,200016,77.45745751828514,1262.4428571428573,0.5445619396202659,1269.2007390060392,1253.7599999999998,1238.3192609939604,30.88,-7.0
33,1271.8,2020-04-09 14:45:00+05:30,1280.0,1268.8,1268.8,281327,78.47298487889682,1265.2571428571428,1.015527360611685,1271.92898502115,1255.1,1238.2710149788497,33.66,3.0
34,1275.0,2020-04-09 14:55:00+05:30,1280.0,1271.0,1272.0,225068,79.4544131914634,1267.3999999999999,0.9814283125665781,1275.1829408812055,1256.3399999999997,1237.497059118794,37.69,4.0
35,1276.25,2020-04-09 15:05:00+05:30,1280.0,1274.0,1275.35,298367,79.84103619446074,1269.1928571428568,0.3866230029973394,1278.2374203058412,1257.4424999999997,1236.6475796941581,41.59,4.0
36,1266.65,2020-04-09 15:15:00+05:30,1278.0,1262.0,1276.7,350604,69.08828802707906,1269.9142857142854,-10.752748167381682,1279.1483650478553,1258.2749999999999,1237.4016349521444,41.75,0.0
37,1266.0,2020-04-09 15:25:00+05:30,1270.0,1265.1,1267.25,96218,68.41642538054987,1270.1499999999996,-0.6718626465291919,1279.7694336445363,1259.145,1238.5205663554636,41.25,-0.0
38,1231.7,2020-04-13 09:15:00+05:30,1250.4,1229.8,1250.0,332650,44.06460638802699,1265.1357142857141,-24.35181899252288,1281.5750565389878,1258.5674999999999,1235.559943461012,46.02,5.0
39,1233.9,2020-04-13 09:25:00+05:30,1241.1,1230.75,1232.3,185349,45.4068230921272,1260.185714285714,1.3422167041002098,1283.014241041558,1257.8375,1232.660758958442,50.35,4.0
40,1232.0,2020-04-13 09:35:00+05:30,1238.35,1227.5,1233.95,235965,44.4155650229902,1254.5,-0.9912580691369968,1284.3037904541304,1257.2375,1230.1712095458695,54.13,4.0
41,1233.75,2020-04-13 09:45:00+05:30,1236.0,1230.35,1232.05,142957,45.59367050461913,1248.607142857143,1.1781054816289327,1285.3187422165315,1256.48,1227.6412577834685,57.68,4.0
42,1236.25,2020-04-13 09:55:00+05:30,1240.0,1232.25,1233.9,133567,47.31170457929357,1242.892857142857,1.718034074674435,1285.900497353841,1255.7575,1225.6145026461588,60.29,3.0
43,1234.8,2020-04-13 10:05:00+05:30,1241.35,1234.25,1235.7,152447,46.39657840595319,1238.3428571428572,-0.9151261733403757,1286.4979576689384,1255.0324999999998,1223.5670423310612,62.93,3.0
44,1228.25,2020-04-13 10:15:00+05:30,1237.5,1225.15,1235.0,77517,42.406320608863155,1232.95,-3.990257797090038,1287.360371222154,1253.6924999999999,1220.0246287778457,67.34,4.0
45,1224.9,2020-04-13 10:25:00+05:30,1230.45,1217.0,1228.25,169838,40.48838659006749,1231.9785714285713,-1.9179340187956626,1288.4581243739358,1252.4175,1216.3768756260642,72.08,5.0
46,1232.75,2020-04-13 10:35:00+05:30,1246.0,1220.95,1224.9,264358,46.584838455617096,1231.8142857142855,6.096451865549604,1288.5498368559329,1251.45,1214.3501631440672,74.2,2.0
47,1231.65,2020-04-13 10:45:00+05:30,1235.3,1226.7,1232.75,82392,45.87564403429428,1231.7642857142855,-0.7091944213228132,1287.9149813698473,1250.0325,1212.1500186301528,75.76,2.0
48,1236.5,2020-04-13 10:55:00+05:30,1236.5,1230.5,1231.5,85145,49.524330468885104,1232.1571428571426,3.6486864345908216,1286.441820256414,1248.6725000000001,1210.9031797435862,75.54,-0.0
49,1239.65,2020-04-13 11:05:00+05:30,1242.0,1234.5,1235.4,85672,51.797175302921374,1232.6428571428569,2.2728448340362704,1285.0370439490707,1247.5750000000003,1210.1129560509298,74.92,-1.0
50,1237.05,2020-04-13 11:15:00+05:30,1246.0,1236.2,1239.3,104260,49.80376211564165,1232.9642857142856,-1.993413187279721,1283.0832765877376,1246.2100000000003,1209.336723412263,73.75,-1.0
51,1238.1,2020-04-13 11:25:00+05:30,1239.9,1233.15,1236.1,137722,50.63009339105795,1234.3714285714284,0.8263312754162939,1280.4900196917058,1244.775,1209.0599803082944,71.43,-2.0
52,1236.3,2020-04-13 11:35:00+05:30,1245.15,1231.55,1238.7,143901,49.13675782615218,1235.9999999999998,-1.4933355649057702,1277.2320708498762,1243.1625000000001,1209.092929150124,68.14,-3.0
53,1240.3,2020-04-13 11:45:00+05:30,1244.5,1235.0,1235.6,108167,52.490295420688014,1237.078571428571,3.3535375945358368,1272.882259524307,1241.5875,1210.292740475693,62.59,-6.0
54,1241.05,2020-04-13 11:55:00+05:30,1242.85,1236.6,1241.25,57663,53.11449531390179,1238.4214285714281,0.6241998932137776,1266.95029524871,1239.89,1212.8297047512901,54.12,-8.0
55,1241.4,2020-04-13 12:05:00+05:30,1246.5,1240.0,1241.05,116824,53.42204356011832,1239.1214285714282,0.3075482462165269,1259.1624689757714,1238.1475000000003,1217.1325310242291,42.03,-12.0
56,1237.15,2020-04-13 12:15:00+05:30,1244.0,1236.1,1241.4,63449,49.20158784762586,1238.7642857142853,-4.220455712492459,1252.8480330181433,1236.6725000000001,1220.496966981857,32.35,-10.0
57,1234.7,2020-04-13 12:25:00+05:30,1237.5,1231.95,1237.0,124653,46.901282917219106,1238.428571428571,-2.300304930406753,1243.5384127307593,1235.1075000000003,1226.6765872692413,16.86,-15.0
58,1237.85,2020-04-13 12:35:00+05:30,1240.5,1233.5,1234.35,47455,50.12961474377294,1238.3928571428569,3.228331826553834,1243.7709055699984,1235.4150000000002,1227.059094430002,16.71,-0.0
59,1239.5,2020-04-13 12:45:00+05:30,1241.95,1235.3,1237.2,39497,51.78328837512022,1238.85,1.6536736313472815,1244.210923165953,1235.6950000000002,1227.1790768340472,17.03,0.0
60,1239.15,2020-04-13 12:55:00+05:30,1240.0,1235.1,1239.5,53762,51.39398501226355,1238.685714285714,-0.38930336285667266,1244.515451768241,1236.0525000000002,1227.5895482317594,16.93,-0.0
61,1234.9,2020-04-13 13:05:00+05:30,1242.0,1233.0,1239.15,95710,46.79363494301208,1237.8071428571427,-4.600350069251469,1244.5225595329086,1236.1100000000001,1227.6974404670916,16.83,-0.0
62,1234.8,2020-04-13 13:15:00+05:30,1237.0,1231.6,1233.15,89929,46.68773952034821,1236.8642857142856,-0.10589542266387042,1244.4699482927867,1236.0375000000001,1227.6050517072135,16.86,0.0
63,1235.15,2020-04-13 13:25:00+05:30,1237.9,1232.0,1234.8,74610,47.13864079086965,1236.5785714285714,0.4509012705214417,1244.4780823211856,1236.0550000000003,1227.631917678815,16.85,-0.0
64,1237.5,2020-04-13 13:35:00+05:30,1237.9,1233.05,1234.6,63312,50.185118234169174,1236.9785714285713,3.0464774432995227,1244.1110758860264,1236.5175000000004,1228.9239241139744,15.19,-2.0
65,1237.45,2020-04-13 13:45:00+05:30,1240.0,1233.9,1237.3,64727,50.118934952149026,1236.9214285714284,-0.06618328202014823,1242.4150644158647,1237.1450000000002,1231.8749355841358,10.54,-5.0
66,1235.1,2020-04-13 13:55:00+05:30,1239.05,1234.1,1236.8,94872,46.982799712611694,1236.292857142857,-3.1361352395373316,1242.2152105816167,1237.2625000000003,1232.3097894183838,9.91,-1.0
67,1232.15,2020-04-13 14:05:00+05:30,1237.9,1231.45,1234.4,119678,43.318389475006676,1235.292857142857,-3.6644102376050185,1242.1246234383555,1237.2875000000001,1232.4503765616448,9.67,-0.0
68,1233.35,2020-04-13 14:15:00+05:30,1236.1,1231.0,1232.15,79231,45.191056398989176,1235.0714285714287,1.8726669239825,1242.2706941984618,1237.13,1231.9893058015384,10.28,1.0
69,1240.6,2020-04-13 14:25:00+05:30,1246.95,1231.2,1233.3,165891,54.888312682408305,1235.9,9.69725628341913,1242.4325201562028,1237.1775,1231.9224798437972,10.51,0.0
70,1247.15,2020-04-13 14:35:00+05:30,1248.5,1235.0,1240.75,92551,61.51344370791691,1237.6142857142859,6.625131025508608,1244.5727123563634,1237.6825000000001,1230.7922876436369,13.78,3.0
71,1244.5,2020-04-13 14:45:00+05:30,1254.95,1243.05,1247.65,100121,57.814070031809464,1238.6142857142859,-3.6993736761074487,1245.5385519469653,1238.0025,1230.4664480530348,15.07,1.0
72,1244.0,2020-04-13 14:55:00+05:30,1248.0,1240.0,1244.3,56538,57.11611787116687,1239.55,-0.6979521606425934,1246.3329637836212,1238.3875000000003,1230.4420362163794,15.89,1.0
73,1250.0,2020-04-13 15:05:00+05:30,1256.0,1244.0,1244.25,102505,62.903601660873804,1241.6785714285713,5.787483789706933,1248.3466462606618,1238.8725000000002,1229.3983537393385,18.95,3.0
74,1254.35,2020-04-13 15:15:00+05:30,1257.15,1248.65,1250.55,73032,66.43984646931398,1244.8500000000001,3.5362448084401734,1251.2563500872914,1239.5375000000001,1227.818649912709,23.44,4.0
75,1255.25,2020-04-13 15:25:00+05:30,1257.0,1253.3,1254.0,22439,67.13782933123204,1247.9785714285715,0.6979828619180637,1253.8885966760088,1240.23,1226.5714033239913,27.32,4.0
76,1254.6,2020-04-15 09:15:00+05:30,1270.95,1247.5,1265.85,387259,66.06908301693247,1249.9785714285715,-1.068746314299574,1256.0967611829005,1241.1025,1226.1082388170994,29.99,3.0
77,1238.75,2020-04-15 09:25:00+05:30,1259.8,1236.05,1253.45,227856,46.592146572669776,1248.7785714285715,-19.47693644426269,1256.0423817570359,1241.3049999999998,1226.5676182429638,29.47,-1.0
78,1233.0,2020-04-15 09:35:00+05:30,1240.0,1231.1,1238.0,231371,41.780246227181635,1247.1357142857144,-4.811900345488141,1256.1936068576238,1241.0625,1225.9313931423762,30.26,1.0
79,1243.1,2020-04-15 09:45:00+05:30,1244.9,1231.7,1232.0,301530,51.29533194842432,1247.007142857143,9.515085721242684,1256.3809931114095,1241.2424999999998,1226.1040068885902,30.28,0.0
80,1254.1,2020-04-15 09:55:00+05:30,1255.0,1240.3,1243.1,259515,59.12973316196319,1247.5928571428574,7.834401213538868,1258.1362917365593,1241.9899999999998,1225.8437082634402,32.29,2.0
81,1251.1,2020-04-15 10:05:00+05:30,1258.7,1246.35,1255.95,231328,56.4622208630191,1247.1285714285716,-2.6675122989440894,1259.0735820790687,1242.7999999999997,1226.5264179209307,32.55,0.0
82,1251.05,2020-04-15 10:15:00+05:30,1254.8,1244.3,1251.65,169020,56.416539359761586,1246.5285714285715,-0.04568150325751219,1259.8268495576888,1243.6124999999997,1227.3981504423107,32.43,-0.0
83,1245.55,2020-04-15 10:25:00+05:30,1253.0,1245.35,1251.1,126332,51.482325642603115,1245.2357142857143,-4.934213717158471,1259.86400626843,1244.1324999999995,1228.4009937315689,31.46,-1.0
84,1246.0,2020-04-15 10:35:00+05:30,1247.0,1241.05,1245.45,123975,51.853358201909785,1246.2714285714285,0.3710325593066699,1259.9909999612078,1244.5574999999994,1229.124000038791,30.87,-1.0
85,1243.6,2020-04-15 10:45:00+05:30,1251.95,1243.3,1245.95,171104,49.671614483459955,1247.7857142857142,-2.1817437184498303,1259.9432206125946,1244.8649999999993,1229.786779387404,30.16,-1.0
86,1238.4,2020-04-15 10:55:00+05:30,1245.0,1234.0,1243.0,232240,45.23103026031095,1247.1142857142856,-4.440584223149003,1259.7256635207725,1245.0299999999995,1230.3343364792265,29.39,-1.0
87,1242.0,2020-04-15 11:05:00+05:30,1244.85,1235.0,1238.1,308355,48.65340325107702,1245.3857142857141,3.422372990766071,1259.0113443186438,1245.5224999999996,1232.0336556813554,26.98,-2.0
88,1240.15,2020-04-15 11:15:00+05:30,1244.5,1237.4,1242.05,124792,47.027124079587175,1243.8214285714282,-1.6262791714898484,1258.3663046841323,1245.8624999999997,1233.3586953158672,25.01,-2.0
89,1237.55,2020-04-15 11:25:00+05:30,1241.0,1235.1,1240.9,134069,44.76256754134703,1241.8928571428569,-2.264556538240143,1258.5538230084994,1245.7099999999996,1232.8661769914997,25.69,1.0
90,1233.1,2020-04-15 11:35:00+05:30,1241.0,1232.85,1237.65,128188,41.11343330682131,1240.1142857142856,-3.649134234525725,1259.004840912886,1245.0074999999995,1231.010159087113,27.99,2.0
91,1238.35,2020-04-15 11:45:00+05:30,1239.85,1233.0,1233.85,147457,46.64022176266524,1239.0214285714285,5.526788455843935,1259.010982164977,1244.6999999999994,1230.3890178350218,28.62,1.0
92,1238.05,2020-04-15 11:55:00+05:30,1240.0,1237.75,1238.3,84976,46.37238960599111,1238.2285714285713,-0.26783215667413174,1259.0188741993975,1244.4024999999995,1229.7861258006014,29.23,1.0
93,1242.45,2020-04-15 12:05:00+05:30,1243.8,1238.0,1238.0,84577,50.83203615960621,1238.8071428571427,4.4596465536151015,1258.420997250697,1244.0249999999994,1229.629002749302,28.79,-0.0
94,1244.8,2020-04-15 12:15:00+05:30,1245.95,1241.0,1242.4,90363,53.076448949543135,1239.2071428571428,2.2444127899369235,1257.1109755288246,1243.5474999999994,1229.9840244711743,27.13,-2.0
95,1246.85,2020-04-15 12:25:00+05:30,1249.25,1241.2,1244.5,126777,55.00595537113052,1240.1642857142856,1.9295064215873836,1255.6450865758611,1243.1274999999994,1230.6099134241376,25.04,-2.0
96,1247.15,2020-04-15 12:35:00+05:30,1250.0,1242.7,1247.05,136644,55.29566111842603,1241.5357142857142,0.289705747295514,1254.2355510595771,1242.7549999999997,1231.2744489404222,22.96,-2.0
97,1238.6,2020-04-15 12:45:00+05:30,1247.1,1237.3,1247.1,231605,46.1712779459056,1242.3214285714287,-9.124383172520432,1254.2392579160012,1242.7474999999995,1231.2557420839978,22.98,0.0
98,1226.15,2020-04-15 12:55:00+05:30,1239.0,1226.0,1238.6,293354,36.67991292135216,1240.5785714285714,-9.491365024553438,1255.4264761876384,1242.4049999999995,1229.3835238123606,26.04,3.0
99,1211.55,2020-04-15 13:05:00+05:30,1227.75,1211.4,1227.1,615926,29.120006273619055,1236.792857142857,-7.559906647733108,1259.7855277399692,1240.8274999999996,1221.86947226003,37.92,12.0
100,1209.4,2020-04-15 13:15:00+05:30,1216.95,1203.0,1211.65,417815,28.19832300206366,1232.0714285714282,-0.9216832715553949,1261.1584565438031,1238.5924999999997,1216.0265434561964,45.13,7.0
101,1220.0,2020-04-15 13:25:00+05:30,1221.1,1208.0,1209.9,251789,38.52867060200265,1228.5285714285712,10.330347599938989,1260.2513315166666,1237.0375,1213.8236684833332,46.43,1.0
102,1217.45,2020-04-15 13:35:00+05:30,1224.9,1217.0,1220.0,241044,37.14417966478763,1224.3285714285714,-1.3844909372150198,1259.1573733963899,1235.3574999999998,1211.5576266036098,47.6,1.0
103,1209.75,2020-04-15 13:45:00+05:30,1217.5,1203.5,1217.15,282198,33.25788322208889,1218.9857142857143,-3.886296442698736,1259.434920578179,1233.5674999999999,1207.7000794218209,51.73,4.0
104,1206.4,2020-04-15 13:55:00+05:30,1215.0,1204.95,1210.0,132502,31.70372847660346,1214.3857142857141,-1.5541547454854339,1259.4345800699289,1231.5875,1203.7404199300713,55.69,4.0
105,1177.05,2020-04-15 14:05:00+05:30,1206.55,1166.9,1206.2,678329,22.002609549126362,1207.3714285714284,-9.701118927477097,1264.655569423821,1228.26,1191.864430576179,72.79,17.0
106,1160.25,2020-04-15 14:15:00+05:30,1177.5,1153.35,1177.2,456868,18.51098947135914,1200.042857142857,-3.491620077767223,1271.389321802319,1224.3525,1177.3156781976809,94.07,21.0
107,1179.9,2020-04-15 14:25:00+05:30,1179.9,1159.65,1160.3,260509,32.086257425756756,1195.8285714285714,13.575267954397617,1271.4700937308357,1221.2475,1171.0249062691641,100.45,6.0
108,1177.95,2020-04-15 14:35:00+05:30,1184.0,1175.0,1179.9,223872,31.525001140952895,1189.8214285714287,-0.5612562848038607,1271.0622616408123,1218.1375,1165.2127383591878,105.85,5.0
109,1175.7,2020-04-15 14:45:00+05:30,1183.8,1175.0,1177.8,152273,30.854358346245647,1183.857142857143,-0.6706427947072484,1270.36744143488,1215.045,1159.7225585651202,110.64,5.0
110,1175.2,2020-04-15 14:55:00+05:30,1180.0,1175.0,1175.5,208399,30.698072578647626,1178.9214285714286,-0.15628576759802115,1269.5163022303068,1212.15,1154.7836977696934,114.73,4.0
111,1169.1,2020-04-15 15:05:00+05:30,1175.2,1165.0,1175.1,306573,28.78259376350327,1173.5928571428574,-1.915478815144354,1267.7304359828393,1208.6875000000002,1149.6445640171612,118.09,3.0
112,1175.35,2020-04-15 15:15:00+05:30,1179.25,1169.05,1169.1,311621,33.37003679155163,1173.3500000000004,4.587443028048355,1264.6892592067204,1205.5525000000002,1146.41574079328,118.27,0.0
113,1181.0,2020-04-15 15:25:00+05:30,1181.0,1175.0,1175.4,146453,37.30184569234763,1176.3142857142861,3.9318089007959998,1259.9056260420007,1202.48,1145.0543739579994,114.85,-3.0
114,1135.2,2020-04-16 09:15:00+05:30,1164.95,1135.1,1164.95,532737,24.61941937365536,1169.928571428572,-12.682426318692265,1258.214196839759,1197.0000000000002,1135.7858031602414,122.43,8.0
115,1126.65,2020-04-16 09:25:00+05:30,1139.9,1114.55,1135.4,479523,23.04427489893473,1162.6000000000006,-1.5751444747206307,1255.1293105505092,1190.9900000000002,1126.8506894494913,128.28,6.0
116,1143.3,2020-04-16 09:35:00+05:30,1144.4,1125.5,1125.7,491621,32.148349554297965,1157.9714285714292,9.104074655363235,1247.5643662241966,1185.7975000000001,1124.0306337758036,123.53,-5.0
117,1127.2,2020-04-16 09:45:00+05:30,1144.25,1127.15,1144.0,290636,28.622247121129107,1151.1142857142863,-3.526102433168859,1242.0370672631923,1180.2275000000004,1118.4179327368086,123.62,0.0
118,1125.25,2020-04-16 09:55:00+05:30,1132.75,1122.0,1127.35,256749,28.218542024335107,1144.8500000000004,-0.403705096793999,1237.6773273648976,1175.1825000000003,1112.6876726351031,124.99,1.0
119,1128.75,2020-04-16 10:05:00+05:30,1135.0,1122.9,1125.25,186354,30.123604044258514,1138.1928571428575,1.905062019923406,1234.3582606969344,1171.0425000000002,1107.726739303066,126.63,2.0
120,1141.25,2020-04-16 10:15:00+05:30,1142.65,1128.45,1128.75,253871,36.595662953848866,1132.514285714286,6.472058909590352,1229.5794241575495,1167.6350000000002,1105.690575842451,123.89,-3.0
121,1140.0,2020-04-16 10:25:00+05:30,1147.6,1139.4,1140.7,424059,36.23423993944585,1133.2000000000003,-0.36142301440301594,1221.5421498176163,1163.6350000000002,1105.7278501823841,115.81,-8.0
122,1136.5,2020-04-16 10:35:00+05:30,1141.95,1133.55,1140.0,210930,35.18637941248079,1134.6071428571431,-1.04786052696506,1212.7812657110883,1159.5875,1106.393734288912,106.39,-9.0
123,1143.4,2020-04-16 10:45:00+05:30,1144.9,1133.35,1135.9,199007,38.93557686605094,1134.6214285714289,3.7491974535701473,1204.3185105744276,1156.2700000000002,1108.2214894255728,96.1,-10.0
124,1147.55,2020-04-16 10:55:00+05:30,1155.35,1143.35,1143.4,302245,41.14088582594638,1137.5285714285717,2.20530895989544,1195.2697845925434,1153.3275,1111.3852154074568,83.88,-12.0
125,1150.3,2020-04-16 11:05:00+05:30,1154.8,1140.3,1147.35,255372,42.61969891686441,1141.1071428571431,1.478813090918031,1192.4260912265763,1151.9900000000002,1111.5539087734242,80.87,-3.0
126,1159.0,2020-04-16 11:15:00+05:30,1161.85,1150.55,1150.55,384243,47.14413052944491,1145.4285714285718,4.5244316125805,1192.3136684895082,1151.9275000000002,1111.5413315104922,80.77,-0.0
127,1150.15,2020-04-16 11:25:00+05:30,1160.9,1148.1,1159.0,295484,43.39564328364139,1146.7000000000003,-3.748487245803517,1188.6193496126098,1150.44,1112.2606503873903,76.36,-4.0
128,1145.0,2020-04-16 11:35:00+05:30,1152.15,1142.55,1151.1,204724,41.33593907176868,1147.4142857142858,-2.059704211872713,1184.7527305917286,1148.7925,1112.8322694082715,71.92,-4.0
129,1138.1,2020-04-16 11:45:00+05:30,1145.8,1137.0,1145.2,182111,38.68655266765532,1147.6428571428573,-2.6493864041133577,1180.822704565646,1146.9125,1113.0022954343538,67.82,-4.0
130,1144.2,2020-04-16 11:55:00+05:30,1147.45,1137.0,1138.1,213275,42.2128138034187,1147.7571428571432,3.5262611357633773,1176.5534547448372,1145.3625,1114.1715452551628,62.38,-5.0
131,1145.5,2020-04-16 12:05:00+05:30,1146.45,1140.0,1144.15,194134,42.96563792277249,1147.464285714286,0.7528241193537895,1173.3096671883964,1144.1825000000001,1115.0553328116039,58.25,-4.0
132,1150.9,2020-04-16 12:15:00+05:30,1152.75,1145.25,1146.05,360871,46.106394695908044,1147.5500000000004,3.140756773135557,1168.397986514158,1142.9600000000003,1117.5220134858425,50.88,-7.0
133,1140.9,2020-04-16 12:25:00+05:30,1151.25,1140.0,1150.6,201428,41.54396122720032,1144.9642857142862,-4.562433468707724,1159.0220359902617,1140.9550000000004,1122.887964009739,36.13,-15.0
134,1140.2,2020-04-16 12:35:00+05:30,1143.85,1140.0,1140.95,175982,41.236352714569435,1143.5428571428579,-0.3076085126308854,1159.0740234763887,1141.2050000000004,1123.335976523612,35.74,-0.0
135,1133.0,2020-04-16 12:45:00+05:30,1140.5,1126.0,1140.45,423809,38.1105949812489,1141.828571428572,-3.1257577333205333,1158.50634604015,1141.5225000000003,1124.5386539598505,33.97,-2.0
136,1139.3,2020-04-16 12:55:00+05:30,1141.0,1130.0,1133.25,254615,42.23651843535964,1142.0000000000005,4.12592345411074,1158.3124188375045,1141.3225000000002,1124.332581162496,33.98,0.0
137,1133.45,2020-04-16 13:05:00+05:30,1140.45,1132.4,1139.4,282122,39.59675815447172,1140.4642857142865,-2.63976028088792,1157.7379614798267,1141.6350000000002,1125.5320385201737,32.21,-2.0
138,1133.8,2020-04-16 13:15:00+05:30,1135.95,1129.75,1133.1,202114,39.83902173368022,1138.7928571428579,0.2422635792084975,1156.7233276853929,1142.0625000000002,1127.4016723146076,29.32,-3.0
139,1131.0,2020-04-16 13:25:00+05:30,1135.95,1130.1,1133.65,132963,38.50838989122188,1135.9500000000007,-1.330631842458338,1156.4347519724404,1142.1750000000002,1127.91524802756,28.52,-1.0
140,1132.05,2020-04-16 13:35:00+05:30,1137.1,1130.0,1131.2,223714,39.326783476742946,1134.685714285715,0.8183935855210649,1156.6766738438669,1141.7150000000001,1126.7533261561334,29.92,1.0
141,1133.85,2020-04-16 13:45:00+05:30,1135.5,1131.1,1132.05,133011,40.781804965465646,1133.7785714285721,1.4550214887227,1156.7651408207337,1141.4075,1126.0498591792664,30.72,1.0
142,1129.55,2020-04-16 13:55:00+05:30,1133.8,1122.85,1133.8,298443,38.411962290302945,1133.2857142857151,-2.369842675162701,1157.1807483174791,1141.06,1124.9392516825208,32.24,2.0
143,1125.45,2020-04-16 14:05:00+05:30,1131.0,1125.0,1129.2,259958,36.24899887535617,1131.3071428571436,-2.1629634149467734,1157.673455217557,1140.1625,1122.651544782443,35.02,3.0
144,1127.75,2020-04-16 14:15:00+05:30,1131.9,1125.0,1125.4,330548,38.34634529189374,1130.492857142858,2.097346416537569,1157.1573027951003,1139.1725000000001,1121.1876972049,35.97,1.0
145,1127.25,2020-04-16 14:25:00+05:30,1131.1,1126.2,1127.6,402465,38.05325473959703,1129.5571428571434,-0.2930905522967109,1155.9565079039694,1138.02,1120.0834920960306,35.87,-0.0
146,1129.75,2020-04-16 14:35:00+05:30,1131.55,1127.0,1127.2,235165,40.501952816554805,1129.378571428572,2.4486980769577755,1151.8691149583005,1136.5575000000001,1121.2458850416997,30.62,-5.0
147,1129.9,2020-04-16 14:45:00+05:30,1131.5,1127.0,1129.8,324509,40.65353478326276,1129.0714285714291,0.1515819667079512,1149.7070657131233,1135.545,1121.382934286877,28.32,-2.0
148,1130.05,2020-04-16 14:55:00+05:30,1132.9,1126.1,1129.85,332105,40.81591549596285,1128.5285714285721,0.16238071270009158,1148.4264349701548,1134.7975000000001,1121.1685650298455,27.26,-1.0
149,1131.5,2020-04-16 15:05:00+05:30,1131.9,1126.6,1130.0,442964,42.455026652595016,1128.8071428571434,1.6391111566321683,1148.0793475871756,1134.4675000000002,1120.8556524128248,27.22,-0.0
150,1134.0,2020-04-16 15:15:00+05:30,1134.5,1130.0,1131.5,457726,45.26945338803193,1130.0285714285721,2.8144267354369106,1146.775138956559,1133.9575,1121.139861043441,25.64,-2.0
151,1135.0,2020-04-16 15:25:00+05:30,1135.1,1132.0,1134.0,214017,46.39873502997505,1131.0642857142864,1.1292816419431233,1145.0648629766567,1133.4325000000001,1121.8001370233435,23.26,-2.0
152,1172.3,2020-04-17 09:15:00+05:30,1187.6,1172.3,1187.35,865820,70.69096907939878,1137.5000000000005,24.292234049423733,1154.105949615865,1134.5025,1114.899050384135,39.21,16.0
153,1173.25,2020-04-17 09:25:00+05:30,1181.55,1165.0,1172.05,535891,71.05082452028498,1143.7142857142862,0.3598554408861929,1162.2110026839196,1136.12,1110.0289973160802,52.18,13.0
154,1165.5,2020-04-17 09:35:00+05:30,1173.55,1163.4,1173.4,206668,64.13297973679612,1148.8000000000006,-6.91784478348886,1166.5778271651513,1137.3849999999998,1108.1921728348482,58.39,6.0
155,1164.45,2020-04-17 09:45:00+05:30,1167.7,1161.35,1164.55,208788,63.234663635409625,1153.7142857142865,-0.8983161013864915,1170.4531350359139,1138.9575,1107.461864964086,62.99,5.0
156,1161.9,2020-04-17 09:55:00+05:30,1165.75,1155.3,1164.1,243616,60.99999501910215,1158.0571428571436,-2.2346686163074736,1173.2143197116814,1140.0875,1106.9606802883188,66.25,3.0
157,1158.25,2020-04-17 10:05:00+05:30,1166.2,1150.15,1161.9,264059,57.848701203012055,1161.5214285714294,-3.151293816090096,1175.2551393302867,1141.3274999999999,1107.399860669713,67.86,2.0
158,1159.4,2020-04-17 10:15:00+05:30,1164.0,1152.0,1158.65,298163,58.57482900726226,1165.0071428571434,0.7261278042502042,1177.2632092585084,1142.6075,1107.9517907414918,69.31,1.0
159,1152.2,2020-04-17 10:25:00+05:30,1161.0,1150.0,1159.9,580204,52.479324189152976,1162.135714285715,-6.0955048181092835,1178.1246324065708,1143.6675,1109.2103675934293,68.91,-0.0
160,1153.0,2020-04-17 10:35:00+05:30,1158.95,1145.2,1152.0,298447,53.06377634908377,1159.2428571428577,0.584452159930791,1178.9581875668227,1144.7150000000001,1110.4718124331775,68.49,-0.0
161,1149.0,2020-04-17 10:45:00+05:30,1155.6,1146.0,1152.6,211671,49.767903892557264,1156.8857142857148,-3.295872456526503,1179.372251202313,1145.4725000000003,1111.5727487976876,67.8,-1.0
162,1151.0,2020-04-17 10:55:00+05:30,1156.5,1148.85,1148.95,151935,51.393531258619966,1154.9642857142865,1.6256273660627016,1179.6721537532167,1146.5450000000003,1113.417846246784,66.25,-2.0
163,1157.0,2020-04-17 11:05:00+05:30,1162.5,1150.25,1151.7,173199,55.994531804453864,1154.2642857142862,4.601000545833898,1180.001307925276,1148.1225000000002,1116.2436920747243,63.76,-2.0
164,1156.85,2020-04-17 11:15:00+05:30,1162.25,1156.0,1157.0,136425,55.85219305804964,1154.0642857142864,-0.14233874640422073,1180.17167686251,1149.5775,1118.9833231374903,61.19,-3.0
165,1151.2,2020-04-17 11:25:00+05:30,1157.0,1150.0,1156.25,131600,50.6313689605458,1152.892857142858,-5.220824097503844,1179.5077156281518,1150.775,1122.0422843718484,57.47,-4.0
166,1148.75,2020-04-17 11:35:00+05:30,1153.4,1148.05,1151.0,107605,48.51366506303316,1152.4000000000008,-2.1177038975126408,1178.7355340074619,1151.7250000000001,1124.7144659925384,54.02,-3.0
167,1144.0,2020-04-17 11:45:00+05:30,1149.7,1140.0,1148.75,232355,44.61728828638272,1151.1142857142866,-3.896376776650442,1177.7234649350555,1152.43,1127.1365350649446,50.59,-3.0
168,1140.75,2020-04-17 11:55:00+05:30,1147.5,1135.0,1144.0,213548,42.12438804217899,1149.9357142857152,-2.4929002442037245,1176.667944520612,1152.9650000000001,1129.2620554793882,47.41,-3.0
169,1143.5,2020-04-17 12:05:00+05:30,1144.0,1136.35,1141.15,149272,44.928299108642385,1148.8642857142866,2.8039110664633924,1175.5234799588932,1153.565,1131.606520041107,43.92,-3.0
170,1144.5,2020-04-17 12:15:00+05:30,1150.0,1140.0,1143.05,125486,45.953683560372106,1147.0785714285723,1.025384451729721,1174.5283694889852,1154.0900000000001,1133.6516305110151,40.88,-3.0
171,1139.65,2020-04-17 12:25:00+05:30,1145.05,1136.5,1144.5,106044,41.8808202172984,1144.6214285714293,-4.072863343073706,1173.9356393928144,1154.3225000000002,1134.709360607186,39.23,-2.0
172,1141.4,2020-04-17 12:35:00+05:30,1142.2,1138.0,1140.15,68402,43.81579255815304,1143.2214285714294,1.9349723408546424,1171.2637246010333,1152.7775000000004,1134.2912753989674,36.97,-2.0
173,1145.9,2020-04-17 12:45:00+05:30,1146.95,1141.0,1142.1,131901,48.55851721273401,1142.8142857142866,4.742724654580968,1167.3971198156462,1151.4100000000003,1135.4228801843544,31.97,-5.0
174,1145.8,2020-04-17 12:55:00+05:30,1148.85,1143.3,1146.0,131828,48.460618996294535,1143.0714285714294,-0.09789821643947505,1165.133268351324,1150.4250000000004,1135.7167316486768,29.42,-3.0
175,1146.6,2020-04-17 13:05:00+05:30,1148.0,1144.5,1145.8,130276,49.340541802606815,1143.9071428571438,0.8799228063122797,1162.7479723913345,1149.5325000000003,1136.317027608666,26.43,-3.0
176,1144.05,2020-04-17 13:15:00+05:30,1146.1,1141.0,1146.0,109123,46.608987008211464,1143.985714285715,-2.7315547943953504,1160.6990913509403,1148.64,1136.58090864906,24.12,-2.0
177,1145.85,2020-04-17 13:25:00+05:30,1148.3,1143.55,1144.2,116347,48.765182836439315,1144.1785714285722,2.156195828227851,1159.2449440275147,1148.02,1136.7950559724852,22.45,-2.0
178,1144.55,2020-04-17 13:35:00+05:30,1149.0,1141.5,1145.85,194654,47.280089129572865,1144.878571428572,-1.4850937068664507,1157.2248072262,1147.2775,1137.3301927737998,19.89,-3.0
179,1146.35,2020-04-17 13:45:00+05:30,1148.0,1143.0,1144.55,76384,49.57014236986318,1145.585714285715,2.2900532402903124,1156.6632501680606,1146.985,1137.3067498319392,19.36,-1.0
180,1150.0,2020-04-17 13:55:00+05:30,1152.2,1145.3,1146.35,130822,53.93938063080433,1146.1714285714295,4.369238260941152,1156.2089336235501,1146.8349999999998,1137.4610663764495,18.75,-1.0
181,1152.7,2020-04-17 14:05:00+05:30,1157.0,1148.2,1149.9,150919,56.91322065140546,1147.1571428571438,2.9738400206011306,1156.714404245955,1147.02,1137.325595754045,19.39,1.0
182,1159.2,2020-04-17 14:15:00+05:30,1160.0,1148.1,1152.1,201598,63.09126796159113,1148.9571428571437,6.1780473101856686,1158.4377675923959,1147.4299999999998,1136.4222324076038,22.02,3.0
183,1160.25,2020-04-17 14:25:00+05:30,1162.85,1155.95,1159.2,223819,63.989517016959404,1151.2714285714294,0.8982490553682752,1159.2706521158912,1147.5925,1135.9143478841088,23.36,1.0
184,1159.55,2020-04-17 14:35:00+05:30,1164.9,1156.1,1160.9,164979,62.89064499382952,1153.2285714285722,-1.0988720231298856,1159.9078757179886,1147.7275,1135.5471242820113,24.36,1.0
185,1167.0,2020-04-17 14:45:00+05:30,1169.0,1159.6,1159.6,246827,68.99351050314863,1156.435714285715,6.102865509319109,1163.3967074986965,1148.5175,1133.6382925013033,29.76,5.0
186,1172.75,2020-04-17 14:55:00+05:30,1175.8,1167.05,1167.6,311769,72.72219826379302,1160.2071428571437,3.728687760644391,1168.1278310527946,1149.7175,1131.3071689472054,36.82,7.0
187,1195.95,2020-04-17 15:05:00+05:30,1197.95,1172.75,1173.1,461984,82.08385638267191,1166.7714285714296,9.361658118878893,1179.7674680129098,1152.315,1124.8625319870903,54.9,18.0
188,1188.0,2020-04-17 15:15:00+05:30,1197.9,1186.95,1195.9,311477,72.85653309161718,1171.8142857142866,-9.22732329105473,1185.8234125475706,1154.6775,1123.5315874524294,62.29,7.0
189,1195.0,2020-04-17 15:25:00+05:30,1197.45,1186.95,1187.7,150619,75.4711646993887,1176.9285714285722,2.614631607771514,1192.7228059651738,1157.2525,1121.7821940348263,70.94,9.0
190,1215.55,2020-04-20 09:15:00+05:30,1220.0,1197.6,1220.0,753160,81.19732294844675,1184.828571428572,5.726158249058059,1204.2361178764706,1160.8049999999998,1117.373882123529,86.86,16.0
191,1206.35,2020-04-20 09:25:00+05:30,1224.45,1205.05,1215.3,395803,72.983050297398,1191.5142857142866,-8.21427265104876,1210.8510107610157,1164.1399999999999,1117.428989238984,93.42,7.0
192,1202.85,2020-04-20 09:35:00+05:30,1211.0,1201.2,1206.4,219015,70.07851156311665,1196.6357142857153,-2.9045387342813456,1215.6766253647309,1167.2124999999996,1118.7483746352684,96.93,4.0
193,1198.0,2020-04-20 09:45:00+05:30,1207.45,1189.25,1200.0,365264,66.14986891016258,1200.242857142858,-3.9286426529540677,1219.0528988508265,1169.8174999999997,1120.5821011491728,98.47,2.0
194,1201.7,2020-04-20 09:55:00+05:30,1203.3,1193.0,1198.75,143612,67.64028331011515,1201.0642857142866,1.49041439995257,1222.450140340779,1172.6124999999997,1122.7748596592205,99.68,1.0
195,1194.2,2020-04-20 10:05:00+05:30,1202.5,1191.9,1201.85,137694,61.709115305412325,1201.950000000001,-5.931168004702826,1224.1412246180303,1174.9924999999998,1125.8437753819694,98.3,-1.0
196,1192.0,2020-04-20 10:15:00+05:30,1196.1,1190.0,1194.75,137122,60.04584114098588,1201.5214285714296,-1.663274164426447,1224.8318047939295,1177.3899999999999,1129.9481952060703,94.88,-3.0
197,1198.35,2020-04-20 10:25:00+05:30,1202.7,1191.65,1192.0,158160,63.13450285167974,1199.0642857142868,3.088661710693863,1225.8928251675613,1180.0149999999999,1134.1371748324384,91.76,-3.0
198,1196.55,2020-04-20 10:35:00+05:30,1201.0,1195.3,1198.95,89315,61.6789473550406,1197.6642857142867,-1.4555554966391426,1225.8478347439775,1182.6149999999998,1139.382165256022,86.47,-5.0
199,1197.6,2020-04-20 10:45:00+05:30,1200.0,1195.1,1196.05,66281,62.22603394139192,1196.9142857142867,0.5470865863513197,1225.3251023404175,1185.1774999999998,1145.029897659582,80.3,-6.0
200,1201.2,2020-04-20 10:55:00+05:30,1205.95,1197.05,1197.9,178898,64.11750274117166,1197.3714285714298,1.8914687997797444,1224.855758735817,1187.7374999999997,1150.6192412641824,74.24,-6.0
201,1197.9,2020-04-20 11:05:00+05:30,1204.0,1196.15,1201.7,107885,61.09737528080315,1196.8285714285723,-3.0201274603685135,1223.45723975109,1189.9975,1156.53776024891,66.92,-7.0
202,1190.7,2020-04-20 11:15:00+05:30,1197.9,1190.7,1197.75,135532,55.009198805520384,1196.3285714285723,-6.088176475282765,1221.730949544821,1191.5724999999998,1161.4140504551785,60.32,-7.0
203,1184.55,2020-04-20 11:25:00+05:30,1192.95,1182.0,1191.7,286853,50.39029534018752,1195.2642857142866,-4.618903465332863,1219.379819330374,1192.7875,1166.1951806696259,53.18,-7.0
204,1188.7,2020-04-20 11:35:00+05:30,1191.0,1181.0,1182.75,193736,53.243316105447214,1193.8857142857153,2.853020765259693,1215.9048561495968,1194.245,1172.585143850403,43.32,-10.0
205,1192.75,2020-04-20 11:45:00+05:30,1193.0,1187.0,1188.4,103826,55.90825461000846,1193.342857142858,2.664938504561249,1213.0358914007113,1195.5324999999998,1178.0291085992883,35.01,-8.0
206,1188.5,2020-04-20 11:55:00+05:30,1192.7,1186.0,1192.7,84534,52.52504787533146,1192.042857142858,-3.383206734677003,1210.6342328875176,1196.32,1182.0057671124823,28.63,-6.0
207,1191.15,2020-04-20 12:05:00+05:30,1194.0,1187.6,1188.5,86015,54.37883803341499,1190.6071428571436,1.8537901580835339,1210.5801052627824,1196.08,1181.5798947372175,29.0,0.0
208,1188.85,2020-04-20 12:15:00+05:30,1191.15,1186.15,1191.15,85042,52.46403387546685,1189.3142857142866,-1.91480415794814,1210.5275603316366,1196.1225,1181.7174396683633,28.81,-0.0
209,1187.45,2020-04-20 12:25:00+05:30,1191.75,1186.25,1188.05,82681,51.28036446383203,1188.8500000000008,-1.183669411634824,1210.6605835145372,1195.745,1180.8294164854626,29.83,1.0
210,1187.25,2020-04-20 12:35:00+05:30,1190.9,1184.05,1187.1,118499,51.1029856841255,1189.2357142857152,-0.1773787797065296,1206.440343556349,1194.33,1182.2196564436508,24.22,-6.0
211,1187.1,2020-04-20 12:45:00+05:30,1189.0,1182.6,1186.8,142335,50.96061153639205,1189.007142857144,-0.1423741477334488,1204.4736990750614,1193.3674999999998,1182.2613009249383,22.21,-2.0
212,1190.65,2020-04-20 12:55:00+05:30,1193.85,1186.0,1187.1,106098,54.21192628155274,1188.7071428571437,3.251314745160691,1202.9754035340789,1192.7575000000002,1182.5395964659215,20.44,-2.0
213,1193.9,2020-04-20 13:05:00+05:30,1196.3,1187.1,1190.7,114667,57.021284327671395,1189.4785714285722,2.8093580461186534,1202.4881601242907,1192.5525000000002,1182.6168398757097,19.87,-1.0
214,1197.65,2020-04-20 13:15:00+05:30,1199.0,1190.55,1193.85,143206,60.065891739332955,1190.4071428571438,3.044607411661559,1201.6451034081701,1192.3500000000001,1183.0548965918301,18.59,-1.0
215,1195.0,2020-04-20 13:25:00+05:30,1197.65,1193.7,1197.5,75920,56.99332616798653,1191.2857142857151,-3.0725655713464235,1201.7254220720497,1192.39,1183.0545779279505,18.67,0.0
216,1193.15,2020-04-20 13:35:00+05:30,1195.0,1190.8,1194.75,93803,54.88266293881769,1192.1000000000006,-2.1106632291688427,1201.7869733876196,1192.4475000000002,1183.1080266123809,18.68,0.0
217,1190.7,2020-04-20 13:45:00+05:30,1195.45,1188.75,1193.15,93767,52.12934569964423,1192.5928571428578,-2.7533172391734553,1201.0046867954172,1192.0650000000003,1183.1253132045833,17.88,-1.0
218,1187.8,2020-04-20 13:55:00+05:30,1190.7,1185.65,1190.7,127208,48.996067888392346,1192.6928571428577,-3.1332778112518866,1200.4991861863812,1191.6275000000003,1182.7558138136194,17.74,-0.0
219,1185.8,2020-04-20 14:05:00+05:30,1188.8,1185.1,1187.95,108783,46.90230500376377,1192.0000000000005,-2.0937628846285747,1199.8056766093516,1191.0375000000004,1182.269323390649,17.54,-0.0
220,1189.75,2020-04-20 14:15:00+05:30,1195.2,1185.8,1185.8,283150,51.3262793304706,1191.4071428571435,4.423974326706826,1197.8207782514396,1190.4650000000004,1183.1092217485611,14.71,-3.0
221,1193.35,2020-04-20 14:25:00+05:30,1196.45,1189.8,1189.9,186808,55.00573973803096,1190.7928571428579,3.679460407560363,1196.871057035822,1190.2375000000002,1183.6039429641783,13.27,-1.0
222,1192.75,2020-04-20 14:35:00+05:30,1195.0,1190.0,1193.35,136701,54.26940032943888,1190.4714285714292,-0.7363394085920802,1197.066350382921,1190.3400000000001,1183.6136496170793,13.45,0.0
223,1175.1,2020-04-20 14:45:00+05:30,1193.7,1175.1,1193.2,261141,38.10838292536754,1187.892857142858,-16.161017404071337,1199.1487927298397,1189.8675,1180.5862072701605,18.56,5.0
224,1179.5,2020-04-20 14:55:00+05:30,1180.0,1172.45,1175.15,225462,42.6901753031541,1186.2928571428579,4.581792377786556,1199.7802007598195,1189.4075,1179.0347992401805,20.75,2.0
225,1177.45,2020-04-20 15:05:00+05:30,1181.85,1172.75,1179.0,235782,41.16127806991645,1184.8142857142866,-1.5288972332376503,1200.1697800005313,1188.6425000000002,1177.115219999469,23.05,2.0
226,1179.5,2020-04-20 15:15:00+05:30,1181.0,1175.9,1177.3,201422,43.34633642145461,1183.9142857142867,2.18505835153816,1200.4243512176467,1188.1925,1175.9606487823535,24.46,1.0
227,1177.8,2020-04-20 15:25:00+05:30,1180.7,1175.5,1179.35,69249,41.95490348691612,1182.2071428571437,-1.3914329345384857,1200.5110856709302,1187.525,1174.53891432907,25.97,2.0
228,1143.15,2020-04-21 09:15:00+05:30,1152.9,1140.05,1150.0,284211,24.612609512381894,1175.0357142857151,-17.34229397453423,1208.922074055687,1185.2400000000002,1161.5579259443134,47.36,21.0
229,1144.5,2020-04-21 09:25:00+05:30,1144.85,1138.4,1142.95,174156,25.89780764939775,1168.142857142858,1.285198137015854,1212.922267453265,1183.0925000000002,1153.2627325467354,59.66,12.0
230,1143.0,2020-04-21 09:35:00+05:30,1146.0,1141.0,1143.5,108084,25.380073950446103,1163.5571428571436,-0.5177336989516448,1215.5782238283482,1180.88,1146.181776171652,69.4,10.0
231,1137.45,2020-04-21 09:45:00+05:30,1143.2,1135.45,1143.2,159836,23.50751075252697,1157.5500000000009,-1.8725631979191348,1217.982351900696,1178.3975000000003,1138.8126480993046,79.17,10.0
232,1144.0,2020-04-21 09:55:00+05:30,1145.4,1136.6,1137.3,104799,30.065463757723577,1152.7714285714294,6.557953005196609,1218.0357053224404,1176.065,1134.0942946775597,83.94,5.0
233,1140.85,2020-04-21 10:05:00+05:30,1144.0,1140.05,1143.6,51740,28.78724961971389,1147.2500000000007,-1.2782141380096874,1217.2989788552889,1173.4125,1129.526021144711,87.77,4.0
234,1142.6,2020-04-21 10:15:00+05:30,1143.8,1139.15,1140.8,53731,30.553682378681913,1142.2214285714294,1.7664327589680227,1215.0483294287314,1170.6599999999999,1126.2716705712683,88.78,1.0
235,1141.05,2020-04-21 10:25:00+05:30,1143.0,1139.5,1142.6,52717,29.84748607208509,1141.9214285714295,-0.7061963065968229,1212.678738366885,1167.9624999999999,1123.2462616331147,89.43,1.0
236,1140.9,2020-04-21 10:35:00+05:30,1142.55,1138.05,1141.05,51105,29.775761329016518,1141.4071428571438,-0.07172474306857168,1209.9754352772502,1165.35,1120.7245647227496,89.25,-0.0
237,1146.0,2020-04-21 10:45:00+05:30,1146.5,1140.9,1140.9,93814,35.45496788638374,1141.835714285715,5.679206557367223,1206.8635289978245,1163.1149999999998,1119.366471002175,87.5,-2.0
238,1153.45,2020-04-21 10:55:00+05:30,1154.6,1144.45,1146.2,106000,42.73987021130339,1144.1214285714295,7.284902324919649,1203.7400936480265,1161.3974999999998,1119.0549063519732,84.69,-3.0
239,1146.9,2020-04-21 11:05:00+05:30,1153.45,1145.4,1153.1,71525,38.61348625130788,1144.5357142857154,-4.126383959995508,1200.633199043168,1159.4524999999999,1118.2718009568318,82.36,-2.0
240,1147.95,2020-04-21 11:15:00+05:30,1149.0,1144.0,1146.85,63204,39.61986897140917,1145.550000000001,1.0063827201012856,1196.2477410778686,1157.3625,1118.4772589221313,77.77,-5.0
241,1147.95,2020-04-21 11:25:00+05:30,1150.3,1146.0,1147.95,84353,39.61986897140917,1146.3142857142868,0.0,1190.2544752004883,1155.0925000000002,1119.930524799512,70.32,-7.0
242,1146.1,2020-04-21 11:35:00+05:30,1150.95,1142.8,1148.0,95741,38.335633555129014,1147.0357142857154,-1.2842354162801541,1183.2876337283508,1152.76,1122.2323662716492,61.06,-9.0
243,1145.7,2020-04-21 11:45:00+05:30,1150.0,1141.8,1146.1,460388,38.048461842308065,1147.7214285714297,-0.28717171282094967,1180.0695541459872,1151.2900000000002,1122.5104458540131,57.56,-4.0
244,1154.25,2020-04-21 11:55:00+05:30,1155.0,1145.85,1145.85,200855,47.1600166583804,1148.9000000000012,9.111554816072335,1175.6372324221973,1150.0275000000001,1124.417767577803,51.22,-6.0
245,1151.05,2020-04-21 12:05:00+05:30,1154.55,1149.55,1154.55,61375,44.520818005713004,1148.557142857144,-2.639198652667396,1170.8531013215809,1148.7075,1126.561898678419,44.29,-7.0
246,1149.8,2020-04-21 12:15:00+05:30,1152.0,1149.0,1151.05,51831,43.49681713062723,1148.9714285714297,-1.0240008750857754,1164.0087247722627,1147.2225,1130.4362752277375,33.57,-11.0
247,1138.85,2020-04-21 12:25:00+05:30,1150.0,1138.15,1149.75,182683,35.741511806424924,1147.67142857143,-7.755305324202304,1154.4252372704157,1145.275,1136.1247627295845,18.3,-15.0
248,1137.7,2020-04-21 12:35:00+05:30,1143.4,1137.7,1138.55,93938,35.035011920656544,1146.2071428571442,-0.7064998857683804,1154.7258563081057,1145.0025,1135.2791436918944,19.45,1.0
249,1131.55,2020-04-21 12:45:00+05:30,1142.95,1130.3,1137.7,193373,31.454212809613338,1144.1285714285727,-3.5807991110432056,1155.7928365639132,1144.355,1132.9171634360869,22.88,3.0
250,1129.0,2020-04-21 12:55:00+05:30,1133.8,1127.9,1131.55,149220,30.08135720136879,1141.7428571428584,-1.3728556082445493,1156.9970940516785,1143.655,1130.3129059483215,26.68,4.0
251,1136.4,2020-04-21 13:05:00+05:30,1138.7,1127.6,1129.5,108663,38.47369741274842,1139.1928571428584,8.392340211379633,1157.0552037000646,1143.6025,1130.1497962999354,26.91,0.0
252,1129.2,2020-04-21 13:15:00+05:30,1136.7,1129.0,1136.4,93263,34.17546421582384,1136.07142857143,-4.298233196924585,1157.7724357547288,1142.8625,1127.952564245271,29.82,3.0
253,1129.95,2020-04-21 13:25:00+05:30,1133.0,1127.85,1129.25,97411,34.990202849303046,1133.2357142857156,0.8147386334792088,1158.2957508429308,1142.3175,1126.3392491570694,31.96,2.0
254,1133.35,2020-04-21 13:35:00+05:30,1137.15,1129.95,1129.95,70125,38.69471286398004,1132.4500000000012,3.704510014676991,1158.326695020298,1141.855,1125.383304979702,32.94,1.0
255,1134.3,2020-04-21 13:45:00+05:30,1136.0,1130.0,1133.3,103692,39.7281775879481,1131.964285714287,1.0334647239680663,1158.3316943481857,1141.5175000000002,1124.7033056518146,33.63,1.0
256,1131.8,2020-04-21 13:55:00+05:30,1136.0,1130.5,1134.3,88580,37.916714410017285,1132.0000000000011,-1.8114631779308183,1158.4304340043238,1141.0625,1123.6945659956762,34.74,1.0
257,1131.75,2020-04-21 14:05:00+05:30,1134.8,1130.5,1131.8,77496,37.87951381023238,1132.3928571428582,-0.03720059978490298,1158.0314205192494,1140.35,1122.6685794807504,35.36,1.0
258,1137.4,2020-04-21 14:15:00+05:30,1142.0,1131.5,1131.7,163239,44.50525178138044,1132.5357142857154,6.625737971148055,1156.1494489978104,1139.5475000000001,1122.9455510021899,33.2,-2.0
259,1138.55,2020-04-21 14:25:00+05:30,1140.95,1135.2,1137.8,139421,45.77304579986858,1133.8714285714295,1.2677940184881393,1155.3694386732,1139.1299999999999,1122.8905613267998,32.48,-1.0
260,1135.0,2020-04-21 14:35:00+05:30,1138.7,1132.9,1138.55,214046,42.54209128350505,1134.592857142858,-3.230954516363525,1154.2675453877807,1138.4824999999998,1122.697454612219,31.57,-1.0
261,1130.5,2020-04-21 14:45:00+05:30,1134.75,1128.0,1134.6,154732,38.80308549806866,1134.185714285715,-3.7390057854363903,1153.1182864097866,1137.61,1122.1017135902132,31.02,-1.0
262,1129.0,2020-04-21 14:55:00+05:30,1132.5,1125.0,1130.25,151110,37.61628787963457,1133.428571428572,-1.1867976184340918,1152.1777412403878,1136.7549999999999,1121.332258759612,30.85,-0.0
263,1130.7,2020-04-21 15:05:00+05:30,1133.3,1126.8,1129.05,166961,39.86124068446142,1133.2714285714292,2.244952804826852,1151.050471429166,1136.0049999999999,1120.9595285708338,30.09,-1.0
264,1129.65,2020-04-21 15:15:00+05:30,1132.0,1129.0,1130.7,143663,38.92940606655933,1132.9714285714292,-0.9318346179020907,1147.3614379811029,1134.775,1122.1885620188973,25.17,-5.0
265,1129.5,2020-04-21 15:25:00+05:30,1130.55,1127.4,1129.8,60801,38.789899923775806,1131.8428571428578,-0.13950614278352447,1143.877122317445,1133.6975,1123.517877682555,20.36,-5.0
266,1119.7,2020-04-22 09:15:00+05:30,1127.05,1108.2,1127.05,420048,30.978980259600874,1129.1500000000008,-7.810919664174932,1141.1785286292557,1132.1925,1123.2064713707446,17.97,-2.0
267,1120.0,2020-04-22 09:25:00+05:30,1125.0,1114.0,1119.95,155050,31.43414776783898,1127.007142857144,0.45516750823810526,1141.19855186497,1131.2500000000002,1121.3014481350303,19.9,2.0
268,1116.0,2020-04-22 09:35:00+05:30,1120.85,1113.1,1120.0,89442,28.71506112545528,1124.9357142857152,-2.719086642383701,1141.7502946717395,1130.1650000000002,1118.5797053282608,23.17,3.0
269,1116.9,2020-04-22 09:45:00+05:30,1119.85,1114.5,1116.0,97351,30.178510379431074,1123.2071428571437,1.4634492539757957,1142.4171174172802,1129.4325000000003,1116.4478825827205,25.97,3.0
270,1121.0,2020-04-22 09:55:00+05:30,1122.15,1115.1,1117.4,87883,36.56730704148927,1121.8214285714296,6.388796662058198,1142.5549676586188,1129.0325000000003,1115.5100323413817,27.04,1.0
271,1119.35,2020-04-22 10:05:00+05:30,1121.0,1114.5,1121.0,105692,35.172488156691216,1120.3500000000008,-1.394818884798056,1141.895200940618,1128.18,1114.4647990593821,27.43,0.0
272,1121.1,2020-04-22 10:15:00+05:30,1124.0,1117.45,1119.45,144482,37.87895302986214,1119.150000000001,2.7064648731709227,1141.8373611104046,1127.775,1113.7126388895956,28.12,1.0
273,1139.3,2020-04-22 10:25:00+05:30,1139.7,1120.05,1121.45,345089,57.67125960443041,1121.950000000001,19.792306574568272,1143.2023506536116,1128.2424999999998,1113.282649346388,29.92,2.0
274,1143.15,2020-04-22 10:35:00+05:30,1149.9,1136.6,1138.2,327181,60.53567713621823,1125.257142857144,2.864417531787822,1144.983047359185,1128.7325,1112.481952640815,32.5,3.0
275,1135.65,2020-04-22 10:45:00+05:30,1145.35,1135.6,1143.15,137206,53.010024018707995,1128.0642857142866,-7.525653117510238,1145.1587735996209,1128.8000000000002,1112.4412264003795,32.72,0.0
276,1140.4,2020-04-22 10:55:00+05:30,1143.8,1135.0,1135.65,120937,56.68292284910092,1131.4214285714295,3.672898830392924,1146.354970994965,1129.2300000000002,1112.1050290050355,34.25,2.0
277,1142.3,2020-04-22 11:05:00+05:30,1143.9,1137.4,1140.4,102235,58.0939178579482,1134.4642857142865,1.41099500884728,1147.8328765338806,1129.7575000000002,1111.6821234661197,36.15,2.0
278,1139.2,2020-04-22 11:15:00+05:30,1144.75,1137.65,1142.3,109895,54.94893427377963,1137.3000000000009,-3.144983584168571,1148.100155899016,1129.8475000000003,1111.5948441009846,36.51,0.0
279,1133.1,2020-04-22 11:25:00+05:30,1140.0,1132.55,1138.45,76857,49.29391776188734,1139.0142857142866,-5.655016511892285,1147.439210030098,1129.5750000000003,1111.7107899699026,35.73,-1.0
280,1139.9,2020-04-22 11:35:00+05:30,1141.05,1131.0,1133.1,87292,54.86970892490493,1139.1000000000008,5.575791163017584,1148.126409576386,1129.8200000000002,1111.5135904236142,36.61,1.0
281,1139.8,2020-04-22 11:45:00+05:30,1141.0,1137.15,1139.9,105174,54.77431972502894,1138.6214285714293,-0.0953891998759886,1149.1287089878963,1130.2850000000003,1111.4412910121043,37.69,1.0
282,1140.0,2020-04-22 11:55:00+05:30,1140.0,1137.0,1139.65,113410,54.94303064951203,1139.242857142858,0.16871092448309355,1150.1568474653218,1130.8350000000003,1111.5131525346787,38.64,1.0
283,1151.0,2020-04-22 12:05:00+05:30,1160.8,1139.35,1139.9,460361,63.09697029837849,1140.757142857144,8.153939648866455,1153.171301431581,1131.8500000000001,1110.5286985684193,42.64,4.0
284,1154.15,2020-04-22 12:15:00+05:30,1166.6,1150.45,1151.0,354213,65.04764355024867,1142.450000000001,1.9506732518701781,1156.5686833615816,1133.0750000000003,1109.581316638419,46.99,4.0
285,1158.6,2020-04-22 12:25:00+05:30,1162.5,1154.15,1154.3,188944,67.64924667106388,1145.2214285714294,2.601603120815213,1160.5590606822363,1134.5300000000002,1108.500939317764,52.06,5.0
286,1156.5,2020-04-22 12:35:00+05:30,1159.7,1154.2,1159.0,146145,65.18351218955382,1148.5642857142866,-2.4657344815100544,1163.1762129483288,1136.3700000000001,1109.5637870516714,53.61,2.0
287,1156.5,2020-04-22 12:45:00+05:30,1157.4,1153.15,1156.5,117591,65.18351218955382,1150.9357142857152,0.0,1165.2771343324268,1138.1950000000002,1111.1128656675735,54.16,1.0
288,1157.85,2020-04-22 12:55:00+05:30,1163.0,1156.0,1156.5,152005,66.10461427329028,1153.5142857142866,0.9211020837364572,1166.6053121591015,1140.2875,1113.9696878408984,52.64,-2.0
289,1147.0,2020-04-22 13:05:00+05:30,1158.0,1147.0,1158.0,225119,53.78805734658817,1154.5142857142866,-12.316556926702113,1165.8221368546863,1141.7925,1117.7628631453138,48.06,-5.0
290,1149.7,2020-04-22 13:15:00+05:30,1151.8,1144.4,1147.55,190369,55.98576254054314,1154.3285714285723,2.197705193954974,1165.3837745063267,1143.2275,1121.0712254936732,44.31,-4.0
291,1140.4,2020-04-22 13:25:00+05:30,1150.8,1137.0,1150.0,259768,47.59041681864077,1152.3642857142866,-8.395345721902373,1163.4604835019388,1144.2800000000002,1125.0995164980616,38.36,-6.0
292,1139.75,2020-04-22 13:35:00+05:30,1143.95,1136.5,1140.3,163783,47.05926192112239,1149.6714285714295,-0.5311548975183769,1161.1947228544143,1145.2125,1129.230277145586,31.96,-6.0
293,1141.55,2020-04-22 13:45:00+05:30,1145.6,1138.9,1140.0,161652,48.76461959023524,1147.5357142857151,1.7053576691128498,1161.1630122357162,1145.3250000000003,1129.4869877642843,31.68,-0.0
294,1142.5,2020-04-22 13:55:00+05:30,1146.95,1141.25,1141.5,158958,49.685814890485,1145.5357142857151,0.9211953002497566,1161.15195758015,1145.2925,1129.43304241985,31.72,0.0
295,1145.45,2020-04-22 14:05:00+05:30,1148.1,1141.6,1142.5,176898,52.53944485363263,1143.7642857142866,2.8536299631476325,1160.9792889613757,1145.7825,1130.5857110386244,30.39,-1.0
296,1152.9,2020-04-22 14:15:00+05:30,1153.5,1145.0,1145.15,204352,58.88192261225425,1144.6071428571436,6.342477758621619,1161.700094527031,1146.4075,1131.114905472969,30.59,0.0
297,1155.0,2020-04-22 14:25:00+05:30,1159.0,1149.1,1152.5,182431,60.48493381738464,1145.3642857142866,1.603011205130393,1162.6680282015911,1147.0425,1131.416971798409,31.25,1.0
298,1159.7,2020-04-22 14:35:00+05:30,1160.0,1153.0,1155.05,195959,63.87904617561367,1148.1214285714293,3.394112358229023,1164.2079452752707,1148.0675,1131.9270547247295,32.28,1.0
299,1156.5,2020-04-22 14:45:00+05:30,1164.5,1155.25,1159.95,189872,60.09432601291784,1150.5142857142866,-3.7847201626958267,1164.1558347102193,1149.2375000000002,1134.319165289781,29.84,-2.0
300,1146.8,2020-04-22 14:55:00+05:30,1159.9,1144.85,1156.1,222654,50.355084801767624,1151.2642857142864,-9.739241211150215,1163.8986033731003,1149.5825,1135.2663966268997,28.63,-1.0
301,1152.9,2020-04-22 15:05:00+05:30,1154.0,1146.0,1146.8,222521,55.26508035794338,1152.7500000000007,4.909995556175758,1163.8505307155679,1150.2375000000002,1136.6244692844325,27.23,-1.0
302,1153.55,2020-04-22 15:15:00+05:30,1155.45,1152.0,1152.9,224296,55.767099125295644,1153.9071428571435,0.5020187673522614,1163.7066954968473,1150.9150000000002,1138.1233045031531,25.58,-2.0
303,1160.4,2020-04-22 15:25:00+05:30,1161.8,1153.1,1153.75,134073,60.7641957674582,1154.9785714285722,4.997096642162553,1164.862236168321,1151.3850000000002,1137.9077638316794,26.95,1.0
304,1175.45,2020-04-23 09:15:00+05:30,1176.0,1158.15,1172.0,509565,69.03990499454305,1157.900000000001,8.275709227084853,1169.688665231022,1152.4500000000003,1135.2113347689785,34.48,8.0
305,1179.2,2020-04-23 09:25:00+05:30,1182.8,1172.4,1176.7,304025,70.69832512396405,1160.6857142857154,1.6584201294210033,1174.3459228610193,1153.4800000000002,1132.6140771389812,41.73,7.0
306,1176.2,2020-04-23 09:35:00+05:30,1181.4,1176.05,1179.05,209837,67.57956249232055,1163.5000000000011,-3.1187626316435058,1177.6610091848831,1154.4650000000004,1131.2689908151176,46.39,5.0
307,1179.25,2020-04-23 09:45:00+05:30,1180.95,1173.3,1176.2,153191,69.07328608860223,1168.1357142857153,1.4937235962816828,1181.3135968260779,1155.6025000000004,1129.891403173923,51.42,5.0
308,1194.9,2020-04-23 09:55:00+05:30,1194.9,1177.8,1179.45,415907,75.34925294697,1174.1357142857155,6.275966858367767,1188.610448961618,1157.4550000000004,1126.2995510383828,62.31,11.0
309,1195.55,2020-04-23 10:05:00+05:30,1196.0,1189.5,1194.5,263968,75.57098906837729,1180.1357142857155,0.2217361214072895,1194.9304712604555,1159.8825000000004,1124.8345287395452,70.1,8.0
310,1202.7,2020-04-23 10:15:00+05:30,1205.0,1193.05,1195.8,364278,77.92341336236132,1186.1785714285727,2.352424293984029,1202.0664065000915,1162.5325000000005,1122.9985934999095,79.07,9.0
311,1202.45,2020-04-23 10:25:00+05:30,1204.9,1197.0,1203.25,241936,77.64188348933847,1190.0357142857156,-0.2815298730228477,1207.5244924646684,1165.6350000000004,1123.7455075353325,83.78,5.0
312,1201.55,2020-04-23 10:35:00+05:30,1204.65,1200.55,1202.45,143528,76.56937971470451,1193.2285714285724,-1.072503774633958,1211.6787266320296,1168.7250000000004,1125.7712733679712,85.91,2.0
313,1209.7,2020-04-23 10:45:00+05:30,1209.85,1201.6,1202.15,238380,79.351021049713,1198.0142857142869,2.781641335008487,1216.7881565050272,1172.1325000000004,1127.4768434949735,89.31,3.0
314,1208.2,2020-04-23 10:55:00+05:30,1210.0,1203.9,1208.85,202137,77.52675865447145,1202.1500000000012,-1.824262395241547,1220.5583587820308,1175.4175000000005,1130.27664121797,90.28,1.0
315,1204.95,2020-04-23 11:05:00+05:30,1208.9,1202.1,1208.5,201803,73.57973446568938,1203.5857142857155,-3.9470241887820663,1223.0577257884945,1178.3925000000004,1133.7272742115063,89.33,-1.0
316,1209.3,2020-04-23 11:15:00+05:30,1209.5,1198.35,1205.0,270319,75.38603619660772,1205.5500000000013,1.8063017309183351,1226.2213280814283,1181.2125000000003,1136.2036719185724,90.02,1.0
317,1209.35,2020-04-23 11:25:00+05:30,1211.6,1206.3,1208.95,183523,75.40684910272554,1206.5000000000014,0.02081290611782549,1228.837980770043,1183.9300000000003,1139.0220192299576,89.82,-0.0
318,1212.0,2020-04-23 11:35:00+05:30,1212.25,1208.5,1209.1,173120,76.53913411185091,1207.864285714287,1.1322850091253684,1231.6029030978966,1186.5450000000003,1141.487096902104,90.12,0.0
319,1214.2,2020-04-23 11:45:00+05:30,1215.0,1210.05,1212.0,191787,77.46666533933582,1209.67142857143,0.9275312274849057,1233.7711463897635,1189.4300000000003,1145.088853610237,88.68,-1.0
320,1212.85,2020-04-23 11:55:00+05:30,1214.6,1211.1,1214.4,139970,75.49426868742611,1210.12142857143,-1.9723966519097047,1233.3907713149047,1192.7325000000003,1152.074228685096,81.32,-7.0
321,1213.4,2020-04-23 12:05:00+05:30,1213.95,1208.65,1212.85,151798,75.76499848015291,1210.864285714287,0.2707297927267973,1232.7772852506014,1195.7575000000002,1158.737714749399,74.04,-7.0
322,1215.8,2020-04-23 12:15:00+05:30,1217.75,1212.95,1213.4,177404,76.96108773735773,1212.4142857142867,1.196089257204818,1231.1065663575857,1198.8700000000003,1166.633433642415,64.47,-10.0
323,1222.75,2020-04-23 12:25:00+05:30,1223.8,1215.6,1215.6,266524,80.0341207449355,1214.3357142857153,3.073033007577777,1230.3910556521532,1201.9875000000002,1173.5839443478471,56.81,-8.0
324,1228.3,2020-04-23 12:35:00+05:30,1229.8,1221.0,1222.75,278892,82.08870986892083,1217.042857142858,2.0545891239853233,1232.46625806675,1204.63,1176.7937419332502,55.67,-1.0
325,1227.75,2020-04-23 12:45:00+05:30,1228.55,1226.05,1228.1,196508,81.19698508344689,1219.292857142858,-0.8917247854739401,1234.0099586321294,1207.0575000000001,1180.1050413678709,53.9,-2.0
326,1236.6,2020-04-23 12:55:00+05:30,1237.3,1227.0,1227.05,359047,84.17574756268175,1222.492857142858,2.9787624792348595,1235.9871908308119,1210.0774999999999,1184.1678091691879,51.82,-2.0
327,1234.4,2020-04-23 13:05:00+05:30,1236.95,1223.3,1236.6,443411,80.7510618679431,1225.5714285714294,-3.424685694738656,1236.5788324402006,1212.835,1189.0911675597995,47.49,-4.0
328,1230.65,2020-04-23 13:15:00+05:30,1235.0,1226.15,1233.7,271235,75.1393610906571,1228.0357142857151,-5.611700777285989,1238.0620633828776,1214.6225,1191.1829366171223,46.88,-1.0
329,1229.0,2020-04-23 13:25:00+05:30,1233.75,1227.5,1230.2,193787,72.74394761132358,1229.9214285714295,-2.395413479333527,1238.7576918760155,1216.295,1193.8323081239846,44.93,-2.0
330,1228.75,2020-04-23 13:35:00+05:30,1229.9,1226.5,1228.3,202917,72.36750624054243,1230.7785714285724,-0.37644137078115136,1239.7600211134995,1217.5975,1195.4349788865006,44.33,-1.0
331,1241.05,2020-04-23 13:45:00+05:30,1242.0,1227.9,1228.75,406510,78.3136642351241,1232.6000000000008,5.946157994581668,1242.8294871526923,1219.5275,1196.2255128473075,46.6,2.0
332,1235.85,2020-04-23 13:55:00+05:30,1246.0,1234.25,1241.95,379126,71.32577842292014,1233.757142857144,-6.987885812203956,1244.0163371359736,1221.2424999999998,1198.468662864026,45.55,-1.0
333,1235.05,2020-04-23 14:05:00+05:30,1241.75,1233.4,1235.85,196847,70.28668960593325,1233.5357142857151,-1.0390888169868902,1245.4004162892654,1222.5099999999998,1199.619583710734,45.78,0.0
